0
32
86
95
98
108
111
117
118
127
170
171
174
173
176
177
178
184
179
180
181
183
182
185
186
187
188
189
190
191
192
193
194
196
206
207
208
209
216
217
238
240
241
239
640
641
642
643
644
645
646
647
648
649
650
651
652
655
656
660
662
666
667
668
669
670
671
672
673
674
675
676
677
678
679
680
681
682
683
684
687
688
692
694
698
1
2
3
4
5
6
7
9
10
12
13
20
25
28
33
34
35
36
37
38
39
41
42
44
45
52
57
60
66
76
79
85
87
90
93
9
10
12
41
42
44
119
122
125
128
129
131
133
134
137
138
139
140
143
142
145
141
66
76
79
85
147
148
149
150
151
152
153
154
155
156
157
158
159
160
161
163
165
166
169
172
175
195
653
663
664
685
695
696
146
653
663
664
665
685
695
696
697
665
697
73
105
699
701
702
704
708
710
714
715
717
720
728
729
732
736
740
742
746
747
749
760
761
764
769
772
779
780
781
786
787
788
789
790
791
792
793
795
796
797
798
799
801
804
811
812
813
818
819
820
821
822
823
824
825
827
828
829
830
831
832
833
834
837
838
839
840
842
851
852
853
854
855
857
859
861
862
864
865
866
869
870
871
872
531
578
458
459
835
836
841
563
867
868
873
455
534
566
251
260
270
271
272
287
292
302
303
450
451
532
564
724
752
756
11
43
810
242
269
286
301
130
162
778
577
794
826
843
844
845
846
847
848
849
856
860
863
533
24
26
48
51
53
54
56
58
16
17
19
22
23
49
55
72
74
78
80
81
82
83
84
88
89
104
106
110
112
113
114
115
116
120
121
700
709
713
719
716
707
741
745
782
739
814
850
16
19
21
22
244
252
265
268
299
300
297
718
267
565
211
214
212
215
243
245
213
250
253
246
248
247
249
254
255
256
257
258
259
261
262
263
264
266
273
274
275
276
278
277
279
282
285
293
291
288
289
290
294
296
295
298
449
469
470
526
529
527
530
535
475
474
558
559
561
562
567
576
705
725
721
726
730
731
751
737
757
753
758
763
762
774
783
806
815
579
580
599
611
612
631
657
661
689
693
210
448
453
454
528
560
703
591
610
312
305
319
316
320
323
318
322
224
327
321
325
329
331
225
336
220
343
344
346
347
348
352
351
226
354
345
353
359
361
355
363
357
368
375
377
379
376
378
380
383
388
390
391
400
398
401
404
403
317
330
406
410
412
326
413
228
334
332
423
422
367
366
349
427
360
428
364
337
433
335
432
328
435
436
442
430
393
438
358
369
362
444
445
340
399
372
386
381
402
394
389
405
397
407
421
408
409
414
411
426
227
440
425
434
418
441
437
443
429
446
431
439
280
284
304
308
307
309
306
310
311
314
333
365
384
385
387
8
392
14
40
415
416
417
46
419
420
31
27
424
18
47
59
30
50
15
62
64
61
63
77
447
92
29
67
65
96
100
71
97
70
107
136
94
91
637
124
590
639
68
75
632
126
109
164
99
103
102
69
167
101
132
135
635
621
619
654
616
659
638
123
613
658
583
620
622
624
618
168
686
633
625
691
615
623
634
582
581
585
596
584
587
626
586
617
594
606
627
601
592
609
630
588
603
595
593
629
597
607
614
589
598
600
608
604
628
690
605
602
491
476
502
506
507
508
481
483
755
482
754
743
711
771
784
807
775
722
803
480
816
490
484
485
472
487
490
504
503
485
484
452
501
486
487
723
471
471
472
503
504
513
514
537
545
546
452
569
486
501
486
515
513
516
547
548
545
468
500
456
457
460
462
463
464
465
466
467
468
473
478
479
488
489
492
494
495
496
497
498
499
500
505
510
511
515
516
518
521
522
523
524
525
538
539
540
541
542
543
547
548
550
553
554
555
556
202
557
198
199
204
205
203
218
221
219
231
223
222
570
230
234
236
237
235
727
733
735
748
765
759
767
571
572
573
574
575
350
382
144
144
144
144
144
144
144
144
