480
481
483
451
462
464
465
468
471
473
474
477
480
481
482
483
451
462
464
465
468
471
473
474
477
480
481
482
483
451
462
464
465
468
471
473
474
477
482
451
462
464
465
468
471
473
474
477
482
1
2
3
11
13
16
17
20
21
22
23
24
27
33
34
35
43
45
48
49
52
53
54
55
56
59
65
66
67
71
74
77
79
80
141
142
143
145
146
149
150
159
160
161
162
165
166
167
168
172
173
174
175
177
178
181
182
191
196
197
202
203
205
206
208
210
216
219
222
228
229
232
234
235
236
237
238
239
240
242
248
251
254
268
269
270
272
273
274
281
282
284
285
300
301
302
304
305
306
313
314
316
317
318
320
321
322
324
325
326
329
330
332
333
335
339
340
341
343
345
347
348
349
351
352
353
354
356
357
358
361
362
364
365
371
372
373
375
377
379
380
381
383
384
385
386
388
389
390
391
392
395
399
400
411
414
416
417
418
420
421
422
423
424
427
431
432
434
435
450
452
453
454
455
456
457
458
459
460
461
463
466
467
469
470
472
475
476
478
479
484
485
486
487
488
489
490
491
492
493
494
495
496
497
498
500
501
502
503
504
505
506
507
508
509
510
511
512
513
514
515
516
517
518
519
520
521
522
523
524
525
526
527
528
529
530
531
532
533
534
535
536
537
538
539
540
541
542
543
544
545
546
547
548
549
550
551
552
553
554
555
556
557
558
559
560
561
562
563
564
565
566
567
568
569
570
571
572
573
574
575
576
577
578
579
581
582
583
598
599
600
601
602
603
605
606
607
608
614
200
204
207
266
298
319
367
4
5
7
36
37
39
44
46
47
64
192
193
199
209
212
213
214
215
217
218
223
224
225
231
241
244
245
247
249
250
253
255
256
257
258
265
267
271
275
276
277
278
279
280
283
297
299
303
307
308
309
310
311
312
315
323
327
328
334
336
337
338
355
359
360
366
368
369
370
266
298
319
0
6
10
26
28
29
32
38
42
58
60
61
194
195
221
198
211
221
227
230
243
331
342
344
346
350
363
374
376
378
382
387
419
604
30
31
62
63
201
233
499
50
51
57
68
69
70
72
73
75
78
82
92
93
94
96
97
98
99
100
101
102
103
104
105
106
107
109
110
111
112
113
114
124
125
126
127
128
129
130
131
132
133
134
135
136
137
138
139
140
152
163
164
169
170
171
184
81
286
95
14
12
15
19
18
25
76
83
85
86
88
89
117
118
90
108
91
115
120
121
122
123
144
147
148
151
153
154
155
156
157
158
176
179
180
185
187
246
183
188
186
189
226
190
288
289
290
402
403
393
397
396
398
401
394
404
407
412
408
409
426
413
415
428
410
425
429
430
436
433
439
441
440
442
443
444
445
447
446
448
449
609
610
611
613
287
95
287
287
