1179
1180
1183
1184
1185
1189
1191
1192
1193
1194
1195
1196
1197
1211
1212
1215
1216
1229
1230
1231
1232
1235
1236
1237
1179
1180
1183
1184
1185
1189
1191
1192
1193
1194
1195
1196
1197
1211
1212
1215
1216
1229
1230
1231
1232
1235
1236
1237
1219
1222
1187
1190
1219
1222
1187
1190
1187
1190
1219
1222
1187
1190
1219
1222
1187
1190
1210
1186
1234
1201
1223
1182
1224
1205
1206
1226
1218
1199
1200
1217
1203
1227
1188
1181
1203
1199
1200
1228
1233
1198
1202
1221
1226
1220
1213
1207
1227
1181
1200
1218
1221
1214
1199
1225
1208
1233
1228
1204
