400
401
717
853
854
855
856
857
858
867
866
881
882
883
884
885
886
887
888
889
890
891
894
898
899
900
901
903
904
905
907
908
909
910
911
913
915
914
916
912
917
918
921
922
923
924
925
927
930
931
932
933
935
936
937
939
940
941
943
944
946
947
948
949
950
953
954
955
956
957
959
961
965
968
976
977
978
983
984
986
987
989
993
979
997
1000
985
1009
1010
1008
1015
1016
1017
1018
1019
1021
1011
975
1039
1041
1048
1051
1055
1054
1116
1114
1115
1118
1119
1122
1123
1124
1126
1128
1129
1130
1131
1132
1133
1134
1007
1140
1143
399
653
1146
1147
1148
1150
655
685
687
1151
1152
1182
1183
1184
1189
1190
1191
1194
1195
1196
1197
1204
1205
1206
1207
1208
1209
1210
1211
1212
1214
1215
1216
799
1217
1218
1220
1226
1231
1236
1237
1238
1239
1243
1244
1245
1241
1247
1248
1249
1250
1252
1297
1298
840
843
845
847
848
849
850
851
852
872
875
877
1307
1308
1309
879
880
897
902
1329
1330
1339
1340
1341
1351
1352
1353
929
934
960
667
668
669
670
671
699
700
701
702
703
704
705
708
709
966
710
711
713
714
718
992
998
1193
1198
1200
1201
1202
1305
1337
951
1153
1185
654
658
712
919
926
945
958
990
991
1156
1188
1199
1223
1225
1227
1154
1155
1186
1187
1228
1229
1230
1232
1233
1255
1257
1258
1259
1260
1261
1262
1263
1264
1265
1266
1267
1269
1270
1271
1281
1282
1283
1285
1287
1288
1289
1291
1292
1293
1294
1296
1299
1303
1313
1314
1315
1317
1319
1320
1321
1323
1324
1325
1326
1328
1331
1335
1344
1345
1346
1347
1348
1349
919
990
892
4
29
32
35
36
61
64
67
69
76
77
78
79
80
81
82
83
84
85
86
87
88
89
90
91
92
93
96
99
101
108
109
110
111
112
113
114
115
116
117
118
119
120
121
122
123
124
125
132
133
134
137
138
139
140
143
144
164
165
166
169
170
171
172
175
176
177
180
183
185
201
203
204
205
207
208
209
210
211
216
219
233
235
236
237
239
240
241
242
243
248
251
258
281
282
287
290
314
319
341
342
345
346
373
374
378
395
1172
1173
1174
1175
1176
1177
1178
1179
1180
3
1022
1035
1037
1038
1044
1049
1052
1053
1058
1059
1066
1067
1069
1070
1071
1073
1076
1080
1081
1083
1084
1085
1086
1089
1087
1088
1090
1110
1111
1121
1120
1127
1142
1026
1027
1034
6
7
8
9
10
11
12
15
16
25
38
39
40
41
42
43
44
47
48
57
71
72
73
75
100
102
103
104
105
107
145
146
147
148
149
150
151
152
153
154
155
156
157
158
159
178
179
181
182
184
186
187
188
189
190
191
197
198
199
202
206
213
214
215
217
229
230
231
234
238
245
246
247
249
256
259
266
270
272
273
277
278
280
283
288
291
298
301
302
304
305
309
310
312
313
315
324
356
988
1161
1165
1167
1168
1169
1170
1171
68
70
269
1350
1234
1235
1275
1276
1277
1279
402
403
407
408
409
410
411
412
413
414
404
416
417
420
421
422
424
426
427
428
429
430
432
433
434
435
431
436
439
440
441
442
443
444
445
446
450
453
454
456
457
458
459
482
485
486
488
489
490
491
512
513
515
516
517
518
520
521
522
523
524
525
527
528
529
530
532
533
534
535
539
540
541
544
545
547
548
549
550
551
552
553
554
555
556
557
559
560
561
562
564
565
566
567
571
572
573
576
577
578
581
584
585
586
587
588
589
590
593
594
595
596
600
601
602
603
604
605
606
607
608
609
610
613
616
617
618
620
619
621
622
625
626
627
628
632
633
636
637
638
639
640
643
644
645
646
647
648
649
650
651
652
672
675
676
677
678
679
680
681
682
683
684
719
720
721
722
723
724
725
726
729
735
749
751
752
753
754
755
756
757
758
761
767
774
775
776
777
780
781
798
806
807
808
809
812
813
827
837
838
839
841
846
868
869
870
871
873
878
895
896
906
920
928
938
952
962
963
964
967
969
970
971
972
686
690
973
974
980
981
982
994
995
996
999
1001
1002
1003
1004
1005
1006
1012
1013
1014
1300
1322
1327
1332
1268
1273
2
5
17
27
28
34
37
59
60
94
95
126
127
135
136
141
142
167
168
173
174
192
193
194
195
196
200
212
218
220
221
222
224
225
226
227
228
232
244
250
252
253
254
347
379
396
397
398
1162
1163
1164
1181
1203
1213
0
1
24
26
33
56
58
74
106
0
1040
1042
1045
1046
1047
1028
1029
1030
1031
1033
1036
1117
1149
262
294
1060
1061
1062
1063
1065
1068
1072
1074
1077
1078
1079
1125
1354
1112
1113
1138
1144
1145
1023
1166
66
98
223
255
257
261
260
263
267
268
275
274
271
276
279
284
285
292
289
293
299
295
300
303
306
307
308
311
316
317
320
325
326
328
330
335
327
344
352
357
358
362
360
359
367
323
355
376
377
386
389
750
800
1290
1295
1020
1284
1316
1025
531
563
583
742
744
745
746
1024
1312
1246
500
732
582
1240
942
694
715
825
499
452
471
448
466
463
470
505
481
504
483
510
511
591
747
737
802
391
392
393
394
656
657
659
660
661
662
663
664
665
666
673
674
688
689
691
692
693
695
696
697
698
706
707
716
783
784
785
786
787
788
789
790
791
792
793
794
795
796
797
801
803
804
805
810
811
814
815
816
817
818
819
820
821
822
823
824
826
842
844
874
1254
128
160
130
129
162
163
161
131
354
382
385
388
384
390
322
733
728
727
734
759
773
764
731
741
766
763
772
760
765
1032
1221
1136
475
876
1272
1050
52
495
743
779
1064
46
340
415
371
21
474
264
460
472
1141
365
19
20
22
23
30
31
51
53
54
55
62
63
65
97
321
329
331
332
333
334
336
337
338
339
343
348
349
350
351
353
361
363
364
366
368
369
370
372
375
380
381
383
387
418
419
423
425
1043
1057
1056
1075
1082
1101
1091
1103
1104
1105
1106
1107
1109
1108
1139
1135
1137
1092
1093
1094
1096
1095
1097
1098
1099
1100
1102
1278
1280
370
372
375
380
381
383
387
1278
1280
506
597
438
514
893
771
730
1242
265
13
1318
1251
1219
1333
1336
45
1286
296
1334
1310
1160
1192
1192
18
575
455
451
484
487
543
526
542
546
558
451
574
455
484
487
526
542
543
546
558
574
519
1306
286
318
1222
1224
1301
1302
1304
1311
1338
1222
1224
1301
1302
1304
1311
1338
1222
1224
1301
1302
1304
1311
1338
14
50
286
297
318
405
406
437
447
449
461
462
464
465
467
468
469
473
476
477
478
479
480
492
493
494
496
497
498
501
502
503
507
508
509
536
537
538
568
569
