9
10
13
15
16
17
19
22
23
30
31
35
36
37
38
39
40
41
42
43
44
45
47
48
49
51
52
54
55
25
34
57
63
62
0
1
33
32
26
29
65
66
67
69
70
71
74
79
81
82
83
85
86
87
92
84
89
90
93
88
95
91
94
14
58
97
98
99
101
102
103
106
111
113
114
115
117
118
116
119
121
124
123
120
46
122
61
125
126
127
129
130
133
135
138
131
132
136
137
139
143
145
141
142
146
147
148
149
150
151
152
153
158
156
68
161
162
165
167
163
164
170
168
169
171
173
175
174
177
179
178
76
181
180
182
183
73
184
185
77
188
154
128
190
194
155
157
100
195
197
198
159
108
203
134
140
105
204
205
206
109
207
208
209
144
210
214
216
217
218
220
221
222
223
226
166
160
227
229
230
187
189
186
191
172
192
193
235
236
237
238
239
240
241
242
176
196
246
248
249
199
250
200
252
253
254
202
201
80
211
212
255
257
213
215
266
224
225
267
269
270
273
274
228
232
233
231
234
112
279
280
281
282
245
244
283
284
285
286
247
243
219
289
287
298
299
260
301
302
261
262
263
265
264
277
268
276
272
271
305
306
251
311
312
313
314
315
316
317
318
278
321
319
323
324
325
326
327
328
329
330
331
332
333
334
335
336
337
339
340
341
342
343
344
345
346
292
294
296
293
275
300
353
295
297
308
303
355
356
357
358
359
360
361
362
363
364
365
366
367
309
304
368
369
371
372
373
374
375
310
376
377
378
75
107
307
389
396
397
402
404
408
413
391
387
421
338
388
2
395
386
393
385
429
434
399
401
436
423
390
400
440
407
370
445
384
447
394
418
406
449
422
415
450
451
452
453
454
433
455
419
417
420
392
456
459
460
457
458
410
425
409
464
431
442
416
467
468
438
414
405
427
469
472
446
412
439
432
443
426
424
411
461
482
483
484
481
448
485
486
487
444
488
489
437
441
491
492
496
490
499
500
501
504
470
512
520
522
524
525
526
527
493
528
523
462
529
530
531
532
466
533
534
463
535
536
537
465
538
539
540
541
542
502
480
543
544
514
515
516
513
552
554
555
517
556
557
558
559
560
561
562
563
564
565
567
495
568
566
569
494
570
546
571
572
573
574
545
497
519
575
576
518
577
578
581
548
579
580
582
583
584
590
586
589
587
588
549
498
594
591
592
593
547
597
603
604
608
605
609
610
613
614
611
612
615
616
618
551
619
620
550
622
623
624
625
621
626
629
635
636
637
647
648
650
585
660
3
668
652
670
669
665
671
655
682
679
680
617
692
643
640
697
644
653
646
695
700
649
702
701
661
684
703
657
641
706
705
707
645
651
709
714
715
642
687
718
656
719
720
666
721
654
674
659
658
725
667
726
727
728
729
662
676
678
664
685
737
673
739
681
741
672
738
746
691
747
698
750
751
752
753
696
686
693
688
757
758
690
675
759
760
761
689
694
768
769
770
677
772
771
713
773
710
704
699
683
776
780
708
730
711
735
712
791
736
792
733
743
795
794
731
797
798
799
800
801
802
803
804
805
764
734
740
808
783
744
812
766
823
745
6
826
827
784
829
763
774
830
779
781
813
831
790
732
762
742
839
765
815
843
844
842
845
767
849
796
852
811
822
806
856
4
5
7
8
11
12
20
859
828
838
816
871
875
876
877
874
881
884
888
891
841
896
847
846
905
906
855
907
908
910
911
909
912
870
848
917
918
913
860
920
921
923
840
850
924
925
862
926
927
928
853
861
857
937
854
938
939
940
880
873
863
851
941
942
943
944
879
945
889
882
885
892
949
950
256
258
259
952
953
886
872
955
883
902
887
904
878
899
898
956
957
958
894
914
895
893
897
959
288
290
291
960
961
916
903
969
915
919
322
977
968
930
929
922
978
980
981
983
979
982
934
931
947
946
935
936
951
354
954
948
971
972
985
984
986
987
398
403
428
430
435
663
824
976
