4
18
22
25
36
50
54
57
65
85
86
87
88
89
90
91
92
94
95
97
117
118
119
120
121
122
123
124
126
127
128
129
130
131
132
133
134
135
136
137
138
139
142
143
160
161
162
163
164
165
166
167
168
169
170
171
174
175
195
196
199
201
202
214
215
219
220
221
223
227
228
231
233
234
246
247
251
252
253
255
256
265
269
271
272
273
274
275
281
288
289
291
295
297
301
303
304
305
306
307
313
326
329
337
358
361
369
405
411
414
437
443
446
448
464
467
3
6
35
38
480
496
499
514
517
529
532
578
597
599
608
610
267
270
279
299
302
267
311
270
347
302
311
379
591
592
593
594
595
596
598
623
624
625
626
627
628
630
774
775
777
778
779
781
782
783
784
785
786
787
788
795
796
798
799
800
801
802
803
805
806
807
804
809
810
811
813
814
815
816
817
818
819
820
827
828
830
831
832
833
834
835
836
837
838
839
840
841
842
843
845
846
844
847
848
849
850
851
852
853
854
855
856
857
858
859
860
861
862
863
864
865
866
867
868
869
870
871
872
873
874
875
876
877
878
879
880
881
882
883
884
885
886
887
888
889
890
891
892
893
894
895
896
897
898
899
900
901
902
903
904
905
906
907
908
909
910
911
912
913
914
915
916
917
919
921
922
923
924
925
926
928
929
930
931
932
933
934
935
936
937
938
939
940
941
942
943
944
945
946
947
948
949
951
1469
347
379
629
776
797
808
829
918
950
0
1
2
5
7
8
9
10
11
12
13
14
15
16
17
19
20
21
23
24
26
27
28
29
30
31
32
33
34
37
39
40
41
42
43
44
45
46
47
48
49
51
52
53
55
56
58
59
60
61
62
63
64
66
67
68
69
70
71
72
73
74
75
76
77
78
79
80
81
82
83
84
93
96
98
99
100
101
102
103
104
105
106
107
108
109
110
111
112
113
114
115
116
125
140
141
144
145
146
147
148
149
150
151
152
153
154
155
156
157
158
159
172
173
176
177
178
179
180
181
182
183
184
185
186
187
188
189
190
191
192
193
194
197
198
200
203
204
205
206
207
208
209
210
211
212
213
216
217
218
222
224
225
226
229
230
232
235
236
237
238
239
240
241
242
243
244
245
248
249
250
254
264
266
268
276
277
278
280
282
283
284
285
286
287
290
292
293
294
296
298
300
308
309
310
312
314
315
316
317
318
319
320
321
322
323
324
325
327
328
330
331
332
333
334
335
336
338
339
340
341
342
343
344
345
346
348
349
350
351
352
353
354
355
356
357
359
360
362
363
364
365
366
367
368
370
371
372
373
374
375
376
377
378
380
381
382
383
384
385
386
387
388
389
390
391
392
393
394
395
396
397
398
399
400
401
402
403
404
406
407
408
409
410
412
413
415
416
417
418
419
420
421
422
423
424
425
426
427
428
429
430
431
432
433
434
435
436
438
439
440
441
442
444
445
447
449
450
451
452
453
454
455
456
457
458
459
460
461
462
463
465
466
468
469
470
471
472
473
474
475
476
477
478
479
481
482
483
484
492
493
494
495
497
498
500
501
502
503
504
505
506
507
508
509
510
511
512
513
515
516
518
519
520
521
522
523
524
525
526
527
528
530
531
533
534
535
536
537
579
580
581
582
583
584
585
586
587
588
589
590
600
601
602
603
604
605
606
607
609
611
612
613
614
615
616
617
618
619
509
510
511
512
513
515
516
518
519
520
521
522
523
524
525
526
620
621
1237
1238
1239
1241
1243
1244
1249
1256
1257
1258
1260
1262
1264
1265
1266
1267
1268
1269
1270
1271
1272
1273
1274
1275
1276
1278
1279
1280
1281
1284
1285
1286
1287
1288
1289
1290
1291
1292
1293
1295
1294
1296
1297
1302
1303
1305
1306
1307
1308
1309
1310
1311
1312
1313
1316
1317
1318
1319
1320
1321
1322
1323
1324
1325
1326
1327
1328
1329
1334
1335
1337
1338
1343
1341
1340
1339
1342
1344
1347
1345
1346
1348
1349
1350
1352
1353
1354
1355
1356
1357
1358
1359
1360
1361
1362
1363
1364
1365
1366
1367
1369
1370
1371
1372
1373
1374
1375
1376
1377
1379
1378
1380
1383
1381
1382
1232
1233
1234
1235
1236
1240
1242
1245
1246
1247
1248
1277
1282
1283
1298
1299
1300
1301
1314
1315
1330
1331
1332
1333
1384
1386
1385
1387
1388
1389
1390
1471
1472
1473
1474
1477
1478
1479
486
487
488
489
490
491
538
539
540
541
542
543
544
545
547
548
552
553
554
555
556
557
558
559
560
562
563
565
568
569
570
571
572
573
574
575
577
622
632
633
634
635
636
637
638
639
641
642
644
647
651
653
656
657
658
660
661
667
668
669
670
671
673
674
676
679
683
685
688
689
690
692
693
694
697
699
700
701
702
703
704
705
706
707
708
709
710
711
712
713
730
731
732
733
714
715
716
717
718
719
720
721
722
723
724
725
726
727
728
729
485
485
546
549
550
551
561
564
567
576
631
659
691
772
1455
773
1456
1457
1459
1460
1461
1463
1464
1465
1466
1468
1475
1476
1391
1392
1401
1402
1403
1405
1406
1407
1408
1409
1410
1411
1412
1413
1414
1415
1417
1418
1420
1421
1422
1423
1424
1425
1426
1404
1419
1428
1427
1430
1436
1437
1431
1433
1429
1432
1434
1435
1395
1398
1416
485
485
1438
1439
1440
1441
1442
1443
1444
1445
1446
1447
1448
1449
1450
1452
1451
1453
1454
1470
1393
1394
1396
1397
1395
1399
1400
1404
1407
1408
1409
1410
1411
1412
1413
1414
1415
1418
1419
1421
1422
1423
1424
1425
1426
1427
1428
1429
1430
1431
1432
1398
1416
1439
1435
1442
1441
1443
1444
1447
1446
1445
1433
1434
1438
1440
1448
1449
1450
1451
1394
1393
1452
1453
1454
1470
1454
1470
