568
569
572
573
585
586
587
588
591
592
593
568
569
572
573
585
586
587
588
591
592
593
568
569
572
573
585
586
587
588
591
592
593
568
569
572
573
576
579
576
579
566
567
570
571
574
575
576
577
578
579
580
581
582
583
584
589
590
570
571
574
576
579
576
579
576
579
576
579
576
579
576
579
0
1
3
4
5
6
7
8
10
11
12
13
14
15
16
17
18
19
20
21
22
23
24
25
26
28
29
30
31
32
33
34
35
36
37
38
39
45
46
47
48
49
50
51
52
53
54
55
56
57
58
60
61
62
63
64
67
69
68
70
71
72
73
79
80
81
86
87
88
82
83
84
85
89
90
93
94
95
96
99
100
101
102
103
104
105
106
107
108
110
111
112
113
118
119
120
121
122
123
124
125
126
127
128
129
130
131
132
133
134
135
114
115
116
117
136
137
138
139
140
141
142
143
144
145
146
169
170
171
172
173
174
175
176
177
178
179
180
181
182
183
184
185
186
187
188
189
190
193
194
195
196
198
199
201
202
203
204
207
208
209
212
214
215
216
217
197
200
205
206
210
211
213
219
220
226
227
228
230
229
231
232
233
234
235
236
239
240
241
237
238
244
242
243
245
246
247
248
249
251
252
256
257
258
259
260
261
263
264
265
266
267
268
269
271
272
273
276
278
281
287
288
289
290
291
292
293
295
296
297
298
299
300
301
303
304
305
308
310
313
319
324
327
330
333
337
340
334
336
356
359
362
365
366
368
369
372
385
388
391
392
393
394
395
396
397
398
399
400
401
402
403
404
405
406
407
408
410
411
412
414
415
417
420
423
424
425
426
427
428
429
430
431
432
433
434
435
436
437
438
439
440
442
443
444
446
447
448
449
450
451
452
453
454
455
456
457
458
459
460
461
462
463
464
465
466
467
468
469
471
472
473
475
476
477
478
480
481
482
483
484
485
486
487
488
489
490
491
492
493
494
495
496
497
498
499
500
501
503
504
505
507
508
509
510
530
531
532
533
534
535
538
539
536
537
540
541
542
543
544
545
546
2
563
564
565
