8
3
22
26
27
28
35
39
40
41
42
44
45
48
46
49
50
53
54
55
56
57
58
59
60
61
65
66
67
68
69
70
71
72
74
75
76
77
78
81
82
90
92
93
94
95
97
100
98
99
101
102
103
104
106
107
108
109
110
113
114
124
125
126
127
128
129
132
133
135
141
142
143
144
145
147
148
158
159
160
161
164
165
167
173
174
175
176
177
179
180
183
184
190
191
204
206
208
209
218
220
221
222
236
238
240
241
250
252
253
254
257
258
260
261
262
263
264
265
266
267
268
269
270
271
273
274
275
277
278
279
280
282
283
289
290
291
292
293
294
295
296
297
298
299
300
301
302
303
305
306
307
309
310
311
312
314
315
320
321
322
323
324
325
326
327
328
330
331
332
333
336
337
339
340
341
342
343
344
345
346
347
348
349
350
351
352
353
354
355
356
357
358
359
360
389
390
397
400
401
402
404
407
408
409
410
412
414
415
417
419
421
422
432
434
435
439
440
441
442
444
446
447
453
456
457
477
478
485
488
489
524
525
526
529
530
531
532
527
534
536
538
539
540
541
542
543
544
545
548
551
554
556
557
558
559
561
562
563
564
566
568
571
570
572
573
574
575
582
583
585
586
590
614
615
617
618
622
9
12
640
642
643
644
645
646
647
648
649
5
6
7
23
24
25
37
38
657
658
660
661
664
666
667
668
669
671
674
675
676
677
678
679
680
681
9
12
689
690
692
693
696
698
699
700
701
702
703
704
705
706
707
708
709
710
711
714
717
723
726
729
730
731
732
733
735
736
737
738
739
740
741
742
743
770
771
776
777
778
779
809
810
811
819
820
821
822
824
825
828
829
832
833
835
836
838
839
840
841
842
843
845
395
846
847
848
849
850
851
853
854
855
856
857
858
859
427
448
449
450
451
861
862
863
864
865
461
866
867
868
870
871
872
873
874
875
877
878
879
880
470
881
882
883
885
886
887
888
889
890
891
893
894
895
480
481
482
483
897
898
899
908
587
588
589
604
605
606
607
619
620
621
909
910
911
912
913
914
915
916
919
920
636
637
638
639
929
930
931
940
1198
1199
1202
1207
1210
1224
1225
1222
1229
1230
1240
1241
1242
1262
1261
1254
1256
1273
1272
1257
834
1324
860
1274
892
896
901
902
903
904
905
906
907
923
924
925
926
927
2
4
36
928
933
934
935
936
937
938
939
64
73
96
105
185
186
187
188
1223
1226
192
193
1227
1228
199
200
202
205
207
213
210
211
212
214
215
216
217
219
224
225
231
232
234
237
239
242
243
244
245
246
247
248
249
251
256
259
288
1243
1244
1245
1246
406
1255
1258
1259
1260
429
436
437
438
1275
535
547
1276
1277
1278
567
655
672
687
837
844
869
876
1205
1212
1213
1214
1315
1316
0
1211
62
63
80
91
112
122
123
130
134
138
139
140
162
166
170
171
10
172
334
335
362
363
364
365
366
367
368
369
372
373
374
375
376
377
378
379
380
381
382
383
384
385
386
387
388
391
392
393
394
396
398
399
403
405
416
418
420
423
424
425
426
428
430
431
433
452
455
458
459
460
463
464
465
466
467
468
469
471
472
475
476
479
484
487
490
491
492
493
495
496
497
498
499
500
501
503
504
507
508
509
510
511
512
513
514
515
516
517
518
519
520
521
522
523
528
533
546
549
550
552
553
555
560
565
584
591
592
593
594
595
596
597
598
599
600
601
602
603
616
623
624
625
626
627
628
629
630
631
632
633
634
635
641
650
651
652
653
654
656
659
662
663
670
673
682
683
684
685
686
688
691
694
695
780
783
784
785
786
789
791
812
813
815
816
817
818
823
827
831
941
942
943
944
945
946
947
948
952
951
960
962
963
964
965
966
970
967
969
974
976
980
983
984
985
986
987
988
989
992
994
995
996
997
998
999
1001
1002
1006
1008
1012
1015
1016
1017
1018
1019
1020
1021
977
1024
978
990
982
1033
979
1011
1010
1034
1035
1036
1038
1040
1041
1042
1043
1044
1045
1046
981
1047
1048
1049
1050
1051
1052
1013
1026
1053
1056
1022
1009
1065
1066
1067
1014
1068
1070
1072
1025
1073
1074
1075
1076
1077
1078
1079
1080
1081
1083
1084
1085
1082
1088
1089
1091
1092
1057
1058
1090
1093
1094
1095
1096
1097
1098
1099
1100
1102
1103
1105
1106
1107
1108
1109
1110
1111
1112
1113
1114
1115
1116
1117
1118
1119
1120
1121
1122
1123
1125
1126
1127
1128
1129
1130
1131
1132
1134
1135
1137
1138
1139
1140
1141
1142
1143
1144
1145
1146
1147
1148
1149
1150
1151
1152
1166
1167
1169
1170
1173
1171
1175
1178
371
1179
1181
1177
1182
1184
1180
1201
1203
1209
502
1221
1231
1233
1232
1235
1234
1236
1238
1239
1247
1237
787
788
790
830
1253
1263
1264
1265
955
1268
1267
1266
956
957
958
959
1271
1270
975
1279
1269
1281
1283
1282
1280
1284
1286
1288
1287
1007
1290
1027
1291
1289
1292
1295
1294
1298
1028
1300
1302
1299
1301
1029
1030
1031
1039
1305
1307
1308
1309
1306
1059
1060
1061
1062
1063
1311
1310
1312
1313
1314
1318
1319
1320
1321
1322
1071
1323
1101
1124
1133
1153
1154
1155
1156
1157
1158
1159
1160
1161
1162
1163
1164
1165
1168
1185
1186
1187
1188
1189
1190
1191
1192
1193
1194
1195
1196
1197
1200
852
884
1293
918
11
14
16
17
18
21
43
137
131
136
151
152
146
150
153
154
156
155
169
163
168
178
182
462
473
474
494
505
506
537
569
921
922
953
954
968
1000
1032
1037
1064
1069
1104
1136
917
1172
1174
1206
1204
13
85
117
120
793
792
796
797
795
806
826
799
807
808
794
803
805
801
800
1
88
798
31
34
32
29
