900
1016
1040
1041
1042
1044
1045
1049
1052
1067
1068
1069
1070
1072
1073
1074
1076
1077
1065
1081
1084
1088
1104
1105
1115
1116
1120
1136
1137
1147
1148
1155
1157
1175
1177
1179
1181
1182
1187
1176
1189
1183
1323
1324
1327
1328
1329
1330
1333
1338
1339
1342
1343
1344
1345
1346
1348
1349
1350
1351
1352
1353
1354
1355
1356
1358
1376
1377
1378
1380
1381
1382
1383
1384
1385
1386
1387
1388
1390
1409
1414
1418
1421
1422
1424
1433
1425
1429
1430
1435
1436
1441
1437
1438
1439
1446
1450
1453
1454
1456
1457
1465
1461
1462
1468
1467
1469
1470
1471
1473
1472
866
869
881
883
887
888
890
897
899
1013
1047
1048
1050
1079
1080
1082
866
869
1191
1357
1367
1368
1371
1372
1389
1399
1400
1403
1404
1408
1410
1411
1412
1413
1420
1423
1434
1440
1442
1443
1444
1445
1452
1455
1466
1371
1372
1389
1411
1412
1413
1420
1423
1434
1440
1442
1443
1444
1445
1452
1455
1466
1364
1396
1340
1021
1005
1006
1009
1010
1022
1023
1024
1025
1028
1029
1043
1046
1051
1053
1054
1055
1056
1057
1060
1061
1062
1075
1078
1083
1085
1086
1087
1089
1090
1091
1092
1093
1094
1095
1096
1097
1098
1099
1100
1101
1103
1106
1107
1108
1109
1110
1112
1113
1114
1118
1119
1121
1122
1123
1124
1125
1126
1127
1128
1129
1130
1131
1132
1133
1138
1139
1140
1141
1142
1144
1145
1146
1150
1151
1152
1153
1154
1156
1158
1180
1184
1185
1186
1188
1190
1201
1360
1361
1362
1363
1366
1370
1373
1374
1392
1393
1394
1395
1398
1402
1405
1406
1415
1417
1419
1426
1431
1432
1447
1449
1451
1458
1463
1464
1482
1484
1514
1516
1039
1063
1064
1066
1071
1102
1192
1193
1194
1195
1198
1199
1200
1369
1401
1416
1427
1448
1459
1474
1485
1486
1487
1490
1491
1178
94
97
101
103
105
106
108
109
120
121
124
126
130
131
144
146
150
153
155
158
162
163
176
178
182
185
187
190
770
774
778
781
789
796
797
802
806
810
813
817
821
828
829
832
834
835
837
838
846
848
849
850
851
854
855
856
858
864
867
870
878
880
882
886
929
931
932
65
69
71
73
74
76
77
79
80
81
82
86
88
89
90
92
111
112
113
114
118
122
145
177
1336
1204
1205
1210
1211
1212
1213
1214
1215
1216
1217
1218
1219
1220
1221
1222
1223
1224
1225
1226
1227
1228
1229
1235
1236
1237
1238
1241
1242
1243
1244
1245
1247
1248
1249
1250
1251
1252
1253
1254
1255
1256
1257
1258
1259
1260
1261
1267
1268
1269
1270
1273
1274
1275
1276
1277
1279
1280
1282
1283
1284
1285
1286
1287
1288
1289
1290
1291
1292
1293
1294
1296
1295
1297
1299
1300
1298
1302
1303
1304
1305
1306
1307
1309
1301
1308
1310
1311
1312
1314
1315
1316
1317
1318
1319
1320
1321
1322
1325
1326
1331
1332
1334
1335
1337
1341
1428
1460
1476
1479
1483
1489
1493
1494
1497
1500
1505
1506
1508
1504
1511
1515
1111
1117
1143
1149
1206
1207
1208
1209
1230
1231
1232
1233
1240
1246
1262
1263
1264
1265
1272
1278
1281
1313
1011
1020
889
895
1347
896
1407
865
1059
1007
1017
1019
862
885
1391
1488
871
873
874
872
1004
921
875
892
1014
891
1012
1058
1026
1196
1477
1375
1003
1018
1379
876
879
893
1008
1027
898
877
863
1359
1359
863
884
898
1197
1475
1359
894
1365
1480
1008
868
877
1027
1478
1015
1397
1512
1509
1510
1510
1509
1512
1498
1499
1496
1492
1495
1496
1492
1499
1495
1498
1513
1030
1031
1032
1034
1035
1033
1036
1037
1038
