70
73
78
81
82
85
87
14
15
16
17
20
21
22
49
52
53
54
56
58
64
74
75
76
108
96
110
113
114
117
119
130
131
132
153
156
143
144
149
150
162
163
164
185
188
175
202
203
204
206
209
208
210
211
212
214
213
386
387
390
391
8781
8783
8784
8785
8787
8789
8790
8791
8792
8793
8794
8795
8796
8798
8799
8801
8802
8803
8804
8805
8812
8813
8815
8816
8817
8819
8821
8822
8823
8824
8825
8826
8827
8828
8830
8831
8833
8834
8835
8836
8837
8838
8840
8839
8841
8842
8843
8844
8845
8846
8847
8848
8849
8850
8851
8852
8853
8854
8855
8856
8857
8858
8860
8861
8862
8863
8865
8866
8867
8868
8869
8870
8871
8872
8874
8873
8875
8876
8877
8878
8879
8880
8881
8882
8883
8884
8885
695
696
698
699
700
701
702
703
704
705
706
707
709
710
711
713
712
715
714
716
718
719
722
720
721
724
725
726
729
727
728
736
737
738
739
741
742
743
745
8929
744
8931
8932
8933
8936
8937
8938
8939
8940
8941
8942
8943
8944
8946
8948
8949
769
771
772
773
774
775
776
777
778
779
780
787
788
789
791
792
794
795
790
793
798
799
801
803
804
805
806
807
809
18
19
50
51
55
57
60
61
62
63
65
66
67
68
71
72
97
98
99
808
810
811
812
819
820
821
823
824
826
768
822
825
827
830
797
813
814
782
781
800
831
829
833
770
783
834
840
796
838
839
843
846
847
849
850
802
841
845
815
836
837
835
844
842
828
832
865
866
872
875
870
871
878
879
881
882
877
873
848
876
9479
9480
930
931
932
933
934
935
936
937
938
939
940
941
942
943
944
945
946
874
947
949
951
950
953
859
948
952
955
954
858
864
956
957
958
959
960
961
962
963
965
964
860
966
967
969
970
971
972
973
974
975
976
977
978
979
980
982
984
985
986
987
8832
988
989
990
992
993
994
995
997
998
999
880
890
996
1001
1002
1003
1004
1005
869
867
1006
1007
8864
1008
1009
1010
9484
1030
1034
928
1031
9483
1035
1036
1039
856
1042
891
868
1047
1050
1051
1052
929
1062
1063
1066
1067
1068
1071
1074
9486
9487
9488
9489
1159
1160
1161
1176
1177
1178
1183
1184
1185
1188
1189
1190
1191
1193
1194
1195
1196
1197
1198
1199
1200
1201
1202
1203
1204
1205
1206
1207
1208
1209
1210
1211
1212
1213
1214
1215
1216
1217
1218
1219
1220
1221
1222
1223
1224
1225
1226
1227
1228
1229
1230
1231
1232
1236
1237
1238
1239
1240
1241
1242
1243
1244
1245
1246
888
1248
1249
1250
1251
1252
1253
1254
1255
1256
1257
1258
1259
1260
1261
1262
1263
1264
1268
1269
1270
1271
1272
1273
1274
1275
1276
1277
1278
1280
1281
1282
1283
1284
1285
1286
1287
1288
1289
1290
1293
1291
1294
1297
1298
1299
1300
1301
1303
1306
1307
1308
1310
1312
1313
1314
1316
1317
1315
1318
1319
1320
1321
1322
1323
1325
1326
1329
1330
1331
1332
1333
1335
1338
1342
1339
1340
11663
11665
11666
1295
11667
11668
1327
1292
1386
1387
1305
1337
1324
1302
1422
1423
1426
1429
1432
1433
1436
1437
1438
1334
1439
1454
1455
1458
1461
1296
1464
1465
1468
1469
1470
1471
1472
1475
1480
1481
1498
1501
968
1504
1235
1328
1267
1507
1512
1513
1490
1000
1493
1494
1530
1533
1522
11706
11707
11708
1525
1526
11709
11710
11712
11714
11715
11713
11718
11717
1266
11719
11720
11722
11725
1192
8977
11671
11752
11802
11754
11757
11672
11759
11795
11760
11762
1233
11763
11764
11796
11767
11768
11769
11797
1234
11771
11798
11776
11777
11778
11779
11780
11784
11786
11787
11788
1440
1265
11801
11790
11804
11791
11792
1987
1990
1992
1995
1996
2000
2001
2002
2003
2004
2005
2006
2008
2009
2010
2007
2013
2014
2015
2016
2019
2022
2024
2027
2028
11799
11800
2032
2034
2033
2035
2036
2038
2037
2039
2040
2041
2042
2045
2046
2047
2048
2050
2051
2054
2053
2055
2057
2058
2059
2060
2061
2062
2063
2064
1408
2065
2066
2067
2068
2069
2070
11674
11805
11808
11809
11810
11811
11812
11806
11807
11824
11827
11828
11829
11830
11831
11832
11833
11834
2312
2313
2316
2317
2322
2325
2326
2328
2329
2332
2333
2335
2336
1410
1411
1414
1415
2344
2345
1442
1443
2348
2349
2354
1446
1447
2384
2407
2416
2454
2455
2457
2458
2461
2463
1550
2486
2487
2489
2490
2493
2495
2496
2497
2498
2499
2500
2516
2517
2519
2528
2529
2530
2531
2532
2565
2567
2568
2049
2052
2056
2569
2570
2571
2572
2573
2574
2575
2576
2577
2578
2579
2580
2582
2381
2583
2584
2586
2587
2588
2589
2590
2591
2593
2594
2386
2595
2319
2320
2323
2597
2599
2600
2601
2602
2603
2604
2418
2324
2327
2330
2605
2606
2607
2608
2609
2610
2611
2612
2614
2615
2616
2618
2619
2620
2621
2622
2623
2625
2627
2351
2352
2355
2628
2629
2630
2632
2634
2641
2382
2645
2657
2659
2660
2661
2662
2664
2666
2385
2673
2677
2413
2689
2690
2691
2692
2693
2694
2695
2696
2697
2699
2700
2703
2705
2706
2708
2709
2711
2712
2713
2714
2716
2715
2414
2417
2717
2718
2719
2721
2722
2723
2724
2725
2726
2727
2728
2729
2731
2732
2735
2737
2738
2741
2740
2743
2744
2745
2746
2747
2748
2749
2750
2751
2752
2753
2754
2755
2756
2757
2758
2759
2760
2765
2768
2774
2775
2777
2778
2779
2781
2782
2783
2784
2785
2787
2786
2788
2790
2791
2789
2792
2797
2800
2806
2807
2809
2810
2811
2813
2814
2815
2825
2826
2827
2829
2830
2857
2831
2858
2859
2861
2862
2863
2864
2865
2866
2867
2868
2870
2872
2871
2873
2874
2875
2876
2877
2878
2880
2881
2882
2883
2889
2892
2510
2912
2913
2914
2915
2921
2515
2518
2520
2524
2924
2963
2964
2966
2967
2970
2995
2996
2998
2999
3002
3005
3008
3009
3010
3012
3013
3014
3017
3018
3019
3020
3029
3033
3035
3036
3039
3040
3041
3042
3044
3045
3046
3049
3050
3051
3052
3095
2698
2701
2704
2730
2733
2736
3125
3127
3138
3139
3142
3170
3171
3174
2890
2893
2894
2922
2925
2926
2965
2968
2971
3206
2997
3000
3003
3026
3027
3030
3031
3034
3037
3238
3093
3267
3277
3299
3309
3152
3154
3157
3158
3161
3162
11611
11615
11616
11618
3184
3186
3189
3190
3193
11619
3194
11643
11647
3223
3228
3229
11676
11677
11678
3255
11686
11687
11688
11690
11694
11693
11695
11697
11698
11699
3260
3261
3264
3265
11700
3296
3297
11728
11731
11730
11732
11727
11735
11736
11737
11739
11607
11608
11609
11610
11612
11745
11744
11746
11747
11749
11613
11614
11750
11751
11628
11631
11632
11633
11635
11636
11637
11639
11640
11641
11642
11644
11645
11646
11650
11651
3476
3491
3492
11682
11683
11816
11818
11819
11820
11822
11823
11836
11837
3527
11838
11840
11842
11844
3539
3542
3543
11846
11849
11852
11859
11860
11861
11862
11863
11864
11865
11866
11868
11869
11870
11871
11872
3571
11874
11875
11876
11878
11881
3574
3575
3577
11884
11891
11892
11893
11894
11895
11896
11897
11898
11900
11901
11902
11903
3586
3587
3588
11905
11906
11907
3589
3590
3593
11909
11910
11911
8886
8887
8888
8889
8890
8907
8908
8909
8910
8911
8912
3594
3595
3598
3599
3600
3601
8914
8916
8917
8920
8921
8922
8923
8924
8925
8926
8927
8928
9475
12264
12265
12271
8952
12272
12273
12274
12275
8953
12276
12277
12278
12279
12280
12281
12282
12283
12284
12285
12286
12287
12288
12289
12290
12291
12292
12296
12293
12294
12295
12297
12300
12305
12298
12299
12301
12302
12303
12304
12318
12320
12321
12322
12323
12324
12325
9476
12328
12332
3618
12326
12327
12329
12330
12331
12333
12334
3619
3620
3621
3622
3625
3626
3627
12350
8971
12357
12358
12360
12361
4180
3630
3631
4188
4189
4195
4201
4204
4208
4209
4212
4220
4221
4226
4227
4228
4229
4231
4236
4242
4245
4250
4251
4252
4253
4255
8986
8987
9477
8989
4352
4353
4355
4356
4359
4362
4365
4366
11839
9478
4421
4422
4423
4424
4425
4426
4427
11843
4428
4429
4430
4431
4432
4433
4434
4435
4436
4437
4438
4439
4442
4443
4444
4445
4446
4447
4448
4449
4450
4453
4454
4455
4456
4457
4458
4459
4460
4461
4462
4463
4464
4465
4466
4467
4468
4469
4470
4471
4474
4475
4476
4477
4478
4479
4480
4481
4482
4484
4486
4487
4488
4489
4490
4491
4492
4493
4494
4495
4496
4497
4498
4499
4500
4501
4502
4503
4504
4505
4506
4507
4509
4510
4511
4512
4513
4514
4516
4517
4518
4519
4520
4521
4522
4523
4524
4525
4526
4527
4528
4529
4530
4531
4532
4533
4534
4535
4536
4537
4538
4539
4541
4542
4543
4544
4545
4546
4547
4548
4550
4551
4552
4554
4555
4558
4559
4565
4566
4568
4569
4570
4571
4572
4573
4574
4575
4576
4577
4578
4579
4580
4582
4583
4584
4586
4587
4590
4597
4598
4600
4601
4602
4603
4604
4605
4606
4607
4608
4611
4612
8975
8976
4646
4647
4648
4649
4650
4651
4652
4653
4654
4655
4656
4657
4664
4665
4669
4670
4671
4672
4673
8979
12337
8980
12335
12336
12338
12339
12340
8981
9481
8982
8983
8984
8985
12359
12362
12363
12364
12365
12368
9482
12369
12370
12372
12374
12375
12377
12378
12379
12382
12383
13198
13230
12402
12404
4485
12406
12407
12409
12410
12415
12416
12418
12419
4560
4561
4562
4563
9485
13440
13441
13443
13444
13445
13448
13449
13452
13455
13461
13464
13465
13470
13471
13472
13473
8972
6376
6375
6378
6377
13475
13476
13477
13480
13481
13484
13487
13493
13496
13497
13530
6392
13532
13534
13540
13543
6395
6396
8973
13544
6425
6428
6429
13562
13564
6508
6509
6512
6513
8974
13566
9441
9442
13568
13569
9455
9456
9457
9458
9459
9460
9461
9463
13573
13574
9464
9466
9467
9469
9470
9471
9472
6709
6710
6711
6712
6715
6716
6725
6726
6733
6734
6735
6739
6740
6736
6737
6741
6743
6744
6745
6747
6748
6749
6750
6751
6757
6758
6765
6766
6767
6771
6772
6773
6775
6776
6777
6778
6779
6768
6780
6781
6782
6783
6784
6785
6769
6786
6787
6788
6789
6790
6791
6792
6793
6794
6795
6796
6797
6798
6799
6800
6801
6802
6803
6806
6807
6808
6809
6810
6811
6812
6813
6814
6815
13600
13601
13605
13606
6816
6817
6818
6819
6820
6821
6822
6823
6824
6825
6826
6827
6828
6830
6829
6831
6832
6833
6834
6835
6838
6839
6840
6841
6842
6843
6844
6845
6846
6847
6848
6849
6850
6851
6852
6853
6854
6855
6856
6857
6858
6859
6861
6862
6865
6870
6871
6872
6873
6874
6875
6876
6877
6878
6879
6880
6881
6882
6883
6884
6885
6887
6889
6890
6891
6888
6886
6893
6894
6897
6902
6903
6904
6905
6906
6907
6908
6909
6910
6911
6912
6913
6914
6915
6916
6917
6918
6919
6920
6921
6922
6923
6924
6925
6926
6927
6928
6929
6930
6931
6932
6943
6941
6942
6944
6945
6946
6947
6948
6949
6950
6954
6955
6956
6957
6958
6959
6960
6961
6962
6963
6964
6972
6973
6974
6975
6983
6984
6985
6986
6987
6988
6991
6992
11675
6997
6998
7001
7002
7003
7004
8978
7033
7034
7035
7036
7037
7038
7039
7040
7042
7043
7044
7046
7047
7048
7049
7051
11669
9610
9611
9613
9614
9617
9620
9622
9625
9626
9627
9629
9630
9631
9632
9633
9634
9635
9636
9637
9638
9639
9642
9643
11701
11703
11704
77
102
103
104
105
106
107
109
6746
145
6804
6805
146
6836
6837
177
178
176
181
6860
6863
6864
6866
6867
6868
6869
182
6892
6895
6896
6898
6899
6900
6901
234
235
236
238
240
241
242
243
244
245
246
6940
327
326
335
333
330
338
340
342
343
334
345
336
339
346
347
348
349
350
351
354
355
365
367
366
368
370
371
372
374
375
379
378
377
380
381
382
383
384
385
533
534
565
566
576
577
578
579
580
581
582
583
584
585
587
586
588
611
612
616
617
615
614
613
619
618
620
621
624
625
626
628
629
630
633
635
851
852
853
854
855
857
861
862
863
883
884
885
886
887
889
893
894
895
100
898
899
900
901
902
903
904
905
906
907
908
909
910
911
912
913
914
915
916
917
918
919
920
921
922
923
924
925
926
927
1079
1082
1083
1084
1098
1102
1106
1108
896
892
897
1130
1134
1138
1140
9490
1187
1247
1279
1110
1311
1343
9527
9528
9532
9534
9536
9537
9538
9539
9540
1359
1360
9544
9545
9546
9547
1366
1367
1368
1369
1371
1391
1392
1398
1399
1400
1401
1403
1142
1434
1435
1466
1467
1473
1476
1477
1478
1505
1508
1509
1510
9505
9506
9507
9508
9509
9510
9511
9512
9513
9514
9515
9516
9517
9518
9519
9520
9524
9526
9541
11275
11276
11277
11274
11278
11279
11280
11281
11282
11283
11284
11285
11286
11287
11288
11289
11290
11291
11292
11293
11294
11295
11296
11297
11298
11299
11302
11305
11306
11307
11308
11309
11310
11311
11312
11313
11314
11315
11316
11317
11318
11319
11320
11321
11322
11323
11324
11325
11326
11327
11328
11329
11330
11331
11332
11333
11334
11335
11336
11337
11338
11339
11340
11341
11342
11343
11344
11345
11346
11347
11348
11349
11350
11351
11353
11354
11355
11356
11357
11358
11359
11360
11361
11362
11363
11364
11365
11366
11367
11368
11369
11370
11371
11372
11373
11374
11626
11627
11630
11648
11649
11652
11653
11654
11655
11656
11658
11661
11662
11670
11680
11681
11684
11685
11702
11733
11734
11738
11742
11740
11765
11766
11770
11772
11781
11774
11782
11783
11785
11814
11813
11815
11817
11841
11847
11851
11850
11853
11845
11848
11854
11855
11856
11857
11858
11867
11873
11877
11880
11882
11883
11879
11885
11886
11887
11888
11889
11890
1088
1089
11899
11904
11908
1118
1119
1120
1121
8991
4360
4363
4508
4540
4567
4599
4609
9491
9492
6457
6460
6461
6476
6477
6480
6481
9495
9443
9445
9446
9447
9453
9454
9496
9462
9465
9473
9474
6714
6717
6718
6719
9521
9522
9523
9535
9542
9543
9548
9549
9550
9551
9552
9553
9554
9555
9556
9557
9558
9559
9500
9560
9561
9563
9564
9565
9566
9567
9568
9569
9570
9571
9572
9573
9574
9575
9576
9577
9578
9579
9580
9581
9582
9583
9584
9585
9586
9587
9588
9589
9590
9591
9592
9593
9494
9502
9628
9503
9504
341
373
1309
1186
1341
1558
6720
6752
7058
7061
7060
7064
418
419
422
423
466
470
471
498
499
502
503
11716
11721
11726
11729
11741
11743
11748
11753
11758
11761
11773
11775
11789
11821
12420
12421
12424
12428
12429
12430
12433
12434
12436
12437
12439
12441
12442
12443
12444
12445
12452
12453
12456
12448
12450
12451
12460
12461
12462
12465
12466
12468
12469
12471
12473
12474
12475
12476
12477
12486
12489
12490
12491
12492
12494
12495
12498
12499
12586
12587
12588
12589
12590
12591
12592
12593
12594
12595
12597
12598
12599
12600
12601
12602
12603
12604
12605
12606
12607
452
456
457
467
6413
6445
12596
13121
1147
1152
1153
1156
1157
1158
1143
1488
1496
1520
1528
13343
13363
13373
13423
13398
13403
13428
1991
13413
1997
1989
1993
1998
2023
2025
2021
13433
2388
2387
2390
2389
2392
2396
2395
2410
2411
2419
2435
2420
2421
2422
2424
2431
2427
2428
2438
2432
2442
2440
2441
2437
2436
2439
2443
2444
2465
2467
2446
2445
2447
2448
2450
2449
2451
2453
2460
2456
2459
2462
2468
2473
2469
2470
2472
2471
2475
2464
2474
2476
2481
2478
2477
2479
2480
2482
2483
2488
2485
2494
2502
2491
2501
2492
2507
2533
2581
2534
2613
2624
2626
2636
2631
2633
2635
2637
2638
2640
2639
2648
2642
2644
2643
2646
2647
2649
2650
2652
2651
2654
2653
2655
2656
2665
2668
2669
2672
2663
2674
2667
2670
2658
2671
2683
2676
2675
2678
2686
2679
2681
2680
2682
2684
2688
2687
2685
2702
2707
2710
2734
2742
3043
2720
2739
3089
3090
3092
3096
3091
3048
3053
3097
3094
3099
3101
3100
3103
3102
3110
3108
3111
3105
3112
3115
3116
3119
3117
3122
3118
3120
3131
3132
3123
3128
3126
3121
3129
3124
3134
3135
3136
1145
3133
3145
3140
3148
3149
3143
3144
3147
3217
3225
3224
3216
3226
3233
3231
3232
3234
3235
3239
3241
3249
3246
3248
3258
3263
3268
3266
3269
3256
3257
3270
3271
3272
3276
3273
3275
3278
3279
3280
3281
3283
3282
3284
3285
3287
3289
3290
3291
3300
3298
3301
3293
3294
3288
3292
3302
3304
3303
3305
3307
3310
3308
3311
3312
3313
3314
3315
3316
3317
3319
3320
3323
3321
3324
3322
3325
3326
3329
3328
3331
3335
3338
3339
11629
11634
11638
3468
3469
3477
3479
3478
3480
3482
3484
3483
3485
3487
11696
11617
3519
3520
3529
3528
3530
3531
3534
3535
3538
3533
3536
3540
3578
3572
3579
3541
3573
3570
3576
3582
3580
3581
3583
3584
3585
3591
3592
3602
3604
3596
3597
3603
3606
3605
3608
3609
3610
3612
3613
3614
3607
3611
3617
3616
3623
3628
3624
3642
3643
3641
3644
3629
2433
3648
3645
3649
3650
3646
3651
3652
11664
4144
4149
4148
4152
4155
4159
4158
13122
13153
13154
13197
13208
13210
13212
13229
13240
13242
13244
13250
13249
13252
13251
13253
13254
13281
13284
13282
13283
13285
13286
13312
13322
13329
13331
13330
13332
13342
13337
13340
13341
13344
13345
13354
13362
13361
13360
13365
13364
13369
13372
13375
13374
13380
13381
13390
13391
13394
13396
13395
13397
13399
13401
13400
13402
13404
13412
13422
13426
13427
13429
13431
13430
13432
13434
13435
13545
13546
13550
13551
13549
13552
13553
13556
13557
13558
13555
13575
13577
13576
13579
13578
13581
13580
13585
13582
13584
13586
13587
13589
13588
13572
13594
13595
13596
13597
13607
13609
13608
13610
13611
13614
13613
13618
13616
13604
13617
13612
13621
13619
13620
13626
13633
13627
13632
13628
13629
13634
13636
13639
13635
13637
13638
13313
13328
13333
13469
13598
13630
1499
1531
6464
6466
6467
6468
6471
6472
6473
6475
6496
6498
6499
6500
6503
6504
6505
6507
23
25
27
28
24
26
31
33
34
35
36
37
38
39
40
41
42
43
45
59
46
47
48
2816
2817
2818
2819
2820
2821
2822
2823
2824
2832
2833
2834
2835
2836
2837
2838
2842
2843
2844
2845
2846
2847
2848
2849
2850
2851
2852
2853
2854
2855
2856
2884
2885
2886
2887
2888
2891
2895
2896
2897
2898
2899
2900
2901
2902
2903
2904
2905
2906
2907
2908
2909
2910
2911
2916
2917
2918
2919
2920
2923
2927
2928
2929
2930
2931
2932
2933
2934
2935
2936
2937
2938
2939
2940
2941
2942
2943
2944
2945
2946
2947
2948
2949
2950
2951
2952
2953
2954
2955
2956
2957
2958
2959
2960
2961
2962
2969
2972
2978
2979
2980
2981
2982
2983
2984
2985
2986
2987
2988
2989
2990
2991
2992
2993
2994
3001
3004
3011
3021
3025
3057
3061
3064
3067
3068
3075
3076
3077
3078
3079
3080
3081
3082
3083
3084
3085
3086
3087
3088
3098
3107
3109
3113
3114
3130
3137
3141
3146
3274
3306
3481
3496
30
29
3498
3499
3500
3501
3509
3510
3511
3512
3513
3514
3515
3516
3517
3532
3547
3549
3550
3551
3552
3560
3561
3562
3563
3564
3565
3566
3567
3568
4953
4955
4956
4957
4959
4960
4961
4962
4963
4965
4964
4966
4967
4968
4969
4970
4971
4973
4974
4975
4976
4979
4985
4987
4988
4989
4991
4992
4993
4994
4995
5219
5223
5224
5255
5258
5259
5287
5290
5291
5294
5297
5298
5319
5320
5326
5331
5332
5333
5335
5337
5338
5351
5352
5355
5358
5363
5364
5365
5367
5369
5370
5377
5376
5380
5381
5382
5383
5384
5385
5386
5387
5388
5389
5390
3058
3059
3062
3063
5393
5394
5397
5399
5400
5402
5398
5403
5401
5404
5405
5406
5407
5408
5409
5412
5413
5414
3493
3494
3495
5415
5416
5417
5418
3497
5419
5420
5421
5422
5425
5426
3508
5431
5433
5432
5429
5430
5434
3544
3545
3546
3548
3559
5435
5436
5437
5438
5439
5440
5441
5442
5443
5444
5448
5450
5452
5453
5456
5459
5460
5462
5463
5472
5473
4951
5474
4954
4958
5475
5476
5480
5482
5484
4983
4986
5488
5485
5491
5492
4990
5494
5495
5226
5227
5230
5231
5505
5504
5508
5509
5506
5511
5512
5513
5510
5514
5517
5515
5516
5521
5519
5520
5518
5522
5523
5524
5525
5526
5528
5527
5532
5533
5529
5534
5531
5535
5538
5540
5537
5536
5323
5542
5544
5541
5545
5543
5548
5336
5339
5340
5547
5551
5550
5546
5549
5579
5552
5553
5580
5582
5581
5583
5585
5584
5614
5615
5586
5616
5617
5618
5368
5371
5372
5620
5619
5622
5623
5624
5621
5625
5391
5392
5627
5628
5630
5629
5632
5631
5633
5638
5395
5396
5641
5423
5424
5427
5428
5665
5670
5673
5447
5449
5451
5454
5455
5458
5461
5464
5465
5466
5467
5468
5469
5470
5471
5479
5481
5483
5486
5487
5490
5493
5496
5497
5498
5499
5500
5501
6072
6074
6075
6076
6079
6080
6310
6311
6312
6313
5502
5503
6315
6316
6317
6318
6319
6321
6322
6323
6324
6325
6326
6327
6328
6329
6330
6341
6342
6343
6344
6358
6359
6360
6361
6362
6363
6364
6365
6366
6373
6374
6380
6390
6391
5530
6393
6394
6951
6952
6953
6314
13169
13170
13171
13436
13172
13144
13147
13176
13137
13138
13139
13140
13179
13180
13183
13182
13189
13192
13193
13188
13191
13190
13201
13202
13203
13205
13204
13206
13207
13220
13221
13223
13224
13222
13225
13228
13234
13235
13233
13237
13236
13238
13239
5321
5327
5328
5325
5329
5330
5353
5357
5359
5360
5361
5362
5378
5379
5410
5411
5507
5539
5634
5655
5659
5658
5666
5690
5691
5696
5697
5714
5719
5721
5825
5831
5827
6023
6333
6331
6339
6357
6371
6367
6389
6465
6483
6490
6491
6495
6497
6494
13148
13150
13151
13196
1148
1154
1155
7053
1150
1151
1144
1146
1149
4451
4452
13243
13245
13211
13213
11659
11660
11679
11691
11692
11711
11803
11835
4950
4952
4982
4984
5261
5262
5264
5265
5266
5268
5269
5270
5273
5293
5296
5312
5313
5342
5344
5345
5374
5457
5489
5587
5588
5589
5590
5591
5593
5594
5596
5597
5598
5599
5600
5601
5603
5608
5609
5610
5611
5612
5613
5626
5635
5636
5637
5640
5642
5643
5644
5645
5646
5648
5660
5661
5663
5664
5667
5668
5669
5672
5692
5693
5695
5718
5801
5826
5828
5832
5833
6006
6027
6029
6030
6034
6035
6036
6038
6039
6040
6041
6042
6043
6044
6047
6055
6059
6061
6062
6066
6067
6068
6070
6071
6073
6336
6337
6340
6368
6369
6372
5343
5375
5592
5595
1167
1168
1169
1170
1171
1173
1174
1172
1175
4660
4663
4440
4441
4472
4473
4483
4515
4549
4553
4556
4557
4564
4581
4585
4588
4589
4591
4596
4658
4674
4675
4676
4677
4678
4679
4680
4681
4682
4683
4684
4686
4687
4688
4689
4690
4691
4685
4693
4692
4695
4696
4697
4698
4699
4701
4702
4700
4703
13062
13063
13066
13069
13074
13072
13070
13071
13075
13079
13077
13078
13094
13095
13098
13101
13102
13103
13104
13107
13106
13109
13111
13110
13125
13120
13123
13124
13152
13155
13156
13157
13642
13644
13645
13643
13652
13651
13653
13654
13655
13669
13687
13686
13683
13670
13685
13684
13698
13696
13699
13702
13708
13706
13709
13701
13705
13710
13717
13707
13714
13715
13718
13722
13723
13712
13719
13720
13721
13716
13725
13724
13731
13727
13728
13726
13730
13733
13734
13737
13741
13738
13740
13742
13739
13747
13748
13750
13749
13751
13744
13752
13746
13756
13753
13755
13754
13757
118
4592
4593
4594
4595
86
7059
7062
7063
7065
7066
7067
69
79
80
83
88
91
94
101
111
112
115
120
123
126
13405
9790
9198
9199
9200
9201
9202
9203
9208
9210
9211
1111
1112
1114
1116
1117
9349
9350
9351
9352
9353
9356
9358
9362
9365
9355
9746
9743
9753
9758
9755
9757
9760
9785
9787
9789
9794
9795
9802
9803
9066
9993
9997
10003
9067
10121
10123
10125
10126
10139
10142
10153
10155
10158
10157
10171
10176
10174
9069
10319
10317
10349
10351
10378
10381
10410
10413
10432
10461
10464
10493
10499
10503
10505
10502
10508
10510
10506
10512
10513
10514
10521
10519
10531
10534
10535
10537
10538
10540
10542
10544
10545
10546
10553
9072
8988
9003
9004
9005
9008
9009
9010
9011
9012
9013
9014
9015
9016
9017
9018
9019
353
9108
9094
9205
9206
1113
9357
9140
9126
9152
9154
9155
9156
9157
9065
9158
9159
9160
9161
9166
9167
9169
9168
9170
9171
9173
9174
9176
9178
9179
9182
9184
9186
9187
9188
9189
9190
9191
9192
9193
9006
9214
9007
9217
9218
9219
9221
9220
9225
9229
9232
9239
9236
9242
9251
9250
9255
9243
9253
9249
9252
9257
9264
9261
9271
9268
9275
9274
9021
9020
9283
9284
9286
9285
9288
9023
9295
9299
9302
9298
9300
9296
9297
9301
9303
9304
9305
9307
9306
9310
9308
9309
9317
9315
9318
9316
9320
9328
9331
9329
9052
9053
9333
9330
9063
9332
9327
9334
9336
9079
9081
9339
9337
9084
9085
9335
9092
9093
9095
9096
9097
9340
9098
9338
9341
9034
9342
9033
9359
9105
9367
9031
9037
9366
9035
9370
9374
9375
9124
9125
9382
9385
9383
9384
9381
9388
9127
9128
9394
9039
9129
9130
9391
9390
9040
9397
9398
9137
9399
9402
9407
9406
9361
9411
9413
9414
9415
9389
9387
9393
9418
9392
9434
9436
9438
9437
9439
9435
9440
9450
9448
9451
9468
9222
9223
9224
9226
9228
9230
9231
9234
9237
9238
9254
9256
9258
9260
9262
9263
9266
9269
9270
9408
9595
9596
9597
9598
9409
9599
9600
9601
9602
9603
9410
9604
9605
9606
9071
9607
9416
9645
9646
9419
9649
9652
9654
9657
9658
9421
9659
9660
9661
9662
9422
9663
9423
9424
9425
9426
9427
9428
9429
9430
9431
9432
9433
9728
9742
9360
9368
9369
9371
9372
9373
9400
9401
9403
9404
9405
9047
9049
13508
13511
13512
13516
13519
13524
13528
13529
13548
13560
13561
14444
14447
12753
12951
12954
12952
12953
12955
12956
12957
12958
12960
12961
12962
12963
12964
12965
12966
12967
12968
12969
12970
12971
12972
12973
12974
12975
12976
12977
12980
12978
12979
12981
12988
12985
12986
12982
12983
12984
12987
12989
12990
12745
12692
12752
12707
12708
12715
12716
12721
12724
6979
6976
6977
6981
6980
6982
6990
6978
6993
6994
6995
6996
12684
12689
84
89
90
92
93
95
116
121
122
124
125
128
127
129
160
161
622
631
12482
12485
12507
12508
12518
12514
12517
12572
12573
12574
12575
12576
12579
12580
12608
12609
5314
12616
12619
12660
12620
12663
12664
12661
12662
12668
12669
12671
12670
12674
12665
12666
12667
12717
12672
12673
12675
12676
12677
12680
12681
12682
12683
12720
1011
1012
1016
1018
1019
1020
1021
1022
1025
1026
12757
1029
1057
1058
1061
12754
12759
12685
12688
13406
13407
13438
13439
983
1014
1015
1017
14021
14025
14026
14037
14041
14042
14045
14049
14054
14057
14058
14053
14069
14074
14073
14077
14086
14088
14089
14092
14104
14107
14108
14109
14111
14118
14120
14121
14124
14156
14154
14158
14162
14163
14164
14165
14166
14161
14159
14169
14173
14174
14167
14171
14176
14175
14180
14178
14181
14184
14186
14183
14188
14191
14193
14190
14194
14195
14196
14197
14201
14205
14206
14198
14199
14203
14210
14213
14207
14211
14215
14217
14218
14214
14220
14222
14223
14224
14225
14226
14228
14236
14237
14238
14245
14247
14243
14246
14242
14250
14252
14254
14256
14257
14258
14260
14268
14269
14270
14271
14272
14273
14274
14276
14277
14278
14279
14280
14281
14284
14286
14305
14306
14308
14309
14310
14311
14312
14316
14318
14334
14336
14017
14022
14208
14212
14216
14219
14221
14227
14229
14232
14233
14234
14235
14343
14240
14244
14248
14251
14253
14255
14259
14261
14264
14265
14266
14267
14350
14347
14355
14275
14359
14356
14360
14283
14285
14287
14363
14288
14289
14290
14291
14292
14293
14294
14295
14298
14299
14300
14301
14303
14368
14373
14304
14307
14313
14315
14317
14319
14320
14321
14322
14375
14379
14382
14323
14324
14325
14326
14327
14330
14331
14332
14333
14335
14386
14387
14388
14395
14337
14338
14400
14402
14403
14405
14339
14410
14411
14412
14418
14434
14432
14435
14436
14437
14442
14443
14450
14475
14477
14478
14479
14481
14482
14483
14484
14485
14486
14507
14509
14510
14511
14513
14514
14515
14516
14517
14518
14530
14532
14538
14540
14542
14550
14551
14553
14554
14562
14582
14583
14586
14585
14341
14570
14572
14574
14352
14354
14361
14369
14370
14371
14384
14391
14392
14393
14465
14466
14467
14468
14469
14471
14474
14487
14497
14498
14499
14500
14501
14503
14506
14519
14528
14531
14533
14534
14537
14539
14544
14545
14547
14556
14560
14563
14588
14564
14565
14566
14569
14571
14576
14577
14579
11913
11917
11918
11919
11922
11923
11924
11925
11926
11927
11929
11930
11931
11932
11936
11937
11939
11940
11941
11942
11943
11945
11949
11950
11951
11952
11953
11954
11955
11956
11957
11958
11959
11961
11962
11963
11964
11965
11968
11969
11973
11974
11975
11976
11977
11978
11979
11980
11981
11982
11983
11984
11986
11987
11988
11989
11990
11991
11992
11994
11995
11996
11998
11997
11999
12001
12005
12006
12007
12008
12009
12010
12011
12012
12013
12014
12015
12016
12018
12019
12020
12021
12022
12023
12024
12026
12027
12028
12029
12030
12031
12034
12037
12040
12041
12042
12043
12044
12045
12048
12051
12052
12053
12054
12055
12062
12066
12069
12072
12073
12074
12075
12076
12080
12083
12077
12084
12085
12086
12087
12094
12104
12108
12107
12105
12106
12109
12110
12114
12111
12113
12112
12115
12116
12118
12121
12120
12117
12119
12122
12124
12123
12126
12127
12125
12139
12138
12137
12136
12140
12141
12142
12143
12145
12144
12146
12147
12148
12149
12150
12151
12152
12153
12154
12156
12155
12157
12158
12159
12161
12160
12163
12162
12165
12168
12167
12166
3066
12171
12172
12169
12175
12173
12174
12170
12178
12177
12176
12180
12184
12182
12179
12181
12185
12183
12186
12187
12189
12190
12188
12192
12193
12191
12194
12198
12197
12195
12199
12200
12201
12202
12203
12204
12032
12210
12205
12211
12208
12213
12209
12206
12212
12215
12216
12214
12217
12220
12219
12221
12222
12218
12223
12224
12227
12232
12233
12236
12239
12240
12241
12242
5760
5763
12243
5765
5766
5768
5769
5770
12244
5773
5775
12246
12248
12247
5792
12250
5795
5797
5798
5800
5802
5805
5807
12252
12245
12251
12249
12255
12254
12046
12253
12256
12050
12035
12078
12033
12036
12049
12068
12064
12067
12065
12082
12081
11920
11921
11933
11938
12000
12056
12057
12058
12059
12060
12061
12063
13668
13671
12088
12089
12090
12091
12092
12093
12095
12096
12128
12207
13502
13503
13665
8782
8786
8788
8797
8820
8829
8930
8814
8818
13263
13295
13571
13603
6485
13526
1994
2026
2315
2318
2314
2321
2334
2341
2342
2340
2343
2346
2350
2353
2347
2357
2358
2360
2361
2359
2362
2366
2367
2368
2369
2371
2372
2373
2375
2377
2374
2376
2380
2409
2412
2406
2408
2585
2617
13514
2828
2860
3016
3104
3165
3167
3164
3163
3169
3176
3173
3168
3179
3177
3180
3178
3172
3181
3195
3199
3200
3197
3201
3196
3203
3202
13501
3205
3204
3207
3209
3208
3214
3213
3212
3211
3210
3236
3242
3243
3237
3240
3244
3245
3327
3330
3332
2379
3334
3295
3337
3341
3348
3349
3350
2378
3352
3353
3361
3360
3362
3364
3366
3367
3370
3369
3373
3381
3371
3385
3382
3394
3380
3384
3396
3392
3397
3405
3399
3393
3398
3414
3425
3421
3415
3423
3426
3424
3428
3422
3430
3431
3429
3437
3446
3454
3453
3455
3447
3458
3461
3462
3463
3466
3465
3464
3467
3490
2356
3634
3635
3175
3636
3637
3220
3252
3333
3336
3340
3638
3639
3640
3356
3357
3358
3359
3363
3365
3368
3372
4145
4147
3388
3389
3390
3391
3400
3401
3402
3403
3404
3406
3407
3408
3409
3410
3411
3412
4163
4150
4151
4154
3413
3416
3417
3418
3419
3420
4157
4166
4162
4164
3432
3433
3434
3435
3436
3438
3439
3440
3441
4169
4165
3442
3443
3444
3445
4167
4170
4174
4168
4172
4179
4171
4176
3448
3449
3450
3451
3452
4177
4194
3456
3457
3459
4202
4198
4197
4196
4211
4203
4206
4200
4199
3460
4258
4260
4261
4259
4263
4268
4274
4354
4358
4357
4367
4370
4361
4369
4368
4364
4371
4374
4375
4372
4373
4377
4384
4385
4379
4378
4376
4381
4382
4388
4387
4391
4394
4397
4386
4383
4390
4389
4392
4398
4395
4393
4396
4399
4401
4400
4402
4403
4404
4406
4408
4410
4409
4405
4413
4407
4411
4416
4614
4418
4420
4414
4419
4415
4610
4613
4615
4616
4617
4618
4619
4620
4621
4625
4626
4627
4628
4629
4630
4631
4632
4637
4640
4706
4639
4643
4634
4644
4704
4705
4635
4636
4659
4642
4667
4641
4661
4645
4662
4707
4712
4713
3488
4714
4715
4666
4694
4668
4716
4730
3489
4711
4709
4731
4734
4724
4722
4725
4727
4718
4717
4719
4720
4723
4721
4726
4728
4729
4732
4733
4735
4742
4744
4743
4741
4745
4755
4753
4758
4752
4757
4756
4766
4767
4774
4776
4773
4777
4775
4784
4785
4790
4789
4787
4799
4788
4800
4804
4801
4805
4798
4803
4808
4806
4809
4817
4816
4813
4814
4812
4815
4810
4818
4820
4826
4821
4822
4836
4831
4835
4842
4838
4761
4833
4841
4846
4832
4840
4830
4850
4837
4848
4849
4852
4854
4858
4847
4845
4844
4380
4862
4853
4863
4864
4866
4868
4865
4874
4872
4869
4867
4870
4765
4875
4871
4879
4880
4873
4883
4878
4888
4894
4885
4886
4876
4877
4893
4882
4884
4887
4881
4889
4892
4793
3632
4896
4891
4899
4890
3633
4905
4902
4898
4897
4903
4908
4895
4913
4907
4900
4915
4904
4901
4911
4919
4912
4909
4914
4906
4923
4920
4797
4926
4916
4917
4910
4924
4925
4921
4922
4918
4796
4936
4929
4927
4931
4928
4934
4935
4939
4938
4932
4930
4933
4940
4937
4944
4943
4941
4945
4949
4942
4946
4972
4947
4978
4981
4980
4948
4977
5562
5556
5558
5557
5559
5565
5554
5561
5555
5564
5563
5567
5566
5560
5647
5712
5713
5788
5787
5789
5793
5794
5791
5808
5819
4412
5830
5835
5824
5821
5820
5829
5823
5838
5843
5834
5839
5844
5845
5846
5842
5849
5848
5850
5847
5852
5851
5859
5855
5854
5857
5860
5864
5858
5853
5856
5863
5866
5861
5867
5862
5871
5876
5865
5875
5870
5877
5880
5878
5879
5884
5881
5885
5883
5888
5889
5887
5882
5900
5886
5892
5890
5893
5895
5891
5896
5898
5894
5901
5899
5904
5903
5906
5908
5902
5907
5909
5910
5905
5913
5911
5929
5932
5914
5915
5912
5921
5917
5919
5918
5927
5924
5925
5930
5920
5933
5931
5922
5926
5935
5923
5934
5928
5936
5938
5940
5937
5939
5941
5942
5943
5951
5946
5945
5947
5949
5944
5950
5957
5955
5961
5960
5962
5963
5964
5967
5968
5966
5979
5978
5977
5965
5969
5992
5976
5982
5993
5983
5998
5995
5996
5999
6000
5997
6002
5994
6005
6009
6011
6010
6001
6004
6003
6008
6015
6014
6338
6370
6414
6419
6417
6418
6421
6420
6426
4417
6423
6422
6433
6424
6431
6434
6436
6427
6435
6432
6438
6442
6440
6439
6453
6437
6443
6441
6449
6451
6446
6450
6454
4622
4623
4624
6452
6456
6458
6459
6455
6462
6463
6470
6479
6486
4633
6488
6484
4638
6489
6493
6487
4708
4710
6502
6515
6518
6511
6519
6517
6516
6520
6525
6526
6523
6522
6521
6528
6527
4737
4738
6548
4740
6535
4746
6543
6541
6542
6547
4764
4769
4770
4772
6551
6546
6554
6550
6560
4778
6559
6577
6580
6567
6575
6582
6574
6573
6586
6602
6604
6578
6592
6583
6579
6591
6614
6539
6594
6606
6597
6607
6595
6538
6593
6596
6610
6601
6603
6600
6599
6609
6608
6615
6634
6619
6625
6621
6612
6636
6571
6620
6618
6611
6613
6629
6646
6626
6623
6622
6624
6616
6641
6570
6633
6627
6632
6638
6644
6631
6628
6642
6640
6639
6648
6650
6664
6647
6643
6635
6653
6651
6656
6654
6645
6655
6652
6657
6673
6676
6678
6680
6675
6677
6683
6672
6671
6674
6679
6684
6689
6688
6703
6708
6707
7045
7050
7070
7071
7072
7074
7075
7068
7052
7076
7077
7078
7079
7080
7081
7069
7082
7083
7102
7084
7103
7085
7109
7097
7100
7112
7099
7111
7098
7101
7106
7105
7114
7108
7110
7118
7122
7129
7131
7141
7137
7132
7138
7140
7144
7146
7143
7142
5897
7150
7154
6545
6549
6552
6553
6555
6556
6557
6558
6581
6584
6585
6587
6588
6589
6590
7161
7163
7164
7169
6617
7168
7170
6649
7171
7177
6696
7054
7055
7086
7087
7088
7089
7090
7091
7092
7093
7094
7095
7096
7104
7107
7113
7115
7116
7117
7119
7120
7121
7123
7124
7125
7126
7127
7128
7130
7133
7134
7135
7136
7139
7202
7196
7200
7201
7145
7203
7147
7148
7149
7209
7151
7152
7153
7155
7156
7228
7157
7158
7159
7237
7239
7240
7160
7162
7165
7166
7167
7172
7173
7174
7175
7176
7178
7179
7180
7181
7247
7182
7183
7184
7252
7253
7256
7185
7186
7187
7188
7189
7190
7191
7192
7193
7194
7195
7197
7198
7199
7204
7205
7206
7207
7208
7210
7211
7212
7213
7214
7215
7216
7217
7218
7219
7220
7221
7271
7222
7223
7224
7225
7226
7269
7272
7227
7285
7279
7229
7284
7288
7230
7231
7232
7233
7234
7297
7301
7302
7303
7235
7236
7307
7310
7238
7313
7317
7319
7322
7324
7329
7321
7325
7327
7323
7326
7333
7335
7241
7334
7339
7342
7345
7349
7351
7353
7354
7355
7359
7356
7357
7358
7361
7360
7242
7243
7244
7245
7246
7365
7363
7364
7248
7249
7250
7251
7254
7257
7258
7259
7260
7261
7262
7263
7415
7422
7264
7423
7424
7426
7427
7431
7428
7432
7433
7434
7435
7438
7265
7266
7436
7437
7439
7441
7443
7267
7268
7270
7273
7274
7275
7276
7277
7447
7278
7280
7281
7282
7283
7286
7289
7290
7291
7292
7293
7453
7294
7295
7296
7451
7299
7456
7458
7459
7305
7306
7466
7460
7468
7464
7465
7467
7463
7469
7470
7471
7473
7314
7475
7315
7316
7318
7483
7479
7320
7488
7328
7485
7520
7331
7519
7337
7338
7346
7347
7535
7537
7348
7350
7536
7352
7543
7538
7539
7541
7540
7542
7544
7546
7547
7545
7549
7548
7550
7551
7560
7561
7372
7373
7375
7562
7379
7380
7407
7411
7412
7567
7413
7414
7568
7416
7420
7570
7421
7569
7572
7573
7425
7576
7577
7429
7430
7580
7579
7578
7581
7592
7593
7440
7442
7594
7444
7445
7446
7448
7449
7450
7452
7454
7455
7457
7599
7601
7602
7600
7461
7462
7472
7474
7605
7604
7476
7477
7478
7609
7480
7608
8015
8016
8017
7481
7482
7484
8018
7486
8022
7487
8019
7489
7490
7491
8037
7492
7493
8020
8040
8039
7521
8028
8043
8045
7522
7523
7524
8023
8024
8021
8041
7525
8027
8030
8025
8026
8036
8046
8061
8064
8034
8056
8058
8059
8068
8051
8071
7530
8042
8072
8073
8074
8075
8067
8047
8066
8077
8057
8044
8078
8083
8081
8048
8082
8060
7533
8053
8049
8070
8062
8065
8050
8076
8054
8052
8079
7534
8096
8069
8055
8103
8104
8105
8084
8107
8106
8109
8088
8110
8087
8113
8080
8090
8114
8089
8115
8091
8097
8085
8086
8101
8093
8102
8092
8094
8099
8100
8095
8098
8108
8117
8118
8119
8112
8111
8116
8125
8120
8121
8127
8123
8122
8124
8126
8129
8130
8131
8128
8132
8134
8133
8135
8141
8138
8158
8137
8136
8144
8139
7552
8140
8146
8150
7553
8143
8142
8145
8152
8147
7554
8148
8155
8149
7555
8160
8151
8165
7556
7557
8153
8156
8154
7558
8164
8157
7559
8159
8161
8170
8163
8190
8162
8168
8172
8166
8169
8167
8186
8173
8174
8171
8181
8175
8176
8177
8178
8179
8180
8182
8188
8185
8184
8183
8189
8191
8193
8187
8194
8195
8192
8199
8206
8203
7563
8369
8209
8371
8370
7564
7565
8210
8372
8374
7566
8392
8393
8379
8430
8426
8398
8425
8424
8397
8394
7571
8439
8429
8436
7574
8445
8450
8442
8452
8447
8443
8451
8444
7575
8453
8446
8454
8449
8448
8459
8460
8461
8455
8456
8458
8457
8472
8476
8479
8508
8512
7583
8510
8473
8474
8478
7584
8477
8480
8509
8511
8513
8481
8518
8515
8482
8514
8516
8521
8524
8527
7585
7586
7587
7588
7589
7590
8520
8525
8533
8531
8523
8519
8530
8532
8534
8529
8517
7591
8535
8526
8537
8528
8554
8540
8536
8544
8541
8547
8545
8543
8539
8542
8538
8549
8546
8550
8555
8552
8548
8551
8553
8561
8556
8560
8559
8558
8557
8564
8562
8563
8566
8567
8568
8580
8565
8570
8573
8569
8574
8571
8572
8577
8579
8575
8581
8578
8582
8583
8585
8588
8584
8586
8587
8589
8590
8592
8591
7595
7596
8593
8597
8595
8594
8596
8598
8600
8612
8599
8602
7597
8601
8604
8606
8603
8607
8605
8617
8609
8610
8611
8614
8615
8616
7598
8618
8613
8621
8622
8619
8623
8624
8620
8629
8627
8626
8630
8631
8625
8628
8635
8633
8636
8634
8637
8632
8638
8640
8639
8642
8641
7603
8643
8645
8646
8644
8648
8649
8647
8653
8651
8650
8654
8656
8657
8655
8658
8660
8661
8664
8667
8663
8662
8659
8666
8665
8668
8669
8670
8672
8674
8671
8673
8675
8678
8679
8680
8677
8676
8681
8682
8683
8685
8686
8687
8691
8688
8692
8690
8694
7606
7607
8695
8689
8693
8696
8697
8698
8699
8701
8702
8704
8700
8703
8705
8716
8707
8717
8706
8709
8708
8711
8714
8710
8713
8715
8718
8719
8712
8723
8720
8724
8722
8725
8721
8726
8728
8729
8731
8734
8732
8741
8742
8733
8735
8738
8736
8737
8739
8740
8744
8743
8745
8746
8749
8748
8747
8751
8752
8753
8755
8754
8770
8758
8760
8757
8750
8761
8756
8771
8763
8764
8765
8029
8031
8032
8766
8767
8033
8035
8780
8038
8063
9608
9640
11934
11912
11914
11916
11915
11935
11947
11946
11967
11948
11960
11944
11970
11966
11928
11985
12003
12025
11993
11972
11971
12004
12017
12002
12101
12132
12133
12100
8522
8576
8608
14018
14020
14016
14024
14019
14023
14031
14027
14028
14043
14050
14038
14040
14048
14044
14046
14055
14047
14056
8769
8772
8773
8775
8776
8777
8778
8779
14060
8807
14075
14051
14052
14072
14070
14078
8808
8809
8810
8811
14079
14076
14209
14231
14230
14239
14241
14249
14262
14263
14282
14296
14297
14302
14314
14328
14329
14342
14345
14344
14349
14346
14348
14358
14364
14357
14365
14353
14367
14376
14374
14378
14380
14377
14390
14385
14381
14389
14396
14397
14399
14401
14409
14406
14413
14414
14419
14416
14420
14421
14417
14422
14424
14425
14427
14426
14429
14423
14428
14433
14431
14438
14445
14451
14430
14446
14441
14455
14453
14449
14456
14452
14448
14454
14459
14458
14457
14460
14464
14461
14462
14463
14473
14472
14480
14476
14492
14490
14491
14493
14488
14489
14495
14496
14494
14508
14512
14504
14505
14523
14521
14520
14522
14525
14529
14526
14524
14535
14527
14541
14543
14549
14536
14561
14557
14559
14558
14568
14567
14573
14575
14590
14591
14589
14593
14581
14601
14613
14612
14611
14614
14606
14608
14638
14633
14625
14635
14646
14639
14640
14644
14643
14642
14657
14645
14678
14681
14684
14683
14687
14689
14713
14719
14716
14715
14720
14752
14749
14758
14759
14761
14340
14351
14362
14366
14372
14383
14394
14398
14404
14407
14439
14470
14502
14546
14552
14555
14578
14584
14765
14587
14592
14594
14595
14596
14597
14598
14599
14600
14603
14607
14610
14620
14622
14623
14624
14626
14627
14628
14629
14630
14631
14632
14799
14800
14652
14654
14655
14739
14741
14742
14743
14744
14747
14748
14750
14751
14753
14754
14757
14760
14762
14763
14766
14768
14771
14773
14774
14775
14776
14779
14780
14781
14782
14783
14784
14785
2391
2394
2423
2430
2426
2429
2434
2452
2466
2484
2503
2522
2535
2527
14794
3219
3251
14796
14797
4224
4225
4232
4256
4249
8993
8992
8995
9180
9181
9194
9195
9227
9244
9197
9245
9196
9247
9233
9246
9235
9207
9204
9240
9241
9267
9209
9212
9213
9216
9248
9265
9259
9272
9273
9278
9277
9276
9279
9281
9280
9282
9287
9289
9294
9292
9290
9321
9323
9326
9291
9325
9293
9312
9313
9314
9319
9322
9324
9363
9364
9395
9396
9412
9417
9420
9444
9449
9452
11300
11303
11304
11376
11375
11377
11378
11379
11380
11381
11382
11383
11386
11389
11385
11390
11388
11397
11391
11398
11404
11387
11403
11407
11406
11408
11409
11416
11413
11414
11415
11410
11411
11412
11419
11421
11417
11418
11423
11422
11420
11435
11436
11429
11430
11439
11440
11441
11438
11442
11443
11447
11446
11445
11444
11451
11449
11450
11448
11452
11453
11455
11454
11456
11457
11459
11458
11461
11460
11462
11463
11467
11465
11466
11468
11469
11464
11470
11482
11472
11473
11471
11474
11475
11477
11476
11479
11478
11480
11481
11483
11487
11485
11484
11486
11488
11498
11489
11490
11499
11502
11491
11493
11492
11495
11494
11496
11497
11501
11500
11503
11504
11505
11515
11516
11517
11519
11507
11508
11518
11506
11509
11511
11510
11513
11512
11514
11520
11521
11522
11523
11527
11526
1045
991
1046
1023
1038
1049
1027
1040
1028
1059
1044
1043
1037
1076
1072
1069
1070
1060
1078
1075
1081
1077
13437
9621
9616
9618
9612
9754
9615
9609
9644
9624
9765
9641
9748
9653
9751
9651
9623
9736
9731
9648
9750
9619
9756
9650
9655
9647
9734
9735
9733
9767
9656
9732
9744
9741
9738
9737
9739
9740
9771
9749
9745
9759
9774
9766
9761
9772
9747
9773
9792
9762
9781
9764
9780
9763
9770
9777
9769
9776
9783
9775
9791
9779
9768
9782
9788
9778
9808
9786
9801
9797
9796
9807
9793
9799
9813
9804
9824
9800
9805
9817
9823
9815
9934
9819
9942
9927
9818
9931
9930
9922
9935
9947
9923
9929
9820
9956
9921
9950
9937
9928
9933
9924
9938
9925
9936
9926
9964
9932
9941
9969
9957
9940
9949
9943
9948
9955
9953
9963
9958
9954
9967
9979
9972
9962
9960
9951
9959
9966
9968
9965
9974
9961
9970
9975
9973
9981
9980
10000
9982
9988
9985
9984
9987
10087
9983
9995
9998
10093
9999
10092
10004
10098
10115
10102
10101
10095
10105
10091
10090
10094
10106
10099
10103
10120
10104
10130
10109
10100
10127
10110
10112
10114
10107
10111
10116
10128
10108
10119
10134
10117
10132
10118
10113
10135
10146
10145
10124
10159
10131
10165
10133
10147
10136
10144
10137
10138
10143
10156
10151
10141
10148
10150
10149
10152
10162
10160
10166
10164
10178
10163
10170
10169
10168
10182
10312
10167
10326
10173
10175
10318
10316
10180
10183
10181
10186
10313
10324
10322
10328
10187
10320
10321
10350
10315
10332
10327
10334
10311
10314
10329
10331
10325
10341
10323
10339
10337
10336
10348
10330
10352
10335
10340
10362
10346
10363
10361
10364
10345
10344
10353
10343
10359
10357
10347
10370
10356
10360
10354
10355
10379
10367
10371
10369
10366
10380
10358
10394
10376
10392
10373
10382
10383
10386
10387
10388
10384
10399
10395
10405
10396
10389
10397
10421
10398
10430
10403
10401
10412
10429
10402
10408
10415
10433
10411
10427
10416
10414
10431
10426
10420
10434
10424
10419
10428
10418
10451
10442
10440
10435
10456
10444
10447
10445
10452
10449
10443
10454
10448
10439
10438
10467
10441
10465
10450
10476
10463
10460
10462
10457
10472
10482
10498
10471
10466
10459
10477
10474
10494
10458
10486
10470
10475
10484
10483
10481
10479
10524
10480
10473
10489
10509
10490
10500
10492
10495
10497
10496
10504
10525
10507
10516
10491
10520
10501
10488
10541
10549
10557
10547
10548
10526
10515
10518
10517
10522
10536
10562
10543
10555
10530
10527
10533
10550
10532
10529
10511
10523
10528
10558
10551
10539
10554
10552
10556
10559
10563
14408
14440
14415
13527
13559
12039
12071
12097
12099
12102
12103
12129
12131
12134
12135
12164
12196
12235
8205
8207
8211
8212
8221
8224
8225
8226
8227
8237
8239
8243
8244
8253
8263
8264
12098
12130
8306
8310
8311
8307
2011
2043
2071
2072
2074
2075
2076
2078
2079
2080
2082
2083
2087
2091
2092
2096
2097
2098
2095
2099
2100
2101
2102
2103
2104
2106
2107
2108
2110
2111
2112
2113
2114
2115
2116
2117
2118
2119
2120
2121
2123
2124
2127
2126
2125
2131
2129
2130
2134
2128
2132
2138
2135
2139
2140
2137
2143
2144
2141
2142
2145
2146
2147
2148
2149
2150
2151
2152
2153
2155
2156
2157
2158
2159
2160
2161
2162
2163
2166
2167
2169
2170
2171
2172
2173
2174
2175
2176
2177
2180
2181
2182
2183
2184
2186
2187
2188
2189
2190
2192
2195
2198
2199
2201
2202
2208
2209
2212
2213
2214
2215
2218
2216
2219
2220
2221
2222
2224
2227
2230
2231
2234
2233
2240
2241
2244
2242
2243
2245
2246
2247
2248
2249
2250
2251
2253
2252
2254
2256
2260
2259
2257
2255
2261
2258
2262
2264
2265
2268
2267
2266
2270
2274
2273
2272
2271
2269
2278
2277
2280
2276
2275
2281
2279
2282
2283
2288
2284
2285
2289
2287
2286
2290
2292
2294
2293
2291
2296
2299
2301
2300
2297
2298
2302
2303
2304
2305
2306
2308
2311
2309
2307
2331
2310
2339
2337
2338
2363
2364
2365
2425
2393
2592
2133
4161
4173
4160
4192
4205
4193
2136
2073
2081
2084
2085
2086
2088
2089
2090
2093
2105
2109
4996
4997
4999
5000
5001
5004
5005
2165
2168
2178
2179
5006
5007
5009
5010
5011
5012
5013
5014
5015
5016
5017
5018
5019
5021
5022
5023
2193
5027
5028
5029
5031
5032
2196
2197
2200
2203
2204
5033
2205
2206
2207
2210
2211
5036
5037
5038
5039
5041
5042
5043
5044
5045
5046
2225
2228
5047
5048
2229
2232
2235
2236
2237
2238
5049
5050
5051
5053
5054
5055
5056
5057
5059
5060
5062
5063
2239
5064
5065
5066
5067
5068
5069
5070
5073
5074
5072
5075
5076
5077
5079
5080
5081
5083
5087
5088
5089
5091
5092
5094
5095
5096
5097
5098
5099
5100
5101
5102
5104
5105
5106
5107
5108
5109
5111
5112
5113
5115
5119
5120
5123
5124
5126
5127
5136
5144
5145
5146
5147
5148
5149
5150
5151
5152
5155
5159
5158
5156
5168
5177
5176
5178
5180
5179
5183
5181
5182
5185
5186
5184
5188
5187
5189
5190
5193
5191
5192
5196
5197
5200
5201
5203
5204
5210
5207
5206
5208
5209
5212
5213
5211
5215
5214
5218
5220
5221
5216
5217
5222
5225
5229
5232
5233
5228
5235
5236
5238
5239
5240
5241
5242
5243
5244
5245
5246
5247
5248
5249
5251
5250
5252
5253
5254
5257
5274
5276
5277
5275
5278
5279
5281
5280
5282
5283
5284
5285
5289
5286
5308
5310
5309
5311
5373
5446
5478
5445
5477
5602
5605
5604
5606
4998
5002
5003
5008
5024
5025
5026
5030
5034
5035
5040
5058
5061
5085
5086
5090
5093
5117
5118
5121
5122
5125
5128
5129
5130
5131
5132
5133
5134
5135
5137
5139
5153
5154
5157
5160
5161
5162
5163
5164
5165
5166
5167
5169
5171
5194
5195
5198
5199
5202
5205
5234
5237
1163
1164
1165
1166
1162
12994
12995
13010
13009
13011
13012
13015
13016
13017
12225
11673
11689
11705
11723
11724
11755
11756
11793
11825
11826
11794
7056
14656
14658
14659
14660
14661
14662
14663
14679
14690
14688
14699
14701
14706
14664
14711
14665
14666
14721
14667
14724
14726
14668
14729
14731
14669
14734
14736
14670
14693
14671
14672
14673
14674
14675
14694
14695
14698
14696
14677
14685
14686
14691
14697
14700
12693
14702
14703
14704
14705
14707
14709
14710
14717
14718
14722
14723
14725
14728
14730
14732
14733
14737
14798
12725
14604
14605
14609
14615
14692
14616
14617
14618
14619
14621
14636
14637
14641
14647
14648
14649
14650
14651
14653
717
730
746
747
748
749
750
751
754
755
753
756
757
758
761
762
763
764
765
759
760
766
767
12756
13336
13338
708
13368
13370
13378
13382
13385
13376
13389
13388
13408
13409
13414
13410
13424
13421
13420
13417
13460
13467
13466
13492
13498
13499
13506
13505
13517
13510
13504
13515
13509
13518
13522
13520
13513
13521
13523
13533
13537
13535
13525
13536
13538
13541
13542
13554
13567
13565
13547
723
732
731
733
734
735
740
752
13377
13392
13393
13425
4215
4217
4218
4219
4222
4223
4239
4241
4243
4246
4247
4271
4273
4275
4278
4279
4317
4319
4349
4351
632
1179
1182
337
369
1180
1181
13096
1365
1370
1372
1374
1375
1376
1378
1383
1388
1397
1402
1404
1407
1406
1413
1412
1417
1419
1416
1420
1418
1428
1421
1424
1425
1427
1431
1430
1445
1444
1449
1452
1448
1451
1450
1453
1456
1457
1459
1460
1462
1463
13061
13064
13065
13093
13097
14177
9672
9676
9680
9682
9686
9685
9690
9691
9704
9708
9712
9714
9717
9718
9722
9723
9826
14034
14066
4183
4184
4185
4186
4187
4190
4191
4216
4257
4264
4310
4318
4337
4338
4341
4342
4350
4759
4791
5674
5679
5790
5796
5799
5803
5804
5810
5814
5815
5816
5817
5822
13231
13199
13334
13335
13339
13366
13367
13371
13468
13500
13507
13539
1474
1479
1482
1483
1484
1485
1486
1487
1489
1491
1492
1495
1497
1500
1502
1503
1506
1511
1514
1515
1518
1519
1521
1523
1524
1527
1529
1532
1534
1535
10935
10938
10960
10992
10836
10838
12417
12446
12447
12449
12493
12687
12686
12690
12691
12698
12703
12704
12705
12706
12709
12712
12713
12714
12718
12719
12722
12723
12730
12735
12736
12737
12738
12739
12743
12744
12755
12761
12762
12763
12765
12766
12767
12768
12769
12770
12771
12772
12775
12776
12959
12991
12992
10868
10870
10889
10891
10903
10906
10921
10923
7041
14029
14030
14032
14033
14035
14036
14061
14062
14064
14065
14067
14068
13453
13459
13485
13491
13583
13590
13591
13592
13593
13599
13615
13622
13623
13624
13625
13631
14770
2029
2030
627
1373
2508
2539
2540
2563
2564
2566
2596
2598
2770
2773
2776
2802
2805
2808
3023
3024
4181
4182
4213
4214
4230
4233
4234
4235
4237
4240
4262
4265
4266
4269
4267
4272
4282
4285
4288
4289
4291
4290
4292
4294
4295
4298
4299
4301
4304
4302
4305
4306
4307
4308
4309
4312
4313
4314
4320
4321
4316
4322
4323
4324
4326
4327
4330
4331
4333
4334
4336
4339
4340
4344
4345
4346
4348
1405
5723
5744
1409
1441
12487
12488
12496
12519
12520
12522
12523
12521
12524
12526
12527
12528
12530
12531
12534
12539
12540
12544
12545
12547
12548
12554
12555
12556
12557
12558
12559
12560
12561
12562
12563
12565
12566
12568
12569
12570
12571
12577
2511
2514
2542
2543
2546
2547
9681
9683
9688
12564
12567
9713
9715
9720
13326
13327
13358
13359
276
278
279
290
294
296
297
301
302
305
306
14738
12317
12319
12341
12342
12343
12344
12345
12346
12347
12349
12348
12355
12351
12356
12373
12387
12388
12389
12390
12391
12392
12393
12395
12396
12397
12400
12401
12405
12394
14767
258
262
264
265
269
270
273
274
1115
13216
14727
2761
2762
2763
2764
2766
2767
2769
2772
2793
2794
2795
2796
2798
2799
2801
2804
2839
2840
2841
2869
2879
12700
12701
12702
12732
12733
12734
12993
13462
13494
8990
8994
8996
8997
8999
9022
9024
9025
9026
9027
9028
9029
9030
9032
9036
9038
9041
9042
9043
9044
9045
9046
9048
9050
9051
9054
9055
9056
9057
9058
9059
9060
9061
9062
9064
9068
9070
9073
9074
9075
9076
9077
9078
9080
9082
9083
9086
9087
9088
9089
9090
9091
9099
9100
9101
9103
9104
9106
9107
9109
9110
9111
9112
9113
9114
9115
9116
9117
9118
9119
9120
9121
9122
9123
9131
9132
9133
9135
9136
9138
9139
9141
9142
9143
9144
9145
9146
9147
9148
9149
9150
9151
9153
9162
9163
9164
9165
9172
9175
9177
9185
9752
9784
9920
9939
9944
9945
9946
9952
9971
9976
9977
9978
10088
10089
10096
10097
10122
10129
10140
10154
10161
10172
10177
10179
10184
10185
10188
10189
10190
10191
10192
10193
10195
10197
10198
10199
10200
10201
10202
10203
10204
10205
10206
10207
10208
10209
10210
10211
10213
10215
10216
10212
10214
10217
10218
10219
10220
10221
10222
10223
10224
10225
10227
10229
10230
10231
10232
10233
10234
10235
10236
10237
10238
10239
10240
10241
10242
10243
10244
10245
10246
10247
10248
10249
10250
10251
10252
10253
10255
10256
10258
10259
10260
10261
10262
10263
10264
10266
10267
10268
10269
10270
10271
10272
10273
10274
10275
10276
10277
10278
10279
10280
10282
10283
10284
10281
10285
10287
10288
10290
10291
10292
10293
10294
10295
10296
10298
10299
10300
10301
10302
10303
10304
10305
10307
10308
10309
10310
10342
10372
10374
10375
10377
10385
10390
10393
10404
10406
10407
10409
10417
10422
10564
10565
10567
10425
10566
10568
10569
10571
10570
10572
10573
10574
10575
10576
10577
10578
10579
10582
10583
10584
10580
10581
10585
10586
10590
10591
10592
10594
10595
10596
10597
10598
10599
10600
10601
10602
10603
10604
10605
10606
10607
10608
10609
10610
10611
10612
10613
10614
10615
10616
10617
10618
10622
10626
10623
10624
10627
10628
10629
10632
10633
10785
10786
10787
10788
10790
10791
10793
10794
10795
10796
10797
10800
10801
10802
10803
10804
10805
10806
10807
10809
10810
10811
10813
10814
10815
10816
10817
10819
10820
10818
10821
10825
10826
10827
10829
10830
10831
10832
10834
10835
10837
10839
10840
10841
10843
10844
10845
10846
10847
10848
10849
10850
10851
10852
10853
10857
10858
10859
10861
10862
10863
10864
10866
10867
11007
11008
11009
11010
11011
11012
11013
11014
11015
11016
11017
11018
11019
11020
11021
11022
11023
11024
11025
11026
11027
11028
11029
11030
11031
11032
11033
11034
11035
11036
11037
11038
11039
11040
11041
11042
11043
11044
11045
11046
11047
11048
11049
11050
11051
11052
11053
11054
11055
11056
11057
11058
11059
11060
11061
11062
11063
11064
11065
11066
11067
11068
11069
11070
11071
11072
11073
11076
11075
11074
11077
11078
11079
11080
11081
11082
11083
11084
11085
11086
11087
11088
11089
11090
11091
11092
11093
11094
11095
11096
11097
11098
11099
11100
11101
11102
11103
11104
11105
11106
11107
11108
11109
11110
11111
11112
11113
11114
11115
11116
11117
11118
11119
11120
11121
11122
11123
11124
11125
11126
11127
11128
11129
11130
11131
11132
11133
11134
11135
11136
11137
11138
11140
11139
11143
11144
11145
11146
11147
11148
11149
11150
11151
11153
11154
11155
11156
11157
11159
11160
11162
11163
11164
11165
11166
11167
11168
11169
11170
11171
11172
11177
11175
11176
11178
11179
11180
11181
11183
11182
11185
11186
11187
11188
11189
11191
11192
11194
11195
11196
11197
11198
11199
11200
11201
11202
11203
11204
11205
11206
11207
11208
11209
11210
11211
11212
11213
11214
11215
11216
11217
11218
11219
11220
11221
11222
11223
11224
11225
11226
11227
11228
11229
11231
11230
11232
11233
11234
11235
11236
11237
11238
11239
11240
11241
11242
11243
11244
11245
11246
11247
11248
11249
11250
11251
11252
11253
11254
11255
11256
11257
11258
11259
11260
11261
11262
11263
11264
11265
11266
11267
11268
11269
11270
11273
11301
10194
10196
10226
10228
10254
10257
10265
10286
10289
10297
14680
14682
14676
14708
14712
14714
2383
2397
2398
2399
2400
2401
2402
2404
2405
2415
5256
5288
5292
5299
5301
5302
5304
5306
5300
5303
5307
14764
14063
14755
133
134
135
136
137
138
139
140
141
142
147
148
151
152
154
155
157
159
165
158
166
167
168
169
170
171
172
173
174
179
180
183
186
187
189
184
190
191
192
193
194
195
197
198
200
196
205
201
207
199
217
219
215
216
218
220
221
222
223
224
225
226
227
228
229
230
231
232
233
237
247
239
248
249
250
251
252
253
254
255
256
257
259
260
261
263
266
267
268
271
272
275
277
280
281
282
283
284
285
286
287
288
289
291
292
293
295
298
299
300
303
304
324
388
389
414
509
8800
8806
8859
694
697
8934
8935
8945
8947
784
785
786
816
817
818
981
1032
1033
1041
1048
1053
1054
1055
1056
1064
1065
1073
1304
1336
9529
9530
9531
9533
9497
1358
1377
1379
1380
1381
1382
1384
1385
1389
1390
1393
1394
1395
1396
9699
9700
1536
1537
1538
1539
1540
1541
1542
1543
1544
1545
1546
1547
1548
1549
1551
1552
1553
1554
1555
1556
1557
9498
9525
9499
11352
11620
11621
11622
11623
11624
11625
11657
8913
8915
8918
8919
8950
12263
8951
12270
12352
12353
12354
8970
12366
12367
12371
12376
12380
12381
12403
12408
12422
12423
12425
12426
12427
12431
12432
12435
12438
12440
12455
12457
12458
12463
12464
12467
12470
12472
12478
12479
12480
12481
12483
12484
12497
12503
12585
12996
12997
12998
12999
13000
13001
13002
13003
13004
13005
13006
13007
13008
13013
13014
13059
13060
13067
13068
13073
13076
13080
13081
13082
13083
13084
13085
13086
13087
13088
13089
13090
13091
13092
13099
13100
13105
13108
13112
13113
13114
13115
13116
13117
13118
13119
13126
13127
13128
13129
13130
13131
13132
13134
13135
13136
13141
13133
13142
13143
13145
13146
13149
13158
13159
13160
13161
13162
13163
13164
13185
13186
13187
13194
13195
13200
13209
13214
13215
13217
13218
13219
13226
13227
13232
13241
13246
13247
13248
13255
13256
13257
13258
13259
13260
13261
13262
13264
13265
13266
13267
13268
13269
13270
13271
13272
13273
13274
13275
13276
13277
13278
13279
13280
13287
13411
13415
13416
13418
13419
13486
13488
13489
13490
13495
12454
13531
12459
13563
13570
13602
9493
6379
6381
6382
6383
6384
6385
6386
6387
6388
6397
6398
6399
6400
6401
6402
6403
6404
6405
6406
6407
6408
6409
6410
6411
6412
6415
6416
6444
6447
6448
6501
6506
6510
6713
6721
6722
6723
6724
6727
6728
6729
6730
6731
6732
6738
6742
6753
6754
6755
6756
6759
6760
6761
6762
6763
6764
6770
6774
6933
6934
6935
6936
6937
6938
6939
6965
6966
6967
6968
6969
6970
6971
6989
6999
7000
7005
7006
7007
7008
7009
7011
7012
7010
7013
7014
7015
7016
7017
7018
7019
7020
7021
7022
7023
7024
7025
7026
7027
7028
7029
7030
7031
7032
7057
9562
9501
9594
9664
9665
9666
9667
9668
9669
9670
9671
9673
9674
9675
9677
9678
9679
9684
9687
9689
9692
9693
9694
9695
9696
9697
9698
9701
9702
9703
9705
9706
9707
9709
9710
9711
9716
9719
9721
9724
9725
9726
9727
9729
9730
14095
14106
14127
14138
14144
14145
14148
14149
14152
13018
13019
13020
13021
13022
13023
13026
13028
13029
13030
13031
13032
13034
13045
13046
13047
13048
13049
13050
13051
13052
13053
13054
13055
13057
13379
13383
13384
13387
13168
13167
13184
13674
13675
13676
13677
10005
10006
10008
10013
10014
10015
10016
10017
10025
10029
10035
10037
10038
10040
10045
10046
10047
10048
10049
10050
10051
10052
10055
10057
10058
10059
10060
10061
10062
10064
10065
10067
10066
10068
10069
10070
10071
10072
10073
10074
10075
10077
10078
10079
10080
10081
10082
10083
10084
11384
11392
11395
11528
11529
11530
11534
11535
11542
11543
11544
11545
11546
11547
11549
11550
11551
11552
11553
11554
11555
11557
11556
11558
11559
11560
11561
11562
11566
11567
11582
11583
11585
11584
11588
11589
11590
11591
11592
11594
11586
11587
11595
11597
11598
11602
11606
10007
10010
10039
10042
11596
11599
11600
11601
11603
11604
11605
13641
13647
13648
13646
13649
13650
13662
13663
13667
13673
13678
13679
13680
13681
13682
12314
12315
12306
12307
12308
12316
12384
12386
12398
12412
12413
12411
12399
12414
1080
1086
1094
1095
1127
1126
7498
7501
7502
7511
7512
7513
7516
7517
7518
10333
10338
10365
4248
5675
5676
5677
5678
5680
5952
5953
5954
5958
5959
5981
5984
5985
5986
5987
5989
5990
5991
8196
8197
8198
8200
8201
8202
8204
32
8235
8236
8305
8366
8367
8368
8415
8462
8463
8464
8465
8466
8467
8468
8469
8475
8485
8488
8484
8487
8483
8486
8489
8490
8491
8492
8493
8494
8495
8496
8497
8498
8499
8500
8501
8504
8505
8506
8507
8208
8213
8214
8215
8216
8217
8218
8219
8220
8222
8223
8228
8229
8230
8231
8232
8233
8234
8238
8240
8241
8242
8245
8246
8247
8248
8249
8250
8251
8252
8254
8255
8774
8407
8410
8411
8412
8413
8414
8382
8383
8404
8768
14602
13664
13666
5764
5767
1103
1104
1107
1135
1136
1139
325
328
329
332
1105
1137
1096
1128
13694
13695
13700
13711
13732
13743
7073
6007
6012
6013
6016
6017
6018
6019
6022
6025
6028
6031
6032
6033
6037
6063
6064
6065
6069
6078
6083
6084
6085
6086
6087
6088
6089
6090
6091
6092
6093
6096
6097
6104
6105
6107
6108
6110
6111
6115
6116
6117
6118
6119
6120
6122
6123
6125
6124
6139
6140
6142
6143
6144
6145
6146
6147
6149
6153
6164
6126
6176
6177
6178
6179
6095
6181
6182
6183
6184
6185
6186
6187
6188
6189
6127
6196
6208
6209
6211
6210
6212
6213
6214
6223
6224
6225
6227
6229
6233
6232
6228
6234
6230
6231
6240
6244
6241
6239
6242
6245
6246
6243
6256
6257
6259
6255
6266
6261
6262
6264
6265
6263
6260
6271
6273
6276
6277
6278
6279
6280
6281
6659
6658
6663
6662
6682
6685
6686
6687
6690
6691
6694
6695
6704
6705
6148
14059
14084
14105
14116
14137
14548
14580
359
362
6150
6094
6106
6152
6109
6141
6151
6154
6155
6156
6157
6163
6165
6166
6167
6168
6180
6195
6197
6198
6199
6200
14769
13173
13175
13174
13177
13178
13386
11524
11525
10437
10455
10469
10487
12385
13288
13294
13290
13289
13291
13292
13296
13298
13299
13293
13300
13297
13301
13303
13306
13302
13304
13309
13305
13310
13458
13454
13768
14039
14071
12784
12787
12795
13762
13794
13800
13815
13818
13800
12785
10799
10808
10812
10822
10823
10824
10828
12694
12726
12786
12788
12789
12791
10854
10855
10856
10860
11006
11158
11161
11141
11173
11190
11193
13783
13786
13035
13041
4736
4747
4748
4749
4750
4751
4754
4760
4763
4768
4779
4780
4781
4782
4783
4786
4792
4795
4802
4807
4811
4819
4823
4824
4825
4827
4828
4829
4834
4839
4843
4851
4855
4856
4857
4859
4860
4861
5916
5948
5956
5970
5971
5972
5973
5974
5988
6081
6082
6112
6113
6114
6128
6129
6136
6137
6158
6159
6160
6161
6162
6169
6170
6171
6172
6173
6174
6175
6190
6191
6192
6193
6194
6201
6202
6203
6204
6205
6206
6207
6215
6216
6217
6218
6221
6219
6222
6220
6226
6235
6237
6238
6250
6249
6236
6247
6248
6251
6252
6253
6254
6258
6267
6268
6269
6270
6274
6275
6283
6284
6289
6288
6290
6291
6292
6293
6294
6295
6296
6297
6298
6299
6301
6302
6306
6307
6308
6309
6320
6334
6286
6282
6287
6098
6099
6100
6130
6131
6132
6138
6285
315
318
2771
3055
3056
4281
4283
4277
4284
4287
4311
4315
4343
4347
9000
5346
10560
10561
10587
10588
10589
10593
10619
10620
10621
10789
10792
10798
11142
11152
11174
11184
331
344
356
363
364
9798
9827
9821
9830
9806
9812
9822
9825
9816
9833
9811
9834
9842
9814
9828
9809
9831
9836
9837
9841
9810
9835
9838
9849
9845
9847
9861
9852
9854
9863
9832
9859
9840
9829
9867
9839
9866
9864
9851
9858
9855
9848
9857
9878
9844
9891
9853
9856
9890
9888
9862
9843
9846
9877
9865
9869
9893
9850
9860
9874
9894
9882
9872
9885
9871
9873
9886
9870
9880
9876
9895
9868
9896
9879
9887
9875
9884
9897
321
9889
9881
9883
9892
9904
9898
9901
9899
9902
9906
9907
9916
9905
9910
9903
9900
9909
9918
9911
9913
9914
9912
9917
9915
9919
12749
12781
13027
13042
13043
13044
358
5341
5785
6020
6021
6024
6048
6046
6049
6045
6050
6051
6052
6053
6054
6056
6057
6060
6077
6272
6469
6474
6478
6529
6530
6531
6532
6533
6534
6544
6561
6562
6563
6564
6565
6566
6576
6660
6666
6692
6698
6706
2370
2403
13311
13315
13316
13319
13320
13317
13321
13324
13325
13347
13348
13349
13350
13351
13352
13353
13356
13357
13442
13446
13447
13450
13451
13456
13457
13463
13474
13478
13479
13482
13483
13307
13308
13318
512
513
514
510
519
518
511
516
515
517
521
520
522
526
524
529
527
525
528
530
531
532
536
537
539
540
544
545
547
546
549
548
550
551
552
553
556
554
557
560
561
559
558
563
571
562
569
568
564
572
6482
6492
12782
12750
6335
1085
1087
1092
1093
1097
1099
1100
1101
1109
1124
1125
1129
1131
1132
1133
1141
2077
322
323
8
9
12
13
14735
14740
14746
14772
14778
14787
14788
14789
14790
14791
14795
415
14756
446
447
459
460
464
465
14792
1091
1123
12511
2504
2523
2548
2513
2505
2526
2545
2525
2521
2506
2537
2538
2536
2549
2553
2554
2551
2555
2557
2558
2559
2560
2561
2562
5836
5837
5840
5841
5868
5869
5872
5873
5874
5975
12501
12500
12505
12506
12502
12504
12515
12509
12513
12512
12510
12516
12525
12529
12533
12538
12535
12532
12536
12537
12541
12542
12543
12546
12549
12550
12551
12552
12553
12578
12581
12582
12583
12584
12679
2552
9908
2550
2556
8998
9001
9992
9990
10009
10002
9991
10018
10011
9989
9994
10021
10012
10022
10023
10028
10044
10020
10043
10034
10033
10053
9986
10024
10041
10026
10001
9996
10054
10019
10030
10056
10086
10085
10032
10400
10036
10063
10368
10027
10436
10306
10031
10446
10468
10453
10485
10478
10635
10639
10076
10636
10625
10645
10644
10642
10634
10631
10648
10637
10643
10638
10640
10646
10630
10641
10649
10652
10647
10655
10654
10651
10662
10668
10672
10669
10667
10661
10666
10663
10657
10671
10664
10660
10656
10676
10673
10678
10665
10674
10675
10670
10684
10659
10677
10679
10689
10681
10680
10693
10690
10686
10683
10658
10696
10687
10694
10698
10695
10692
10688
10691
10703
10706
10697
10704
10705
10710
10699
10711
10701
10707
10715
10708
10721
10716
10725
10731
10713
10728
10712
10723
10727
10709
10722
10730
10729
10714
10726
10720
10724
10738
10718
10733
10735
10717
10742
10740
10737
10736
10743
10739
10719
10747
10755
10753
10754
10741
10745
10752
10756
10744
10758
10749
10748
10767
10751
10765
10761
10766
10762
10759
10763
10768
10750
10760
10746
10764
10774
10772
10775
10769
10771
10757
10770
10782
10776
10773
10781
10842
10783
10778
10779
10777
10874
10784
10780
10881
10880
10882
10883
10869
10871
10884
10892
10872
10875
10888
10885
10890
10886
10887
10877
10876
10894
10895
10896
10873
10878
10893
10897
10879
10900
10901
10899
10902
10905
10908
10898
10914
10913
10912
10910
10909
10907
10915
10922
10904
10919
10925
10920
10911
10918
10928
10924
10916
10917
10926
10927
10932
10929
10937
10931
10930
10933
10941
10934
10936
10942
10940
10949
10952
10946
10945
10947
10955
10954
10939
10953
10950
10951
10944
10948
10943
10957
10958
10956
10961
10962
10959
10965
10964
10968
10966
10967
10973
10971
10974
10969
10970
10976
10963
10977
10978
10981
10983
10650
10984
10979
10985
10988
10987
10986
10993
10991
10972
10980
10982
10975
10990
10989
11004
10994
10996
11003
11005
11001
11000
11002
10998
10997
10999
10995
10653
10682
10685
10700
10702
10732
10734
12821
12824
12826
14155
12950
14157
14160
14168
14170
14179
14182
14187
14189
14192
14200
14202
11537
11538
11569
11570
13165
13166
13181
13323
13355
5786
5813
5818
14745
14777
14801
14634
357
360
361
376
2803
3032
3038
3065
3070
3106
4254
4280
4286
4293
4296
4300
4303
4325
4328
4332
4335
4739
4771
5260
5267
5271
5272
5305
5568
5569
5570
5572
5571
5575
5574
5577
5578
5607
5725
5730
5724
5726
5727
5729
5728
5734
5731
5733
5732
5737
5738
5750
5746
5751
5753
5755
5756
5758
5757
5759
5761
5762
5771
5772
5776
5777
5778
5779
5780
5781
5782
5783
5784
5809
5811
5812
5573
5576
3069
5687
5745
2976
2977
7495
7496
7504
7503
7500
7510
7497
7509
7514
7494
7529
7528
7505
7508
7515
7506
7499
7531
7507
7526
7527
7532
2973
3006
2974
308
310
311
14143
14139
14140
13058
14136
14141
14146
14151
11533
11548
11539
11540
11565
11593
8956
8954
8955
8959
8957
8964
8965
8962
8966
8960
8963
8958
8961
623
12613
12622
12618
12614
12610
12615
12611
12630
12631
12635
12637
7385
7366
7386
7362
7418
7417
7387
7396
7394
7383
7397
7392
7398
7395
7393
7391
7390
7419
8395
8427
13314
13346
7367
7381
7382
7384
7388
7389
7399
7404
7405
12231
12238
12226
307
316
309
314
320
352
319
2164
5020
5052
4175
4178
4207
4210
2194
2223
2094
2226
2191
5114
5110
5116
5084
5078
5082
3615
8303
12695
12696
12727
12764
12806
12728
12797
12804
12811
12812
12796
12805
12819
12838
12807
12810
12822
12799
12830
12802
12834
12843
12829
12842
12839
12828
12836
12837
12823
12820
2020
8400
13033
13056
14083
14115
2
0
7
1
3
6
5316
5317
5315
5324
5348
5350
5347
5356
5354
5318
5349
5322
12774
12758
12741
12740
12711
12729
12742
12773
12801
12760
12678
12748
12697
12731
12710
12699
12835
12793
12792
12777
12790
12783
12779
12747
12794
12803
12780
12746
12751
12778
12833
12827
12798
12844
12846
12825
12831
12845
12840
12850
12841
12817
12809
12852
12808
12847
12854
12832
12851
12816
12814
12848
12813
12815
12800
12818
12860
12857
12855
12873
12863
12872
12901
12887
12885
12879
12870
12869
12875
12891
12896
12865
12849
12859
12897
12874
12866
12862
12864
12905
12884
12892
12914
12904
12882
12931
12861
12910
12909
12868
12889
12912
12902
12908
12867
12880
12903
12888
12913
12881
12898
12899
12921
12911
12928
12871
12856
12927
12936
12930
12932
12906
12900
12924
12935
12942
12923
12917
12929
12920
12946
12938
12916
12934
12940
12943
12925
12919
12933
12939
12945
12949
12907
12941
12947
12944
12948
12937
12858
12853
12886
12890
14080
14093
14125
14081
14090
14135
14094
14087
14101
14085
14102
14097
14123
14082
14132
12883
14112
14091
14129
14117
14134
14126
14185
14153
14119
14103
14130
14100
14122
14114
14150
14147
14113
12918
12915
12922
12926
14128
14096
14098
14099
14131
14133
11427
11563
11531
11424
2154
2122
11271
11272
12070
12038
12234
12228
12230
6430
8375
8471
12237
12229
13025
13024
11393
11425
542
574
2018
2044
2780
1122
535
523
543
3054
2012
570
1090
567
555
1988
1999
575
2512
541
538
2031
573
4270
3028
2509
4244
3047
3022
5650
2017
5366
3060
5334
5651
5639
5652
5295
5653
5649
5656
5722
5662
5657
5654
5717
5671
5715
5716
5736
5743
5694
5752
9215
5741
5739
5735
11431
5747
5754
5740
9345
5720
5742
9344
9348
9183
9346
9354
5749
9380
9311
5748
9343
5774
9002
9376
11405
5806
9377
9378
9386
9379
11432
11428
11433
11426
11401
9347
11437
11400
13660
11399
13658
11396
11434
13672
13661
11402
11394
13657
13640
13659
13656
14786
14172
14204
14793
14110
8275
8287
8265
8286
8315
8360
8280
8283
8284
8298
8276
8288
8260
8268
8295
8322
8279
8314
8297
8266
8285
8292
8267
8300
8294
8309
8318
8278
8277
8320
8274
8282
8262
8359
8281
8273
8289
8299
8319
8291
8317
8290
8308
8316
8325
8313
8312
8296
8323
8321
8365
8361
8362
8431
8422
8419
8417
8437
8364
8759
8418
8423
8434
8435
8416
8338
8440
8433
8420
8256
8441
8421
8727
8432
636
8341
8438
8502
8257
8258
8470
8259
8350
8343
8349
8342
8344
8353
8352
8373
8345
8354
8376
8351
8358
8377
8357
8428
8408
644
8355
8406
8409
642
8327
8347
8330
8335
8334
8328
8337
8401
8329
645
8381
8402
8405
8336
8385
8389
8326
8340
8333
8332
8387
8378
8386
8384
8380
8346
8348
8388
8403
8396
8339
7308
7255
8390
7298
8391
7287
7330
7340
648
8399
659
6356
455
3253
3486
3522
13761
12079
13801
13803
13810
13881
13917
13900
13906
13907
13951
14015
13955
634
1013
1024
13729
13688
13703
13693
13735
13689
13697
13692
13690
13736
13713
13745
13691
13704
3166
3198
7341
7343
44
2541
2544
2812
3007
3015
3150
3151
3153
3155
3156
3159
3160
3182
3183
3185
3187
3188
3191
3192
3215
3218
3221
3222
3227
3230
3247
3250
3254
3259
3262
3286
3318
3342
3343
3344
3345
3346
3347
3351
3354
3355
3374
3375
3376
3377
3378
3379
3383
3386
3387
3395
3427
3470
3471
3472
3473
3474
3475
3502
3503
3504
3505
3506
3507
3518
3521
3523
3524
3525
3526
3537
3553
3554
3555
3556
3557
3558
3569
3647
4146
4153
4156
4238
4762
4794
5263
7344
7368
7369
7370
7371
7374
7376
7377
7378
7400
7401
7402
7403
7406
7408
7409
7410
7582
8730
8762
11541
9102
9134
10391
10423
10833
10865
11532
11536
11564
6121
12629
12632
12628
12636
12634
12633
663
664
670
666
668
667
669
671
662
665
687
690
674
691
603
8261
8304
12047
12612
12617
610
608
609
591
590
594
593
592
317
6026
