0
1
2
3
4
5
6
7
8
9
10
11
12
13
14
15
16
17
19
20
22
23
24
25
26
27
28
29
30
31
32
33
34
35
36
37
40
41
42
43
44
45
47
46
51
48
52
49
39
55
54
63
61
56
58
59
57
38
60
62
64
65
66
67
68
69
70
71
75
76
77
78
79
80
81
82
83
84
85
86
87
88
91
92
93
94
95
96
97
98
99
100
101
102
103
107
108
110
111
112
109
113
114
115
116
117
118
119
120
123
124
125
126
127
129
130
131
132
134
135
136
138
140
142
143
147
148
149
150
151
152
153
154
155
156
157
159
158
163
162
161
164
166
168
167
170
172
174
175
179
180
181
182
183
184
185
186
187
188
189
190
191
192
193
194
195
196
197
198
199
200
202
203
204
205
207
209
212
141
144
145
210
171
206
216
217
219
218
220
222
223
224
225
226
227
228
229
230
231
232
234
235
236
237
239
241
244
251
249
248
250
252
254
255
256
257
258
260
242
213
259
261
262
263
264
265
266
267
269
270
271
272
275
278
279
280
281
286
288
287
289
290
292
291
293
294
122
245
295
296
297
298
299
301
302
303
304
307
310
238
311
312
313
318
319
322
326
327
214
328
329
330
331
332
333
336
339
340
341
342
343
344
177
345
346
347
348
349
350
351
354
246
358
359
360
361
362
363
364
365
368
371
372
373
374
375
376
377
378
379
380
381
382
383
384
386
387
388
389
391
393
396
401
403
404
405
406
407
409
412
413
414
415
416
418
419
420
421
423
425
428
394
284
398
433
435
426
436
437
438
439
441
397
422
430
444
316
429
352
445
446
447
448
449
323
460
324
461
320
390
463
464
465
466
467
468
469
470
471
472
474
479
478
480
481
18
21
50
53
89
90
492
355
493
495
496
497
498
499
500
501
356
502
503
504
506
121
510
511
512
514
137
139
146
169
516
515
517
518
173
176
178
519
520
521
522
215
523
524
525
526
527
528
529
535
247
536
539
540
541
542
543
544
546
547
548
549
550
551
552
553
554
555
556
557
558
559
560
561
567
568
571
572
573
574
575
576
577
578
579
325
580
581
582
583
584
586
587
588
589
590
591
592
593
594
595
596
597
357
598
599
600
601
602
603
605
606
608
609
610
611
612
613
614
615
616
618
619
620
621
622
623
399
624
625
626
627
628
629
630
631
400
402
632
633
411
634
635
637
638
640
642
645
648
649
653
654
657
658
659
660
662
664
665
431
432
667
671
672
674
434
677
680
681
685
686
443
451
689
452
453
454
455
690
691
692
694
696
697
699
703
704
705
707
708
709
710
711
712
713
714
715
716
717
718
719
720
721
722
725
726
728
729
731
732
733
734
735
736
462
737
739
740
741
742
743
744
745
746
747
748
749
750
751
752
753
754
483
757
758
760
761
763
764
765
766
767
768
769
770
771
772
773
774
775
776
777
779
780
781
782
783
784
786
787
484
485
788
790
791
792
793
794
795
796
798
799
800
801
802
486
487
803
804
805
806
807
808
809
811
812
813
814
815
816
818
819
820
822
823
824
825
826
827
828
830
494
831
834
837
838
839
840
841
842
843
844
845
846
847
848
849
850
851
852
853
854
855
861
513
863
866
869
870
871
872
873
874
875
876
877
878
879
880
881
882
883
884
885
886
887
893
895
896
897
898
899
900
901
904
905
907
908
909
910
912
913
914
915
916
917
918
919
921
922
923
924
925
545
926
927
928
929
930
931
932
933
936
937
939
940
941
942
943
944
945
946
947
948
949
950
951
953
954
955
956
957
958
959
960
961
962
963
964
604
965
966
967
968
969
970
442
636
663
695
706
890
891
738
894
902
903
934
935
971
797
973
974
975
976
977
978
979
980
981
982
983
984
985
986
987
988
989
829
990
992
991
995
994
993
856
857
858
859
860
862
1005
1006
1007
1009
1008
1010
1011
1012
1013
1014
1015
888
889
890
891
892
894
902
903
906
1016
1017
1018
1019
1020
1022
1021
1023
1026
1024
1025
1027
1028
1029
1031
911
920
1030
1034
1051
1052
1053
1054
1055
1056
1057
1058
1059
1060
1061
1062
1063
1066
1069
1067
1070
1072
1071
1074
1073
1076
1075
934
935
938
952
888
889
892
906
911
920
938
952
1041
1042
1038
1037
1064
1039
1040
1035
1043
1044
1032
996
972
997
998
999
1000
1001
1003
1002
1004
