49
51
52
61
63
64
65
68
69
686
687
701
702
706
707
708
709
710
713
714
717
718
719
720
724
725
730
733
738
739
740
741
742
745
746
747
749
750
751
752
756
757
762
765
768
790
793
799
800
822
825
831
833
834
837
840
838
841
842
843
844
845
846
847
848
851
852
855
856
859
860
861
865
866
869
870
872
873
874
875
878
877
876
879
880
883
884
887
888
891
892
893
896
901
904
928
933
936
1052
1053
1056
1057
1058
1051
1055
1059
1061
1062
1064
1065
1066
1067
1068
1069
1070
1071
1072
1073
1076
1077
1074
1075
1078
1079
1080
1084
1085
1092
1094
1095
1081
1082
1083
1087
1088
1089
1090
1091
1093
1096
1097
1098
1099
1100
1104
1106
1101
1102
1103
1105
1107
1108
1109
1110
1112
1113
1115
1117
1114
1116
1120
1124
1126
1127
1121
1122
1123
1125
1128
1131
1132
1136
1138
1129
1130
1133
1134
1135
1137
1139
1140
1141
1142
1144
1147
1145
1146
1148
1149
1153
1154
3
4
8
35
36
40
668
669
670
1156
1159
1161
1158
1162
1165
1164
1167
1169
1170
1172
1166
1168
1171
1181
1183
1185
1186
1188
1190
1191
1193
1194
1197
1199
1201
1202
1204
1196
1198
1200
1203
700
1213
1215
1231
1234
1235
1232
1233
1229
1244
1247
1228
1245
1230
1246
1242
1263
1260
1262
1266
1267
1276
1264
1261
1265
780
781
782
784
786
787
1279
1277
1278
1288
1290
1292
1274
1293
1294
1295
1297
1301
812
813
814
816
818
819
1320
1322
1324
1326
1327
1329
1325
1333
1345
1346
1347
1348
1349
1350
1351
1352
1353
1354
1355
1356
1357
1362
1363
1364
1365
1366
1367
1368
1369
1370
1371
1372
1373
1374
1375
1377
1378
1379
1380
1381
1382
1383
1384
1385
1386
1387
1388
1389
1394
1395
1396
1397
1398
1399
1400
1401
1402
1403
1404
1405
1406
1407
1408
1409
1410
1412
1413
1414
1415
1416
1422
1423
1425
1426
1427
1428
1429
1430
1431
1432
1433
1434
1435
1436
1437
1438
1439
1440
1441
1442
1444
1445
1446
1447
1448
1454
1455
1457
1458
1459
1460
1461
1462
1463
1464
1465
1466
1467
1468
1469
1470
1471
1472
1473
1474
1475
1476
1478
1479
1480
1481
1483
1485
1486
1487
1488
1489
1490
1497
1499
1504
1505
1506
1507
1508
1509
1510
1511
1512
1513
1515
1517
1152
1518
1519
1520
1521
1522
1529
1184
1531
1536
1537
1498
1538
1539
1501
1532
1540
1541
1542
1543
1544
1545
1546
1547
1548
1549
1550
1551
1552
1553
1554
1533
1556
1558
1559
1530
1227
1560
1561
1562
1563
1564
1565
1566
1567
1568
1569
1570
1571
1572
1259
1573
1574
1575
1576
1577
1578
1579
1580
1581
1582
1583
1584
1585
1586
1588
1590
1591
1592
1593
1594
1595
1596
1597
1598
1599
1280
1281
1282
1283
1600
1603
1604
1606
1607
1291
1609
1610
1612
1615
1616
1312
1313
1314
1315
1323
1695
1712
1713
1720
1721
1723
1727
1728
1729
1730
1732
1733
1734
1735
1736
1737
1738
1740
1741
1742
1754
1755
1756
1758
1759
1760
1761
1762
1764
1765
1757
1766
1767
1768
1769
1770
1772
1773
1774
1775
1776
1777
1778
1779
1780
1781
1782
1783
1784
1786
1787
1788
1790
1791
1792
1789
1793
1794
1795
1796
1797
1798
1799
1417
1418
1803
1804
1419
1420
1921
1925
1928
1449
1450
1451
1934
1936
1452
1940
1943
1946
1948
1949
1953
1957
1960
1966
1968
1972
1975
1978
1980
1981
1994
1995
1996
1997
1998
1999
2000
2026
2027
1500
1502
2028
2029
2030
2031
2032
2033
1503
2034
2037
2038
2041
2042
2043
2045
2049
2050
2052
2053
2055
2057
2058
2059
2060
2061
2062
2063
2065
2289
2292
1534
1535
2298
2299
2314
2317
2329
2330
2331
2333
2335
2361
2362
2363
2365
2367
2368
2369
2370
2371
2372
2774
2775
2776
2777
2778
2781
2782
2783
2784
2785
2786
2788
2789
2790
2791
2792
2793
2794
2795
2796
2797
2798
2799
2800
2801
2802
2803
2804
2806
2807
2808
2809
2810
2836
2837
2844
2845
1608
2868
2869
2876
2877
2880
2881
2883
2884
2885
2886
2887
2888
2889
2890
2891
2892
2893
2894
2895
2896
2897
2898
2899
2900
2901
2902
2903
2904
2905
2906
2907
2908
2909
2910
2911
2912
2913
2915
2916
2917
2918
2919
2920
1731
2921
2922
2923
2924
2925
2926
2927
2928
2929
2930
2931
2932
2933
2934
2935
2936
2937
2938
2939
2940
2941
2942
2943
2944
2945
2946
2947
2948
2949
2950
1763
2951
2954
2955
2956
2957
2960
2961
2962
2963
2964
2965
2968
2969
2973
2974
2976
2977
2978
3030
3031
3032
3036
3037
3038
3039
3042
3043
3044
3045
3046
3047
3050
3051
3055
3056
3059
3060
3083
3084
3085
3086
3087
3088
3089
3090
3091
3092
3093
3094
3095
3096
3097
3099
3101
3102
3103
3098
3100
3105
3106
3107
3109
3110
3111
3112
3114
3115
3116
3117
3118
3119
3120
3121
3122
3123
3124
3125
3126
3127
3129
3130
3131
3132
3133
3134
3135
3136
3159
3160
3161
3163
3164
3165
3166
3168
3191
3192
3193
3195
3196
3197
3198
3200
3201
3203
3202
3204
3205
3206
3207
3208
3209
3210
3211
3212
3213
3214
3215
3217
3218
3220
3232
3233
3234
3235
3236
3237
3238
3239
3240
3241
3242
3243
3244
3245
3246
3247
3249
3250
3252
3264
3271
3273
3275
3276
3278
3284
3296
3316
3318
3319
3322
3323
3338
3342
3346
3350
3352
3353
3354
3357
3358
3398
3399
3402
3403
3424
3425
3430
3431
3434
3435
3460
3461
3468
3470
3471
3464
3473
3492
3493
3496
3500
3502
3503
3505
3888
3889
3890
3891
3894
3895
3990
3991
3994
3995
3997
3999
4001
4002
4003
4004
4005
4006
4007
4026
4027
4029
4030
4031
4106
4157
4166
4168
4169
4170
4171
4174
4176
4178
4179
4181
4182
4183
4185
4186
4187
4188
4189
4198
4200
4201
4202
4203
4206
4208
4210
4211
3128
4213
4214
4215
4217
4218
4219
4220
4221
4359
4361
4362
4363
4364
4365
4366
4367
4368
4369
4370
3145
3146
3157
3158
4372
4373
4374
4375
4376
4377
4378
4379
4380
4381
4383
3189
3190
4391
4393
4394
4395
4396
4463
4465
4466
4467
4468
4470
4729
4730
4731
4734
4735
4736
4738
4740
4741
4744
4745
4746
4747
4750
4760
4762
4763
4764
4768
4770
4772
4773
4776
4777
4778
4779
4782
4792
4794
4795
4796
4800
4801
4803
4817
4818
4832
4833
4835
4849
4850
4866
4869
4946
4947
5056
5058
5059
5060
5061
5062
5063
5064
5074
5076
5077
5078
5080
5081
5084
5087
5088
5090
5091
5092
5093
5094
5095
5096
5097
5098
5100
5101
5102
5103
5104
5105
5106
5108
5109
5110
5112
5113
5138
5140
5141
5142
5145
5146
5190
5191
5222
5223
5234
5236
5242
5243
5247
5706
5707
5708
5709
5710
5712
5783
5784
5785
5786
5789
5790
5791
5792
5793
5794
5797
5798
5802
5803
5806
5807
5808
5809
5812
5813
6200
6203
6208
6209
6210
6211
6212
6213
6215
6216
6217
4360
6218
6219
6220
6225
6227
6228
6229
6230
6231
6232
6233
6234
6235
6236
6237
6238
6239
6240
6241
6242
6243
6244
6245
6247
6248
6249
6250
6251
6252
6257
6259
6260
6261
6262
6263
6264
6265
6266
6267
6268
6269
6270
4392
6271
6272
6274
6275
6276
6277
6278
6284
6285
6286
6287
6288
6289
6290
6291
6292
6293
6294
6304
6306
6307
6308
6309
6310
6316
6317
6318
6319
6320
6321
6322
6323
6324
6325
6326
6343
6347
6348
6351
6352
6354
6358
6364
6365
6367
6368
6369
6372
6373
6374
6375
6379
6380
6424
6426
6427
6428
6429
6430
6431
6432
6433
6434
6435
6436
6437
6438
6439
6440
6441
6442
6443
6444
6445
6446
6447
6448
6449
6450
6451
6452
6454
6455
6456
6458
6459
6460
6461
6462
6463
6466
6467
6468
6469
6472
6473
6554
6555
6556
6557
6558
6559
6560
6561
6562
6563
6564
6566
6567
6565
6568
6569
6570
6571
6703
6704
6705
6707
6739
7160
7161
7162
7163
7166
7167
7169
7170
7173
7176
7177
7192
7193
7194
7195
7196
7197
7198
7199
7201
7202
7205
7208
7209
5186
7224
7225
7226
7227
7228
7229
7230
7231
7352
7353
6226
7446
7447
7448
7450
7475
7476
7477
7478
7479
7480
7482
6258
7491
7492
7493
7494
7495
7496
7498
7504
7505
6279
6280
6281
7517
6282
7527
7528
7530
7536
7537
6311
6312
6313
6314
7549
6344
7576
7577
7578
7639
7640
7641
7642
7643
7644
7646
7647
7648
6376
7649
7652
7715
6425
7717
7718
7720
7724
7725
7719
7721
7754
7765
7766
7767
7768
6457
7771
7772
7783
7784
7785
7786
705
722
728
731
732
734
736
737
754
760
763
764
766
1715
1716
704
2839
2871
5057
5089
5237
3998
3265
3266
3297
3298
1226
1236
1237
1238
1239
1240
1241
1248
1249
1250
1251
1258
1268
1269
1270
1271
1272
1273
1287
1303
1304
1305
1311
1319
1328
1335
1336
1343
712
744
3414
3415
3417
3418
3420
3421
3422
3446
3447
3449
3450
3452
3453
1060
3454
3456
3458
3459
3462
3463
3465
3467
3469
3472
3475
3476
3477
3478
3479
3480
3488
3490
3491
3494
3495
3497
3499
1216
1217
3501
3504
3507
1218
1219
4173
4175
4177
4184
4205
4207
4209
4216
4224
4225
4357
4358
4371
4382
4384
4385
4388
4389
4390
4397
4398
4399
4400
4401
4402
4403
4404
4407
4408
4409
4410
4411
4412
4413
4414
4415
4432
4433
4434
4435
4436
4438
4464
4749
4759
4781
4791
5009
5010
5011
5012
5016
5041
5042
5043
5044
5048
5075
5082
5083
5085
5099
5107
5240
5257
5258
5259
5262
5263
5264
5265
5600
5601
5603
5606
5607
5610
5614
5615
5617
5618
5622
5629
5632
5664
6586
6587
6588
6589
6590
6591
6671
6672
6673
6675
6678
6681
6710
6713
4431
7449
7481
7669
7671
7672
7683
7685
7686
7688
7689
7690
7691
7687
7692
7693
7722
7723
6658
7665
862
863
886
889
890
894
895
2280
854
858
5246
17
19
20
29
31
2279
735
767
1118
1119
1150
1151
1155
1157
1187
1189
4405
4406
1296
5705
1306
1337
0
1
2
5
6
7
9
10
11
12
13
14
34
37
38
39
41
42
43
44
45
46
47
48
50
62
66
67
84
662
663
664
665
666
667
672
673
674
675
676
677
678
679
680
681
682
683
684
685
688
689
690
691
692
693
694
695
696
697
698
699
711
716
721
723
726
727
729
743
748
753
755
758
759
761
769
770
771
783
785
788
789
791
792
794
795
796
797
798
801
802
803
804
805
806
807
808
809
810
811
815
817
820
821
823
824
826
827
828
829
830
832
835
836
839
850
853
864
867
868
871
881
882
885
897
899
900
902
903
905
906
907
908
909
910
911
912
913
914
915
916
917
918
919
920
921
922
923
924
925
926
927
929
931
932
934
935
937
938
939
940
941
942
943
944
945
946
993
1054
1063
1086
1111
1143
1160
1163
1173
1175
1177
1178
1179
1192
1195
1205
1206
1207
1208
1209
1210
1211
1212
1214
1220
1221
1222
1223
1224
1225
1243
1252
1253
1254
1255
1256
1257
1275
1284
1285
1286
1289
1298
1299
1300
1302
1307
1308
1309
1310
1316
1317
1318
1321
1330
1331
1332
1334
1338
1339
1340
1341
1342
1344
1358
1359
1360
1361
1376
1390
1391
1392
1393
1411
1421
1424
1443
1453
1456
1482
1484
1491
1492
1493
1494
1495
1496
1514
1516
1523
1524
1525
1526
1527
1528
1555
1557
1587
1589
1602
1605
1611
1613
1614
1693
1694
1696
1697
1698
1714
1717
1718
1719
1722
1724
1725
1726
1739
1753
1771
1785
1800
1801
1802
1912
1913
1914
1915
1916
1917
1918
1919
1920
1922
1923
1924
1926
1927
1929
1930
1931
1932
1933
1935
1937
1938
1939
1941
1942
1944
1945
1947
1950
1951
1952
1954
1955
1956
1958
1959
1961
1962
1963
1964
1965
1967
1969
1970
1971
1973
1974
1976
1977
1979
1983
1984
1985
1986
1987
1988
1989
1990
1991
1992
1993
2025
2035
2036
2039
2040
2044
2046
2047
2048
2051
2054
2056
2064
2066
2067
2068
2069
2070
2071
2072
2073
2074
2075
2076
2077
2078
2079
2080
2278
2281
2282
2283
2284
2285
2286
2287
2288
2290
2291
2293
2294
2295
2296
2297
2300
2301
2302
2303
2304
2305
2306
2307
2308
2309
2310
2311
2312
2313
2315
2316
2318
2319
2320
2321
2322
2323
2324
2325
2326
2327
2328
2332
2334
2336
2337
2338
2339
2340
2360
2364
2366
2373
2374
2375
2376
2377
2378
2779
2780
2787
2805
2811
2812
2835
2838
2840
2841
2842
2843
2846
2847
2848
2849
2850
2851
2852
2853
2854
2855
2856
2857
2858
2859
2860
2861
2862
2863
2864
2865
2866
2867
2870
2872
2873
2874
2875
2878
2879
2882
2914
2952
2953
2958
2959
2966
2967
2970
2971
2972
2975
3029
3033
3034
3035
3040
3041
3048
3049
3052
3053
3054
3057
3058
3104
3108
3113
3137
3138
3139
3140
3141
3142
3144
3147
3148
3149
3150
3151
3152
3153
3154
3155
3156
3162
3167
3169
3170
3171
3172
3173
3174
3175
3176
3188
3194
3199
3216
3231
3248
3251
3253
3254
3255
3256
3257
3258
3259
3260
3261
3262
3263
3267
3268
3269
3270
3272
3274
3277
3279
3280
3281
3282
3283
3285
3292
3293
3294
3295
3299
3300
3315
3317
3320
3321
3339
3340
3341
3343
3344
3345
3351
3355
3356
3397
3400
3401
3404
3405
3406
3407
3408
3409
3410
3411
3412
3413
3416
3419
3423
3426
3427
3428
3429
3432
3433
3436
3437
3438
3439
3440
3441
3442
3443
3444
3445
3448
3451
3455
3457
3466
3474
3481
3482
3483
3484
3485
3486
3487
3489
3498
3506
3887
3892
3893
3992
3993
3996
4000
4008
4009
4010
4011
4012
4013
4014
4015
4016
4017
4018
4019
4020
4021
4022
4023
4024
4025
4028
4032
4033
4034
4035
4036
4037
4038
4039
4040
4041
4042
4043
4044
4045
4046
4047
4048
4049
4050
4051
4052
4053
4054
4055
4056
4057
4058
4059
4060
4061
4062
4063
4064
4065
4066
4067
4068
4069
4070
4071
4072
4073
4074
4075
4076
4077
4078
4079
4080
4081
4082
4083
4084
4085
4086
4087
4088
4089
4090
4091
4092
4093
4094
4095
4096
4097
4098
4099
4100
4101
4102
4103
4104
4105
4107
4108
4109
4110
4119
4120
4121
4122
4123
4124
4125
4126
4127
4128
4129
4130
4131
4132
4133
4134
4135
4136
4137
4138
4139
4140
4141
4142
4143
4144
4145
4146
4147
4148
4149
4150
4151
4152
4153
4154
4155
4156
4158
4159
4160
4161
4162
4163
4164
4165
4167
4172
4180
4190
4191
4192
4193
4194
4195
4196
4197
4199
4204
4212
4222
4223
4226
4227
4228
4229
4230
4231
4232
4233
4234
4235
4236
4237
4238
4239
4240
4241
4242
4243
4244
4245
4246
4247
4248
4249
4250
4251
4252
4253
4254
4255
4256
4257
4258
4259
4260
4261
4262
4263
4264
4265
4266
4267
4289
4290
4291
4292
4293
4294
4295
4296
4297
4334
4335
4336
4337
4338
4339
4340
4341
4342
4356
4386
4387
4457
4458
4459
4460
4461
4462
4469
4471
4472
4473
4474
4475
4476
4477
4478
4732
4733
4737
4739
4742
4743
4748
4751
4752
4753
4754
4755
4756
4757
4758
4761
4765
4766
4767
4769
4771
4774
4775
4780
4783
4784
4785
4786
4787
4788
4789
4790
4793
4797
4798
4799
4802
4804
4805
4806
4807
4808
4809
4810
4811
4812
4813
4814
4815
4816
4819
4820
4821
4822
4823
4824
4825
4826
4827
4828
4829
4830
4831
4834
4836
4837
4838
4839
4840
4841
4842
4843
4844
4845
4846
4847
4848
4852
4853
4854
4855
4856
4857
4858
4859
4860
4861
4862
4863
4864
4865
4867
4868
4870
4871
4872
4873
4874
4875
4876
4877
4878
4879
4880
4881
4882
4883
4884
4885
4886
4887
4888
4889
4890
4891
4892
4893
4894
4895
4896
4944
4945
4948
4949
671
4950
4951
4952
4953
4954
4955
4956
4957
4958
4959
4960
4961
4962
4963
4964
4965
4966
703
4967
4968
4969
4970
4971
4972
4973
4974
4975
4976
4977
4978
4979
4980
4981
4982
4983
4984
4985
4986
4987
4988
4989
4990
4991
4992
4993
4994
4995
4997
4998
4999
5001
5002
5004
5006
5007
5008
5013
5014
5015
5017
5040
5045
5046
5047
5049
5050
5051
5052
5053
5054
5055
5079
898
5086
5111
5139
5143
5144
5185
5187
5188
5189
5192
5193
5194
5195
5196
5197
5198
5199
5200
5201
5202
5203
5204
5205
5206
5207
5208
5209
5210
5211
5212
5213
5214
5215
5216
5217
5218
5219
5220
5221
5224
5233
5235
5238
5239
5241
5244
5245
5248
5249
5250
5251
5252
5253
5254
5255
5711
5782
5787
5788
5795
5796
5799
5800
5801
5804
5805
5810
930
5811
6177
6178
6179
6180
6181
6182
6183
6184
6185
6186
6187
6188
6189
6190
6191
6192
6193
6194
6195
6196
6197
6198
1174
6199
6201
6202
6204
6205
6206
1176
1180
1182
6207
6214
6221
6222
6223
6224
6246
6253
6254
6255
6256
6273
6283
6295
6296
6297
6298
6299
6300
6301
6302
6303
6305
6315
6327
6328
6329
6330
6331
6332
6333
6334
6335
6336
6337
6338
6339
6340
6341
6342
6345
6346
6349
6350
6353
6355
6356
6357
6359
6360
6361
6362
6363
6366
6370
6371
6377
6378
6453
6464
6465
6470
6471
6706
6708
6709
6711
6712
6714
6715
6716
6717
6718
6719
6720
6721
6722
6732
6733
6734
6735
6736
6737
6738
6740
6741
6742
6743
6744
6745
6746
6747
6748
6749
6750
6751
6752
7159
7164
7165
7168
7171
7172
7174
7175
7178
7179
1601
7180
7181
7182
7183
7184
7185
7186
7187
7188
7189
7190
7191
7200
7203
7204
7206
7207
7210
7211
7212
7213
7214
7215
7216
7217
7218
7219
7220
7221
7222
7223
7232
7233
7234
7235
7236
7237
7238
7239
7240
7241
7242
7243
7244
7245
7246
7247
7248
7249
7250
7251
7252
7253
7323
7324
7325
7326
7327
7328
7329
7330
7331
7351
7354
7355
7356
7357
7358
7359
7360
7361
7362
7363
7364
7365
7366
7367
7368
7369
7370
7371
7372
7373
7374
7375
7376
7377
7378
7379
7380
7381
7396
7397
7398
7399
7400
7401
7402
7403
7404
7405
7406
7407
7408
7409
7410
7411
7412
7413
7414
7415
7416
7417
7418
7419
7420
7421
7422
7423
7424
7425
7426
7427
7428
7429
7451
7452
7453
7454
7474
7483
7484
7485
7486
7487
7488
7489
7490
7497
7499
7500
7501
7502
7503
7506
7507
7508
7509
7510
7511
7512
7513
7514
7515
7516
7518
7519
7520
7521
7522
7523
7524
7525
7526
7529
7531
7532
7533
7534
7535
7538
7539
7540
7541
7542
7543
7544
7545
7546
7547
7548
7550
7551
7552
7553
7554
7555
7556
7557
7575
7579
7580
7581
7582
7583
7584
7602
7638
7645
7650
7651
7653
7654
7655
7656
7657
7658
7659
7660
7661
7662
7663
7664
7666
7667
7668
7670
7673
7674
7675
7676
7677
7678
7679
7680
7681
7682
7714
7716
7726
7727
7728
7729
7730
7731
7732
7733
7734
7735
7736
7737
7738
7739
7740
7741
7742
7743
7744
7745
7746
7747
7748
7749
7750
7751
7752
7753
7755
7756
7757
7758
7759
7760
7761
7762
7763
7764
7769
7770
7782
7787
7788
7789
4118
4851
4851
6572
6573
6574
6575
6576
6577
6580
6581
6585
6596
6617
6618
6619
6620
6623
6640
6642
6643
6646
6649
6650
6651
6652
6655
6656
6657
6659
6660
6661
6662
6663
6664
6665
6666
6667
6668
6669
6670
6674
4996
5000
5003
5005
2979
2980
2981
2982
2983
2984
2985
2986
2987
2988
2989
2992
2993
2994
2995
2996
2997
3000
3001
3005
3006
3007
3010
3011
3012
3013
3014
3015
3017
3018
3019
3020
3022
3023
3024
3027
3028
3062
3063
3064
3066
3067
3068
3069
3070
3071
3072
3073
3074
3075
3076
3077
3078
3079
3080
3081
3082
4416
4417
4418
4419
4420
4421
4422
4423
4424
4427
4429
4430
4437
4439
4441
4442
4445
4446
4448
4449
4450
4451
4452
4453
4454
4455
4456
5256
5268
5269
5598
5599
5602
5605
5608
5619
5630
5631
5639
5640
5643
5644
5645
5646
5647
5649
5650
5651
5654
5655
5663
5670
5671
5672
5675
5676
5677
5678
5679
5681
5682
5683
5686
5687
5695
5696
5697
5698
5699
5700
5701
5702
5703
5815
5816
5817
5818
5821
5835
5842
5845
5848
5867
5874
5877
5880
4114
5894
5895
5899
5900
5908
5910
5911
5918
4996
5000
5003
5005
5926
5927
5931
5932
5940
5942
5943
5950
5952
5954
5955
5962
5966
5967
5892
5971
5974
5977
5975
5978
5979
5912
5980
5981
5984
5986
5987
5924
5994
5998
5999
6003
6004
5944
6005
6006
6007
6009
6008
6010
6011
6012
6013
2998
6080
6110
6111
6112
5633
5634
5635
5637
5638
5642
6117
6120
5658
5659
5660
5661
5662
5665
5666
5667
5669
5674
5690
5691
5692
5693
5694
6127
6128
6129
6130
6133
6134
6135
6136
6139
6142
6143
6144
6145
6148
6151
6154
6155
6156
6157
6158
6160
6161
6162
6163
6164
6165
6166
6167
6168
6169
6170
6171
6172
6173
6174
6175
6176
5893
5896
5897
5898
7603
7604
7605
7606
7608
7607
7609
7610
7611
7612
7614
7615
7616
7617
7618
7619
7620
7621
7622
5913
5914
5915
5916
7633
7637
7694
7695
7696
7697
7700
5925
5928
5929
5930
7701
7704
5945
5946
5947
5948
5958
5965
5970
5990
5997
6002
6119
6123
7698
7699
7712
7713
54
55
58
70
71
72
73
74
75
76
77
78
79
80
81
82
83
7702
7706
7707
7708
1810
1811
1814
1815
1816
1817
1820
1821
1822
1823
1824
1825
1826
1827
1828
1829
1830
1888
1889
1890
1891
1894
1895
1896
1911
4447
5604
5609
5641
5648
5652
5653
5656
5657
5673
5680
5684
5685
5688
5689
5704
6622
6653
6654
7705
85
87
91
94
96
97
100
101
102
104
108
109
112
113
117
119
123
126
139
140
2400
2401
2402
2403
2404
2454
2509
2512
2522
2524
2525
2541
2544
2554
2556
2568
2570
2574
2580
2600
2602
2606
2612
2705
2752
2753
2754
2756
2757
2758
7709
7710
7711
1808
1809
6621
7684
7703
7709
7710
7711
2759
2760
2761
2763
2764
2765
2767
2768
2769
2770
2772
2773
4111
4112
4113
4115
4116
4117
4425
4426
4428
4440
4443
4444
5260
5261
5266
5267
6677
6679
6680
6682
6683
6684
6685
6686
4425
4426
92
93
95
124
125
127
131
132
164
947
955
956
957
958
959
961
965
966
2379
2380
2381
2382
2383
2396
2397
2412
2413
2414
2415
2411
2429
2428
2436
2439
2440
2441
2442
2449
2450
2453
2458
2462
2506
2510
2513
2514
2515
2519
2516
2517
2518
2526
2527
2528
2529
2536
2538
2542
2545
2546
2547
2548
2549
2550
2551
2571
2572
2575
2576
2577
2579
2583
2581
2584
2587
2588
2590
2591
2592
2595
2594
2596
2597
2598
2603
2604
2607
2608
2609
2611
2613
2615
2616
2619
2620
2622
2623
2627
2628
2659
2660
2692
2693
2694
2696
2703
2747
2748
2749
2750
2762
2766
2771
5018
5019
5020
5021
5022
5023
5025
5065
5066
5067
5068
5069
5070
5071
5072
5073
6762
6763
6764
6765
6766
6767
6768
6769
6770
6771
6773
6774
6777
6779
6782
6794
6855
6862
6863
6884
6887
6894
6895
6915
6916
6931
6932
6933
6935
6936
6937
6947
6948
6917
6963
6964
6965
6967
6968
6969
6949
6986
948
7129
7130
7131
7132
7134
7135
949
950
951
952
953
954
7629
7630
5026
5620
5621
5623
5624
5628
5032
5035
5036
5037
5973
6788
6789
6790
6791
6792
6852
6918
6919
6920
6921
6929
6950
6951
6952
6953
6961
6978
6584
6593
6595
7052
32
994
995
996
997
1000
1001
1002
1004
1006
1007
1008
1009
1010
1011
1012
1024
1025
1026
1027
1028
1029
1030
1032
1033
1034
1035
1036
1037
1038
1039
1040
1041
1042
1043
1044
1045
1046
1047
1048
1049
1050
2459
2507
2508
2511
2521
2523
2539
2540
2543
2553
2555
2557
2585
2695
2726
2727
2728
2737
2755
3949
3951
3952
3954
3955
3956
3958
3959
3960
3961
3962
3963
3970
3971
3972
3973
3974
3975
3976
3981
3984
86
88
89
90
98
99
118
121
122
105
111
962
963
964
960
987
988
989
990
991
992
2435
2463
2505
2562
2563
2564
2565
2566
2537
2558
2559
2560
2561
2569
2589
2710
2711
2715
2716
2573
2582
2586
2605
2614
2617
2618
2625
2630
2650
2657
2662
2742
2743
3965
3966
3967
4276
4306
4312
4315
4317
4318
3968
3969
4344
4347
4349
4350
5611
5625
5626
105
111
2717
2505
2537
2558
2559
2560
2561
2569
2593
2601
2730
2731
2732
2733
2734
2735
2736
2738
2739
2740
2741
4277
2718
2991
3002
3004
3025
3026
3061
5957
5989
6146
6147
6149
6150
6159
6594
6599
6604
6606
6609
6611
6614
6626
6628
6631
6636
6638
6641
6753
6754
6772
6775
6776
6795
6796
6849
6851
6854
6857
6861
6866
6867
6870
6871
6872
6873
6874
6875
6876
6877
6881
6883
6886
6893
6898
6899
6902
6903
6904
6905
6906
6907
6908
6909
6930
6934
6962
6966
7053
7062
7063
7065
7067
7070
7071
7072
7073
7074
7082
7085
7094
7095
7097
7099
7102
7103
7104
7105
7106
7107
7110
7111
7112
7114
7115
7118
7119
7120
7121
7123
7124
7125
7126
7127
7128
7133
7136
7137
7138
7139
3009
3016
3065
6600
6632
6889
7075
7084
7113
7142
7143
7144
7146
7147
8209
8238
8241
8254
8255
8256
8258
8259
8260
8261
8262
8263
8264
8265
8266
8268
8269
8270
8271
8273
8280
8283
8284
8286
8287
8288
8290
8291
8292
8293
8294
8295
8296
8297
8298
8299
8300
8301
8302
8303
8305
8312
8315
8316
8318
8319
8320
8321
8322
8323
8324
8325
8326
8327
8328
8329
8330
8331
8332
8333
8334
8335
8336
8337
8338
8339
8340
8341
8342
8343
8344
8345
8346
8347
8348
8350
8352
8353
8354
8355
8356
8357
8358
8359
8360
8361
8362
8363
8364
8365
8366
8367
8368
8369
8370
8371
8272
8372
8373
8374
8375
8376
8377
8378
8379
8380
8382
8385
8386
8387
8388
8389
8390
8391
8392
8393
8394
8395
8396
8397
8398
8399
8400
8401
8402
8403
8405
8406
8407
8408
8410
8411
8412
8413
8414
8415
8417
8418
8419
8420
8421
8422
8423
8424
8425
8426
8427
8428
8429
8430
8431
8432
8433
8434
8435
8437
8438
8439
8192
8442
8443
8444
8193
8446
8447
8448
8449
8194
8452
8453
8454
8456
8457
8458
8459
8461
8462
8197
8484
8485
8486
8487
8488
8489
8490
8491
8492
8304
8493
8494
8495
8496
8497
8498
8499
8500
8501
8502
8503
8504
8505
8506
8507
8508
8509
8510
8511
8512
8513
8514
8515
8516
8517
8518
8220
8222
8223
8224
8225
8226
8229
8642
8231
8645
8647
8648
8232
8651
8653
8657
8661
8662
8668
8665
8669
8670
8673
8674
8677
8679
8680
8683
8685
8689
8252
8775
8777
8778
8781
8784
8786
8789
8790
8267
8955
8956
8957
8958
8959
8960
8961
8962
3229
3230
8942
8943
8944
8945
8946
8950
8951
8952
8953
8954
8963
8964
8965
8981
8984
8985
8997
9004
9005
9016
9017
8972
8973
8976
9077
9078
9008
9011
9013
8455
8445
7790
7792
7793
7791
7794
7795
7796
7797
7798
7799
7800
7801
7802
7803
7804
7805
7806
7807
7808
7809
7810
7811
7812
7813
7814
7815
7817
7818
7819
7820
7823
7824
7825
7829
7836
7839
7840
7841
7842
7843
7844
7845
7846
7847
7849
7850
7851
7852
7855
7856
7857
7861
7868
7871
7874
7876
7877
7878
7879
7880
7882
7883
7884
7885
7887
7888
7900
7903
7906
7907
7908
7909
7910
7911
7912
7914
7915
7916
7917
7919
7920
7932
7935
7936
7943
7944
7945
7947
7949
7950
8440
8460
7145
8199
8200
8206
8253
8257
8274
8275
8276
8277
8285
8289
8306
8307
8308
8309
8317
8349
8351
8381
8383
8384
8409
8416
8441
8221
8979
5616
5627
5636
5668
6578
6579
6582
6583
6592
6597
6598
5627
5636
5668
6578
6579
6582
6583
6592
6597
6598
6624
6625
6644
6645
5612
5613
6624
6625
6644
6645
6647
6648
6676
2990
3021
5827
5828
5833
5831
5834
5836
5837
5838
5840
5841
5843
5847
5849
5851
5850
5852
5859
5860
5863
5865
5866
5868
5869
5870
5872
5873
5875
5879
5881
5882
5883
5884
5891
5901
5902
5903
5904
5905
5906
5907
5909
5917
5919
5923
5933
5934
5935
5936
5937
5938
5939
5941
5949
5951
5953
5956
5959
5960
5961
5963
5964
5968
5969
5972
5976
5982
5983
5985
5988
5991
5992
5993
5995
5996
6000
6001
6014
6015
6017
6018
6031
6038
6043
6044
6045
6046
6049
6050
6063
6070
6075
6076
6077
6078
6081
6086
6090
6092
6093
6094
6095
6096
6097
6098
6099
6100
6101
6102
6103
6104
6105
6106
6107
6108
6113
6118
6122
6124
6125
6126
6131
6132
6137
6138
6140
6689
6691
6692
6693
6694
6695
6696
6699
6700
6701
6702
6868
6879
6880
6900
6911
6913
6928
6944
6945
6960
6977
7051
7057
7058
7059
7060
7061
7064
7066
7068
7069
7076
7077
7078
6084
6085
6087
6088
6091
6116
6688
6690
6697
6698
6912
7083
7089
7116
7117
7613
7632
7634
7635
7636
2999
3003
3008
5814
5819
5820
5826
5829
5887
5888
5889
5890
5920
5921
5922
6047
6048
6051
6052
6079
6082
6083
6089
6141
6152
6153
7613
7623
7624
7625
7626
7627
7628
7631
15
18
22
23
25
26
27
28
30
33
57
59
60
2746
2751
4897
4899
4900
4902
4903
4904
4905
4906
4907
4908
4909
4910
4911
4912
4913
4914
4915
4916
4917
4918
4920
4898
4901
4919
8198
8203
8208
8240
8217
8218
8219
8227
8230
8643
8644
8233
8654
8655
8659
8660
8235
8663
8666
8667
8691
8692
8693
8694
8695
8698
8699
8700
8701
8702
8703
8704
8705
8706
8707
8708
8709
8244
8710
8712
8245
8714
8715
8716
8717
8718
8719
8720
8721
8247
8722
8723
8724
8725
8248
8726
8727
8728
8729
8249
8730
8731
8732
8733
8734
8736
8737
8251
8738
8739
8740
8741
8742
8744
8746
8747
8748
8749
8750
8751
8752
8753
8754
8755
8756
8757
8758
8759
8760
8761
8762
8763
8764
8765
8766
8768
8769
8772
8779
8780
8782
8783
8785
8787
8788
8791
8792
8793
8794
8795
8796
8798
8799
8800
8801
8804
8807
8810
8811
8812
8814
8815
8816
8817
8819
8821
8823
8824
8825
8826
8828
8830
8831
8834
8818
8843
4932
1805
1819
1831
1835
1836
1837
1840
1842
1843
1846
1847
1848
1851
1863
1867
1868
1882
2437
2443
2445
2446
2447
2448
2451
2452
2468
2469
2472
2475
2477
2478
2479
2480
2481
2482
2483
2484
2485
2486
2502
2534
8820
8846
8934
8857
8866
8875
8878
8940
8941
8889
8896
8897
8898
8899
8900
8901
8902
8908
8909
8912
8913
8917
8920
8921
8922
8924
8926
8949
8927
8928
8929
8930
8931
8932
8933
8980
8983
8988
9003
9006
9015
8827
9020
9021
9023
9024
9025
9026
9030
9031
9032
4935
8971
9037
9052
9056
9057
9058
9059
9060
9061
9062
9063
9064
8977
9069
8978
9009
9010
9012
5713
5714
5716
5719
5720
5721
5722
5725
5730
5731
5732
5733
5734
5735
5736
5767
5770
5771
5773
5774
5775
5776
5777
5778
5779
5780
5781
9027
9028
9029
7294
7295
7298
7300
7304
7320
7321
7322
7432
7433
7435
7436
8201
8204
8212
8213
8215
8216
8236
8195
7437
7438
7441
7442
7443
7444
7445
7816
7822
7826
7827
7828
7830
7831
7832
7833
7835
7837
7838
7848
7854
7858
7859
7860
7862
7863
7865
7867
7869
7870
7872
7881
7889
7894
7901
7904
7913
7921
8833
7926
7928
7929
7930
7931
7933
8844
8832
7934
1841
1861
1870
8845
8847
8848
8849
8850
8935
8858
8859
8860
8861
8862
8863
8864
8865
8876
8877
8879
8880
8881
8882
8890
8891
8892
8893
8894
8895
8903
8919
8974
7864
8181
8182
8183
8185
8186
8187
8188
8190
8191
8202
8281
8313
8234
8664
8696
8711
8735
8743
8767
8770
8771
8773
8774
8797
8802
8803
8805
8806
8836
8813
8829
8822
8835
8837
8838
8839
8840
8841
9040
8867
8869
8870
8871
8872
8873
8904
8905
8906
8907
8910
8911
8914
8915
8916
8918
8923
8925
8936
8937
8938
8939
8947
8948
8986
8987
9018
9019
9022
9033
9035
9036
9038
9039
9041
9043
9044
9046
9047
9049
9050
9051
9053
9065
9067
9068
9070
9071
9072
9073
9075
9076
7821
7834
7853
7866
7890
7892
7897
7902
7922
7924
3287
3290
3289
3291
3301
3302
3303
3304
3305
3306
3307
3308
3309
3310
3311
3312
3314
3324
3325
3326
3327
3328
3329
3330
3331
3332
3333
3334
3335
3336
3347
3348
3349
3359
3360
3361
3362
3363
3364
3365
3366
3367
3368
3370
3371
3372
3373
3374
3375
3376
3377
3378
3379
3380
3381
3382
3383
3384
3385
3386
3387
3388
3389
3390
3391
3392
3393
5024
5027
3394
3395
3396
8196
8697
8868
3286
7585
7586
7587
7588
7589
7590
7591
7592
7593
7594
7595
7596
7597
7598
7599
7600
7601
7773
7774
7775
7776
7777
7778
7779
7780
7781
8678
8681
8682
8684
8686
8687
8688
8690
8246
8250
8776
9045
9048
9054
9055
8975
7895
9074
8450
7873
7875
7886
7891
7893
7891
7923
9034
9066
8649
8650
8652
8656
8658
8671
8672
8675
8676
3221
3222
3223
3224
3225
3226
3227
3228
16
21
8242
8243
8278
8279
8282
8310
8311
8314
8404
8436
8451
8228
8646
3226
3227
3228
8966
16
21
24
53
56
116
120
2356
2520
2552
2621
2632
2664
2724
2725
2813
2814
2815
2834
4353
5832
5844
5864
5876
6608
6610
6798
6797
6801
6802
6804
6805
6808
6850
6856
6859
6858
6869
6882
6878
6888
6890
6891
6901
6910
6914
6938
6941
6939
6940
6943
6946
6970
6971
6972
6973
6975
6988
6992
6998
7001
6999
2346
7002
7003
7006
7007
7054
7055
7081
7086
7087
7090
7091
7092
7093
7096
7100
7098
7101
7109
7108
2349
2355
2631
2649
2663
2819
2824
2831
4352
5028
7122
7140
7141
7157
7158
7292
7293
7296
7297
7299
7301
7302
7303
7305
7306
7314
7315
7316
7317
7318
7319
106
107
110
114
115
128
2674
2675
2690
2691
2697
2698
2699
2700
103
7313
6787
6793
6942
6974
6985
7056
7088
1833
1834
1879
1880
8465
8466
8468
8469
8470
8471
8472
8473
8474
8475
8476
8477
8478
8479
8482
8483
8809
1862
1860
1866
7925
8967
8968
8969
8970
8998
8999
9000
9001
9002
9007
8463
8464
8467
8480
5822
5823
6021
6024
6032
6053
6056
6064
7332
7333
7334
7335
7336
7337
7338
7339
7350
7430
7455
8481
7457
7458
7459
7460
7461
7462
7464
7465
7467
7468
7469
7470
7473
7558
7559
7560
7561
7562
7563
7565
7574
129
130
133
135
136
137
138
165
167
168
169
2386
2387
2391
2392
2395
2398
2399
2418
2419
2423
2424
2427
2430
2431
2433
2465
2471
2474
3183
3184
3185
3186
141
142
143
144
147
148
157
160
163
968
967
969
970
972
974
975
976
977
978
979
980
981
982
983
984
985
986
999
1013
998
1015
1016
1014
1017
1018
1020
1021
1022
1023
1031
1658
1659
1666
1667
1680
1681
1683
1684
1688
1689
1691
1692
2432
2434
2438
2444
2455
2457
2461
2464
2466
2467
2470
2473
2476
2487
2489
2491
2493
2494
2495
2496
2497
2499
2501
2504
2531
2533
2719
3508
3509
3510
3511
3512
3542
3543
3547
3549
3551
3574
3575
3579
3581
3583
3585
3586
3593
3594
3595
3596
3598
3617
3618
3625
3626
3627
3628
3950
3953
3957
4483
4484
4485
4486
4500
4501
4502
4504
4515
4516
4517
4518
4533
4532
4534
4536
4545
4546
4551
4552
4553
4556
4557
4559
4561
4565
4566
4569
4571
4577
4578
4583
4584
4585
4588
4589
4591
4593
4597
4598
1818
1850
1852
1854
1855
1856
1859
2456
2488
5715
715
5728
5729
3177
3178
3179
3180
7431
7434
2490
4498
4530
4562
4594
973
2357
2359
2358
2817
2818
2820
2821
2822
2823
2825
2826
2827
2828
2829
2830
2832
2833
3513
3515
3519
3518
3520
3521
3523
3526
3525
3527
3529
3530
3532
3531
3535
3538
3539
3552
3553
3555
3557
3558
3559
3561
3562
3563
3564
3567
3570
3571
3597
3591
3606
3610
3611
3613
3614
3615
3623
3629
3630
3638
3643
3645
3647
3649
3646
3642
3651
3657
3658
3661
3662
3663
3681
3683
3689
3690
3693
3694
3695
3697
3700
3703
3699
3712
3717
3718
3726
3725
3738
3739
3744
3749
3750
3757
3758
3770
3771
3777
3778
3779
3781
3780
3782
3784
3786
3785
3787
3788
3789
3791
3800
3801
3802
3809
3810
3813
3814
3811
3812
3816
3817
3818
3819
3820
3821
3823
3832
3833
3834
3886
4481
4482
4480
4487
4488
4490
4489
4497
4499
4503
4505
4506
4507
4508
4509
4510
4511
4514
4512
4513
4519
4520
4521
4522
4529
4531
4535
4537
4538
4539
4540
4541
4542
4543
4544
4547
4549
4550
4548
4554
4558
4560
4555
4564
4563
4567
4570
4568
4574
4576
4579
4575
4581
4582
4580
4586
4587
4590
4652
4655
4653
4654
4656
4659
4657
4660
4658
4661
4662
4663
4664
4665
4666
4667
4668
4669
4670
4672
4674
4675
4676
4677
4679
4678
4673
4680
4690
4689
4693
4691
4694
4692
4695
4696
4697
4698
4699
4700
4701
4702
4703
4704
4705
4706
4707
4708
4709
4710
4711
4712
4721
4722
4723
4724
4725
4726
4727
4728
5276
5282
5287
5288
5289
5290
5291
5294
5295
5296
5297
5299
5300
5298
5301
5308
5314
5326
5327
5328
5329
5332
5333
5544
5545
5546
5543
5547
5548
5549
5550
5551
5552
5553
5554
5555
5558
5560
5559
5561
5562
5565
5569
5563
5564
5568
5567
5566
5571
5570
5574
5572
5573
5575
5576
5577
5578
5582
5583
5585
5586
5587
5588
5589
5590
5591
5592
5593
5594
5595
5596
5597
6853
6860
6864
6885
6892
6896
7257
7260
7261
7262
7264
7263
9042
7918
971
2342
2345
2347
7276
7278
7282
4479
7281
7284
7285
7288
7289
5277
5278
5279
5309
5310
5311
5312
5313
5316
5317
5318
5320
5321
5322
5323
5325
2644
2645
2646
2647
2648
2655
2651
2652
2653
2654
7256
185
186
187
188
189
192
194
195
198
199
200
201
202
203
204
205
206
207
208
209
211
212
213
215
216
217
218
219
220
221
224
225
226
227
228
229
233
234
235
236
237
238
241
243
244
245
247
248
249
250
251
252
253
256
258
260
269
272
273
274
275
276
277
278
279
280
281
282
283
383
384
386
387
390
391
392
393
394
401
409
410
411
412
413
414
415
416
418
419
422
423
424
425
426
433
441
442
443
444
445
446
447
448
449
450
451
452
453
454
455
456
457
458
464
465
466
467
468
469
470
471
472
473
474
475
476
477
478
479
480
482
481
483
484
485
486
487
488
489
490
491
498
499
500
501
502
504
505
503
507
506
508
509
510
511
518
519
520
521
522
524
526
527
528
529
530
531
533
535
536
537
538
539
550
551
552
553
554
556
558
559
560
561
562
563
565
567
568
569
570
571
577
581
582
583
584
585
586
587
588
589
590
591
592
594
595
596
597
606
607
609
613
614
615
618
619
617
616
622
623
620
621
625
624
626
627
628
638
629
639
640
641
642
643
644
645
646
647
650
651
652
654
655
656
657
659
660
661
772
773
774
777
3143
3182
3187
3516
3522
3517
3544
3534
3554
3566
3576
3600
3604
3607
3632
3636
3639
3650
3654
3659
3664
3668
3666
3665
3669
3671
3674
3670
3673
3675
3677
3678
3682
3686
3691
3696
3698
3701
3702
190
191
193
196
197
3707
3706
3705
385
388
3710
389
402
403
404
405
406
407
408
417
420
421
434
435
436
437
438
439
440
3783
3714
3796
3804
3805
3836
3837
523
525
3841
3842
3840
3844
3843
3845
3847
3848
3846
540
541
542
543
3850
3851
3852
3853
3854
3855
3856
555
3857
3858
557
3859
3861
3862
3863
3860
3864
3865
3866
3867
3869
3870
3871
572
573
3872
3873
3874
3875
3876
3877
3878
3879
574
575
3880
3882
3883
3884
3885
3897
3898
3896
593
3899
3901
3902
3903
3904
3905
3906
3907
3908
3909
3910
3911
3920
3936
3937
3938
3939
3940
3941
3942
3943
5270
5273
5292
5302
5305
5315
5331
5337
5336
5334
5335
5340
5341
5343
5346
5347
5490
5491
5492
5493
5494
5498
5495
5496
5501
5499
5505
5506
5503
5502
5504
775
5507
5508
776
779
5509
5510
5513
5511
5514
5512
5517
5516
5515
5519
5518
5523
5522
5524
5532
5537
3608
5536
5533
5534
5535
5538
5539
5540
5541
3609
3612
5542
3640
3641
3644
3648
3652
3653
3655
3656
3660
3667
3672
3676
3679
3680
3684
3685
3687
3688
3692
6474
6475
6476
6479
6480
6481
6482
6483
6484
6485
6486
6487
6488
6489
6490
6491
6492
6493
6494
6495
6496
6497
6498
6499
6500
6501
6502
6503
6504
6505
6506
6507
6508
6509
6511
6512
6513
6514
6515
6516
6519
6517
6518
6520
6521
6522
6523
6524
6525
6526
6527
6528
6529
6530
6531
6532
6533
6534
6535
6536
6537
6538
6539
6540
6541
6542
6543
6544
6545
6546
6548
6549
6551
6552
6553
3704
6613
6615
6616
6627
6629
6630
6633
6634
6635
6637
6639
6755
6756
6757
6758
6759
6760
3708
3709
3711
3792
3793
3794
3795
3797
3923
5271
5272
5274
5303
5304
5306
5344
5345
5348
5349
5489
6477
6478
6510
6547
6550
6786
6800
6803
6806
6809
6810
857
1630
1633
1649
1652
1632
1635
1638
1639
1641
1642
1644
1647
1648
5858
5861
5862
5871
5878
1617
1620
1631
1636
1640
6601
3514
3536
3550
3568
3582
3592
3624
3722
3730
3754
3762
3806
3835
3838
4572
4573
4671
4684
4685
4688
4716
4717
4720
5293
4280
4281
4282
4283
4284
4285
4286
4287
4288
4298
4299
4300
4301
4302
4303
4304
4305
4308
4309
4307
4310
4311
4313
4314
3605
3637
3729
3761
3803
1661
1664
1668
1669
1670
1671
1672
1674
1675
1676
1678
1679
1686
1690
1699
1700
1701
1702
1703
1704
1706
1707
1708
1710
1711
3815
5579
6020
6022
6023
6025
6026
6027
6028
6029
6030
6033
6034
6035
6036
6037
6039
6040
6041
6042
6054
6055
6057
6058
6059
6060
6061
6062
6065
6066
6067
6068
6069
6071
7254
7255
7258
7259
7267
7268
7270
7271
7274
7277
7280
7283
7286
7287
7290
7291
7266
7275
2599
2610
2624
2626
2629
2633
2634
2635
2636
2637
2638
2639
2640
2641
2642
2643
7279
7439
7440
2712
2723
2744
5034
2656
2661
2712
2744
5034
1477
2503
3545
3577
4595
4596
4613
4614
4616
4617
4618
4621
4627
4628
4629
4630
4632
4633
4635
4636
4637
4638
4639
4640
4641
4643
4644
4645
4646
4648
4649
4650
4651
6784
6785
6807
6813
6814
6816
6817
6818
6819
6820
6821
6823
6826
6827
6828
6832
6835
6838
6839
6841
6842
6845
6846
6848
6996
6997
7000
8519
8520
8521
8522
8523
8528
8529
8530
8531
8532
8533
8534
8535
8536
8537
8538
8539
8540
8541
8542
8543
8544
8545
8546
8547
8548
8549
8550
8551
8552
8553
8554
8555
8560
8561
8562
8563
8564
8565
8566
8567
8568
8569
8570
8571
8572
8573
8574
8575
8576
8577
8578
8579
8580
8581
8582
8583
8584
8585
8586
8587
8588
8589
8590
8592
8593
8596
8597
8598
8602
8604
8608
8609
8610
8612
8613
8614
8615
8617
8618
8619
8620
8622
8624
8625
8628
8629
8630
8634
8640
8621
8611
8616
1005
8982
8989
8636
8990
1003
1019
4592
4615
4619
4623
4624
4625
4647
8991
8992
8993
8994
8995
8996
9014
7899
8808
8180
5824
5825
5830
5856
5857
1869
8184
1637
2498
849
1618
1619
1621
1622
1623
1624
1625
1626
1627
1628
1629
1634
1643
1645
1646
1650
1651
2388
2390
2394
2420
2422
2426
1660
4602
4606
4607
5125
5126
5127
5136
5137
5225
4601
5226
5227
5228
5229
5230
5231
5232
5839
5846
5853
5854
5855
5885
5886
6016
6019
6072
6073
6074
6109
6114
4599
4603
4604
5116
5119
5120
5121
5122
5124
6121
6072
6073
6074
6109
6114
6115
6121
6602
6603
6955
6954
6956
6957
6605
6607
6612
6687
6761
6778
6780
6781
6783
6799
6865
6897
6922
6923
6924
6925
6926
6927
4921
4922
4923
4924
4925
4926
4927
4928
4929
4930
4934
4936
4937
4938
4939
492
493
494
495
496
497
532
564
6980
6982
6983
6984
6987
2721
6989
6990
6991
6993
6994
6995
7004
7005
7079
2713
2745
3849
5497
5500
5520
7382
7383
7384
7385
7387
7388
7394
4495
4496
4523
4524
4525
4526
4527
4940
4941
4942
4528
4600
4605
4608
4609
4610
4611
4612
4620
4622
4626
4631
4634
4642
4931
4933
7390
5114
5115
5117
2405
2407
2408
2409
2410
2416
2417
2421
2425
2532
2535
2460
2492
2500
2530
7340
7341
7463
8035
8036
8041
8044
8057
8058
8059
8060
8061
8062
8063
8064
8065
8066
8067
8068
8069
8070
8071
8072
8073
8074
8076
8079
8084
8086
8089
8090
8091
8092
8093
8094
8095
8096
8097
8098
8099
8100
8101
8102
8103
8104
8105
8106
8108
8111
8116
8118
8121
8122
8124
8123
8125
8126
8127
8128
8129
8131
8132
8133
8134
8135
8136
8137
8138
8139
8140
8141
8142
8143
8144
8145
8146
8147
8153
8154
8155
8156
8157
8158
8159
8161
8160
8164
8165
8163
8167
8168
8166
462
8170
8169
8171
8172
7937
7938
7939
7940
7941
7942
7948
7959
7960
8056
8075
8077
8078
8080
8088
8107
8109
8110
8112
8120
8130
8162
8173
8174
8175
8176
8177
8178
8179
8189
1653
1654
1656
1657
134
166
261
262
263
270
284
285
287
295
294
293
290
292
301
302
308
312
313
314
315
316
317
319
320
323
329
330
331
333
334
336
337
339
340
341
344
345
346
347
348
349
355
361
362
363
365
366
368
369
371
372
374
375
376
377
378
379
380
381
382
534
566
578
576
579
580
598
599
600
601
602
605
608
610
611
612
630
631
632
633
634
637
648
778
3746
3825
3828
259
5324
5338
5342
5356
5357
5358
5359
5360
5361
5363
5366
5367
5368
5369
5370
5372
5373
5377
5375
5380
5381
5374
5379
5378
5376
5383
5384
5386
5396
5394
5395
5397
5400
5401
5405
5399
5407
5409
5402
5403
5404
5410
5408
5411
5413
5412
5415
5416
5418
5428
5426
5432
5433
5427
5429
5431
5437
5434
5439
5435
5436
5441
5440
5443
5444
5448
5449
5445
5450
5446
5447
5452
5453
5451
5454
5455
5457
5458
5459
5460
5461
5456
5463
5465
5466
5462
5464
5469
5467
5470
5471
5472
5473
288
5476
5475
5477
5481
5482
5478
5479
5483
5484
5485
5521
5486
5487
5488
5527
5528
5526
5531
5529
5556
5530
7392
7393
291
304
291
305
271
286
303
304
305
306
307
309
310
311
318
321
322
324
325
326
327
335
342
343
353
354
367
373
328
311
342
343
360
370
8591
8594
8599
8600
8605
8603
8607
8623
8627
8632
8635
8633
8638
8637
8639
310
3601
3633
3824
3826
3827
3829
8556
8557
8558
8559
8606
8626
8641
8601
5339
5350
5352
5353
5354
5355
5371
5382
5387
5388
5389
5390
5391
5392
5393
5398
5406
5414
5419
5420
5421
5422
5423
5424
5425
5430
5438
8631
8595
8524
8525
8526
8527
7946
7963
7964
7965
7966
7967
7968
7969
7970
7971
7972
7973
7974
7975
7976
7977
7978
7979
7981
7980
7982
7983
7984
7985
7986
7987
7988
7989
7990
7991
7993
7992
7995
7996
7994
7997
7998
7999
8000
8001
8002
8003
8005
8006
8007
8008
8009
8011
8012
8014
8015
8016
8017
8020
8021
8004
8023
8025
8026
8027
5480
8028
8029
8030
8031
8032
8033
8034
8037
8038
8039
271
286
303
306
307
309
318
321
322
324
325
326
327
335
338
353
354
356
357
358
359
7961
7962
8024
8040
8043
8046
8047
8048
8049
8052
8053
8055
8083
8087
8115
8119
8148
8149
8150
8152
3548
3580
3723
3731
3755
3763
5768
5769
5772
6829
6830
6833
6834
6836
6837
6840
460
463
461
1871
1872
1875
1876
1877
1881
1883
1884
1885
1886
1887
5525
5718
5723
5724
5726
5727
1663
5738
5739
5740
5741
5742
5743
5746
5747
5748
5744
5750
5755
5756
5757
5758
5759
5763
5760
5761
5762
5764
5765
5766
7953
7954
7955
7956
7957
7958
223
255
8842
8851
8852
8853
8854
8855
8856
8874
8883
8884
8885
8886
8887
459
5717
5737
5745
5749
5751
5752
5753
5754
5030
5031
5033
5038
5039
2341
2343
2393
2406
2567
2578
2658
2665
2666
2667
2668
2669
2670
2671
2672
2673
2701
2702
2704
2706
2707
2708
2709
2714
2720
2722
2729
1662
2084
2094
2095
2097
2131
2114
2119
2132
2145
2152
2153
2146
2148
2147
2151
2149
2133
2184
2183
2191
2192
2163
2164
2215
2216
2165
2223
2224
2257
2260
2266
2267
2090
2087
6386
6381
6385
6383
6388
6391
6387
6389
6390
6393
6392
6394
6400
6396
6397
6395
6399
6402
6404
6398
6403
6406
6408
6401
6410
6405
6412
6413
6414
6409
6407
6411
6417
6416
6419
6415
6418
6420
6421
6423
6422
6724
6723
6725
6726
2081
2082
2083
2085
2088
2089
2091
2092
2093
2113
2115
2116
2117
2118
2120
2121
2134
2135
2136
2137
2150
2166
2167
2168
2169
2197
2198
2199
2200
2202
2203
2206
2229
2230
2231
2232
2234
2235
2238
2240
2241
2243
2244
2247
2249
2251
2252
2269
2272
2273
2275
2276
6382
6384
6727
6728
6729
6730
6731
7265
171
172
3799
3831
5123
7269
2816
3537
3569
7308
7309
7345
7346
7347
7348
7349
7472
7564
7571
7572
7573
4268
4269
4270
4271
4273
4316
4319
4320
4321
4322
4326
4331
4345
4332
4343
4329
4333
4323
4324
4325
4327
4328
4330
7471
4351
4354
4355
7386
7389
7395
145
146
158
161
162
146
145
2384
2385
2389
4943
7342
7343
7344
7386
7389
7391
7395
7456
7466
7566
7567
7568
7569
7570
2384
2385
3584
3616
1655
2096
2086
2177
2176
2208
2209
3915
3916
3918
3921
3925
3934
3933
3931
3932
3935
3945
3944
3947
3946
3948
2270
2271
3917
3919
3922
3924
3926
3927
3928
3929
3930
1665
4275
4278
4681
4682
4683
4686
4687
4713
7272
3313
604
636
3528
3533
3524
3540
3541
3546
3556
3565
3560
3572
3573
3578
3912
3913
3914
5281
5283
5284
5285
5385
5417
5442
5468
5474
5557
1898
1900
1901
1902
1904
1905
1906
1909
240
210
242
332
351
352
364
603
635
3599
3602
3631
3634
239
6824
6825
231
5284
5151
5152
5153
5154
5285
230
232
350
3599
3602
3631
3634
3881
5155
5156
5157
5149
5150
5158
5159
5163
5165
5167
5168
5169
5170
5171
5172
5173
5174
5175
5176
5177
5178
5179
5180
5181
5182
5183
5184
3603
3635
3715
3719
3724
3747
3751
3756
6822
3776
3798
3808
3830
4272
4274
4279
4346
4348
4491
4492
4493
4494
4714
4715
4718
4719
5129
5118
5131
5131
5133
5135
5147
5148
5128
5130
5132
5280
6811
6812
6815
6843
6844
6847
6979
6981
7080
7273
5029
5029
1673
1677
1682
1685
5134
5160
5162
5164
5166
5581
3964
1832
1844
1812
1982
2001
2003
2004
2002
2005
2006
2008
2011
2012
2013
2015
2016
2017
2018
2019
2020
2021
2022
2023
2024
2009
2010
2098
2099
2101
2103
2102
2111
2106
2109
2105
2100
2122
2123
2125
2126
2104
2129
2127
2112
2139
2130
2138
2141
2124
2140
2143
2142
2154
2144
2156
2155
2157
2159
2158
2161
2162
2170
2171
2172
2173
2174
2175
2178
2181
2182
2185
2186
2187
2193
2194
2196
2201
2204
2205
2210
2217
2254
2213
2214
2218
2219
2226
2228
2233
2236
2225
2237
2242
2245
2246
2258
2259
2261
2262
2263
2265
2268
2274
2277
2179
2180
2211
2207
2212
2239
2248
3620
3621
3713
3727
3720
3716
3721
3734
3732
3728
3733
3735
3737
3736
3740
3741
3742
3745
3748
3752
3743
2344
2348
2350
2351
2352
2353
2354
2677
2680
2681
2677
2682
2683
2684
2685
2686
2687
2688
2678
5275
5286
5307
2682
2685
2687
2684
2683
2686
2678
2680
2681
1853
1857
1849
5161
1864
1892
1899
174
176
180
1858
1893
2689
8211
3369
3337
7307
7311
7312
3337
3369
8207
8205
8210
8214
1874
1878
8888
7310
7896
7898
7905
7927
