1
2
11
21
24
33
34
39
40
46
48
53
56
64
0
5
9
10
20
22
23
25
26
27
28
29
32
35
36
37
38
41
42
45
49
50
51
52
54
55
57
58
59
60
61
65
66
67
68
71
72
77
78
83
84
69
70
73
74
75
76
79
80
81
82
85
87
88
89
99
100
103
104
109
110
115
116
119
120
121
124
86
101
102
105
106
107
108
111
112
113
114
117
118
128
130
129
131
137
132
133
134
135
136
138
145
146
149
150
162
163
139
141
142
143
144
153
154
155
156
159
160
161
164
165
166
167
169
170
168
171
173
174
175
266
267
268
269
270
271
272
273
274
275
278
279
280
281
284
287
288
289
290
4061
4062
7
8
14
16
3073
6
12
13
17
18
19
3074
3080
3081
3079
3075
2965
3076
2958
2959
2968
2969
2970
2979
2980
2997
3000
3001
3002
2990
2991
3008
3011
3013
3014
3015
3016
3018
3019
3022
3023
6
7
8
12
13
14
16
17
18
19
3653
3656
3657
3660
3663
15
30
47
62
276
277
282
285
286
291
292
293
294
295
296
298
299
300
301
302
303
304
305
306
307
308
309
310
311
312
315
316
318
319
313
314
317
320
321
322
323
324
325
327
328
329
330
331
332
333
334
335
337
338
342
343
344
346
348
351
352
353
354
355
356
357
359
360
361
362
363
364
365
366
367
369
370
371
372
373
374
375
376
378
380
383
384
385
386
387
388
390
391
392
393
394
395
396
397
398
399
400
401
402
406
403
404
408
409
410
411
414
415
417
418
419
420
412
413
416
422
423
424
425
426
427
429
431
432
428
430
434
435
433
438
436
440
441
442
443
446
447
444
445
448
449
450
451
452
454
455
457
458
459
460
461
453
456
462
463
464
465
466
467
470
472
468
469
471
473
474
475
476
477
478
479
480
481
482
483
484
485
486
487
488
489
490
491
492
493
494
495
496
497
498
499
502
500
501
503
504
505
506
507
508
509
510
511
514
517
519
520
513
515
516
522
523
524
525
526
527
528
530
532
534
535
536
529
531
533
537
538
540
539
543
542
545
546
549
551
552
547
548
555
554
556
557
558
559
560
562
564
566
567
568
570
572
561
563
565
569
571
573
575
580
581
574
577
578
583
585
587
588
582
584
586
589
591
594
590
593
595
596
597
598
599
600
601
602
609
610
612
613
615
617
619
620
614
616
618
621
623
626
627
628
629
630
631
622
625
632
633
634
653
654
656
657
658
660
661
662
663
664
665
666
668
669
670
671
685
686
688
689
690
692
693
694
695
696
697
698
700
701
702
703
704
705
706
707
708
709
710
711
713
714
715
716
717
718
719
720
721
722
724
725
726
727
728
729
730
731
732
733
734
735
736
737
738
739
740
741
742
743
745
746
747
748
749
750
751
752
753
754
756
757
758
759
760
761
762
763
764
283
765
766
767
768
769
770
771
772
773
775
776
777
778
779
780
781
782
783
784
785
786
787
788
789
790
792
793
794
795
796
797
798
799
800
801
802
803
804
805
807
808
809
810
811
812
813
814
815
816
817
818
326
819
820
821
822
824
825
826
345
358
827
828
829
830
831
832
833
835
836
837
838
839
840
841
842
834
843
844
845
846
847
848
849
850
851
377
853
854
857
858
859
860
861
862
863
864
865
867
389
866
868
869
870
871
872
873
874
875
876
877
878
879
880
882
883
405
407
421
881
885
886
889
890
891
892
893
894
895
896
897
898
899
901
905
906
907
437
439
908
909
910
913
916
922
925
927
928
929
930
931
933
934
935
937
938
939
940
941
942
970
971
972
973
974
975
977
978
976
979
993
994
997
998
1005
1006
992
1007
1009
1010
1011
1014
1015
1008
1024
1025
1026
1027
1028
1029
1030
1031
1034
1035
1036
1037
1038
1040
1041
1042
1044
1045
1046
1047
1048
1049
1050
1051
1052
1053
1054
1055
1056
1057
1058
1059
1060
1061
1062
1063
1066
1067
1068
1070
1072
1074
1076
1077
1069
1078
1079
1080
1081
1082
1083
1084
1085
1086
1087
1088
1089
1090
1091
1092
1093
1094
1095
1096
1097
1098
1099
1100
1101
1103
1104
1105
1106
1107
1108
1109
1110
1111
1114
1115
1116
1117
1118
1119
1120
1121
1122
1123
1124
1125
1126
1127
1128
1129
1130
1131
1132
1133
1135
1136
1137
1138
1139
1140
1141
1142
1143
1146
1147
1148
1149
1151
1152
1161
1162
1165
1166
1168
1169
1170
1171
1172
1173
1174
1175
1176
1177
1178
1180
1181
1182
1184
1185
1186
1187
1189
1191
1192
1193
1194
1195
1197
1198
1200
1201
1202
1203
1204
1224
1227
1229
1230
1231
1232
1244
1246
1247
1248
1249
1250
1251
1252
1256
1259
1261
1262
1263
1264
1276
1278
1279
1282
1298
1299
1300
1301
1302
1303
1306
1309
1294
1314
1297
1330
1331
1332
1333
1334
1335
1326
1338
1341
1329
1353
1363
1364
1366
1367
1368
1370
1373
1440
1442
1443
1444
1447
1448
1541
1543
1544
1545
1548
1549
1552
1554
1073
1555
1556
1557
1558
1559
1560
1561
1570
1572
1573
1901
1903
1909
1911
1233
1234
1235
1236
1919
1245
1920
1922
1923
1308
1924
1925
1291
1265
1266
1267
1268
1277
1289
1928
1929
1930
1293
1295
1296
1931
1932
1933
1307
1934
1935
1936
1937
1310
1938
1939
1940
1941
1942
1943
1944
1962
1311
1321
1963
1964
1965
1966
1967
1968
1969
1970
1971
1972
1973
1974
1975
1976
1977
1978
1979
1980
1981
1982
1984
1985
1327
1323
1986
1987
1988
1992
1993
1325
1328
1991
2015
2016
2017
2018
2019
2020
2024
2023
2025
2026
2027
2030
2031
2032
1339
2033
2034
2037
2038
1340
1342
2041
2044
2047
2049
2050
2051
2054
2055
2056
2057
1343
1344
1345
2058
2060
2063
2066
2067
2070
2071
2074
2075
2076
2081
2082
2083
2086
1355
1362
2087
2088
2089
2090
2092
2095
2098
2099
2102
2103
2106
2107
2108
2113
2114
2115
2117
2118
2119
2126
2127
2128
2129
2130
2131
2132
2135
2136
1376
2137
2138
2140
2141
2143
2145
2146
2147
2149
2150
2151
2153
2154
2155
2156
2157
2158
2159
2160
2161
2162
2163
2164
1377
2167
2168
2169
2170
2172
2173
2175
2176
2179
2180
2181
2182
2183
2184
2185
2187
2188
2190
2191
2195
2196
2197
2199
2200
2201
2202
2203
2204
2207
2208
2211
2212
2228
2229
2231
2232
2233
2234
2235
2236
2239
2240
2243
2244
2245
2246
2247
2251
2267
2268
2270
2272
2275
2276
2277
2278
2279
2283
2299
2300
2302
2304
2305
2308
2309
2310
2311
2312
2314
2315
2316
2319
2322
2323
2324
2325
2327
2328
2329
2331
2332
2333
2334
2336
2337
2354
2355
2356
2357
2359
2360
2361
2363
2364
2365
2366
2368
2369
2370
2373
2376
2382
2383
2384
2385
2388
2389
2392
2394
2395
2396
2397
2398
2399
2400
2401
2402
2405
2408
2414
2415
2416
2417
2420
2421
2424
2426
2427
2428
2429
2430
2431
2433
2436
2438
2439
2442
2444
2445
2446
2447
2448
2449
2450
2451
2453
2454
2455
2456
2457
2458
2459
2460
2462
2465
2468
2470
2471
2474
2476
2477
2478
2479
2480
2481
2482
2483
2485
2486
2487
2488
2489
2490
2491
2492
2494
2510
2512
2518
2520
2542
2544
2550
2552
2562
2565
2028
2571
2572
2573
2574
2575
2576
2578
2579
2583
2584
2585
2586
2587
2590
2591
2608
2610
2611
2612
2615
2616
2637
2639
2642
2632
2643
2644
2646
2647
2648
2651
2671
2674
2675
2676
2678
2679
2680
2683
2685
2686
2687
2689
2690
2691
2692
2693
2694
2697
2700
2701
2702
2703
2706
2707
2708
2709
2712
2713
2714
2715
2718
2719
2721
2722
2723
2724
2725
2726
2729
2732
2733
2734
2735
2738
2739
2740
2852
2853
2854
2855
2857
2859
2860
2861
2862
2863
2864
2871
2872
2873
2874
2875
2876
2877
2878
2879
2880
2881
2882
2883
2884
2886
2887
2888
2889
2890
2891
2892
2893
2894
2896
2900
2903
2904
2905
2906
2909
2910
2911
2912
2913
2914
2915
2916
2918
2919
2920
2921
2922
2923
2924
2925
2926
2928
2932
2935
2936
2937
2938
2941
2942
2943
2944
2945
2946
2947
2948
2950
2951
2952
2953
2954
2955
2956
2957
2963
2966
2967
2971
2972
2976
2977
2978
2982
2983
2984
2985
2986
2987
2988
2989
2995
2998
2999
3003
3004
3010
3020
3024
3025
3028
3031
3035
3036
3037
3038
3040
3042
3043
3045
3046
3047
3048
3050
3051
3052
3055
3056
3057
3060
3063
3067
3068
3069
3070
3072
3077
3083
3084
3085
3086
3087
3089
3091
3092
3093
3095
3108
3109
3111
3112
3113
3115
3116
3117
3118
3119
3121
3123
3124
3125
3127
3139
3141
3145
3146
3147
3148
3154
3155
3157
3158
3186
3187
3189
3190
3191
3194
3197
3202
3203
3204
3218
3219
3222
3223
3226
3229
3234
3235
3236
3250
3251
3254
3255
3258
3261
3266
3268
3278
3350
3353
3354
3355
3356
3359
3360
3362
3363
3622
3623
3624
3625
3628
3629
3630
3788
3789
3790
3791
3792
3793
3805
3807
3811
3812
3813
3814
3820
3821
3822
3823
3824
3849
3850
3853
3854
3855
3857
3858
3860
3861
3862
3863
3864
3866
3867
3868
3870
3875
3876
3879
3881
2895
3882
3885
3886
3887
3889
3891
3892
3894
3895
3896
2927
3898
3899
3900
3902
3904
3905
3907
3908
3910
3914
3915
3918
3919
3922
3026
3027
4163
3054
4166
3058
3059
2390
3890
3897
31
63
339
341
347
368
379
659
667
691
699
911
912
914
915
917
918
919
920
921
923
924
926
943
945
948
944
946
947
949
950
951
952
953
954
955
956
957
958
959
960
961
962
963
964
965
966
967
968
969
995
996
1113
1145
1150
1155
1158
1159
1160
1190
1563
1567
1927
2422
2507
2508
2539
2540
2741
2752
2744
2745
2746
2747
2750
2751
2762
2770
2772
2768
2769
2771
2773
2774
2776
2777
2778
2779
2781
2783
2784
2793
2794
2800
2802
2804
2805
2806
336
340
2801
2803
2808
2809
2810
2811
2813
2815
2816
2817
2818
2819
2820
2821
2822
2823
2824
2825
2827
2828
2829
2830
2831
2832
2834
2837
2839
2840
2841
2842
2843
2844
2845
2846
2847
2848
2849
2850
2851
2856
2866
2869
2885
2917
3094
3926
3931
3932
3933
3934
3936
3937
3940
3941
3945
3946
3947
3948
3950
3951
3955
3957
3958
3963
3964
3965
3966
1153
1154
1157
3978
3979
3981
3982
3983
3985
3986
3987
3988
3990
3992
3993
4010
4011
4013
4014
4015
4017
4018
4019
4020
4022
4024
4025
4043
4052
4057
4075
2761
2633
2634
1112
1144
3928
3929
3935
3967
3968
3969
3970
3972
3973
3974
3975
3977
3995
3996
3999
4000
4001
4002
4004
4005
4006
4007
4009
4027
4028
4031
4032
4033
4035
4038
4037
4039
4040
4041
4042
4046
4044
4045
4047
4050
4051
4060
4064
4065
4067
4070
4069
4071
4072
4073
4074
4076
4077
4078
4079
1604
1623
1625
1636
1645
1648
1655
1657
1675
1707
1728
3664
3665
3666
3669
1757
1760
1789
1803
1809
1848
1852
1700
1855
1856
1857
1860
1869
1871
1872
1877
1879
1883
1887
1888
1889
1892
1668
1904
1915
1379
1387
1450
1667
1616
1628
1629
1630
1631
1660
1661
1662
1663
1666
1699
1669
1670
1671
1672
1677
1680
1681
1682
1683
1684
1685
1686
1698
1701
1702
1703
1704
1709
1712
1713
1714
1715
1716
1717
1718
2949
2961
2964
2973
2974
2975
2981
2993
2996
3005
3006
3007
3009
3012
3017
3021
3039
3041
3044
3049
3053
3071
3078
3082
3110
3114
3205
3206
3209
3210
3211
3212
3215
3237
3238
3241
3242
3243
3244
3247
1806
3351
3352
3859
3893
3909
3911
3912
3913
3920
4093
4094
1221
1222
1223
1225
1226
1243
1253
1254
1255
1257
1258
1275
1280
1281
1285
1286
1287
1288
1290
1292
1312
1313
1317
1318
1319
1320
1322
1324
1352
1354
1357
1358
1360
1361
1371
1372
1375
1378
1380
1381
1384
1385
1386
1389
1390
1392
1431
1432
1433
1434
1436
1437
1439
1446
1452
1456
1459
1460
1462
1463
1464
1465
1466
1468
1469
1471
1472
1474
1475
1476
1477
1480
1481
1482
1483
1486
1532
1534
1535
1536
1538
1539
1540
1547
1550
1551
1564
1565
1566
1568
1571
1579
1582
1583
1586
1588
1592
1593
1595
1596
1597
1598
1599
1849
1850
1851
1853
1854
1858
1859
1862
1865
1866
1867
1868
1873
1874
1875
1876
1878
1880
1881
1882
1884
1885
1886
1890
1891
1894
1897
1898
1899
1900
1905
1906
1907
1908
1910
1912
1913
1914
1916
1917
1918
3126
3865
4104
4105
4106
4107
4108
4110
4111
4112
4115
4116
4136
4137
4138
4139
4140
4142
4143
4144
4147
4148
4223
4224
4248
4249
4250
4251
4254
4255
4256
2165
2166
2205
2237
2241
2262
2265
2266
2261
2271
2273
2294
2293
2297
2298
2303
2307
2711
2717
2743
2749
2755
2758
2765
2764
2767
2796
2797
2799
2870
2907
2908
2939
2940
3171
3173
3177
3178
3179
3180
3227
3259
3366
3365
3368
3370
3374
3371
3383
3386
3382
3388
3385
3393
3394
3395
3387
3391
3398
3400
3401
3402
3404
3403
3405
3413
3414
3406
3417
3416
3418
3419
3422
3425
3426
3427
3430
3432
3433
3434
3435
3437
3436
3445
3438
3446
3448
3449
3450
3451
3454
3468
3500
3521
3534
3537
3538
3533
3535
3541
3540
3551
3553
3566
3565
3567
3569
3570
3572
3573
3590
3591
3592
3593
3584
3583
3594
3586
3596
3597
3601
3602
3603
3611
3605
3604
3606
3607
3610
3608
3612
3613
3616
3626
3614
3618
3633
3635
3636
3637
3634
3638
3641
3643
3639
3640
3642
3644
3646
3645
3649
3650
3651
3661
3662
3667
3668
3654
3658
3655
3659
3671
3673
3676
3677
3685
3681
3682
3683
3686
3696
3687
3688
3697
3690
3689
3691
3693
3694
3699
3700
3703
3705
3708
3712
3709
3726
3738
3735
3741
3737
3740
3744
3758
3770
3767
3779
3769
3772
3780
3782
3781
3773
3785
3817
2133
2134
604
605
606
607
641
637
638
639
640
636
642
643
644
645
646
647
648
649
650
652
672
673
674
675
676
677
678
679
680
681
682
684
2838
3396
3399
3428
3431
3598
3609
1438
1449
1451
1455
1457
1458
1470
3357
3358
3364
3375
3384
3389
3390
3392
3397
3407
3408
3409
3410
3412
3415
3421
3424
3429
3439
3440
3441
3442
3444
3447
3453
3456
3457
3458
3459
3460
3461
3462
3464
3465
3466
3467
3469
3470
3471
3472
3473
3475
3476
3479
3480
3481
3482
3483
3484
3485
3486
3487
3488
3489
3490
3491
3492
3493
3494
3495
3496
3497
3498
3499
3501
3502
3503
3504
3505
3507
3508
3511
3512
3513
3514
3515
3516
3517
3518
3519
3520
3530
3536
3552
3562
3568
3585
3587
3588
3589
3599
3617
3619
3620
3621
1228
1260
1346
1348
1349
1356
1359
1365
1369
1374
1388
1391
1393
1396
1397
1398
1399
1400
1401
1402
1403
1404
1405
1406
1407
1408
1410
1411
1412
1413
1414
1415
1416
1417
1418
1419
1420
1421
1422
1423
1424
1425
1426
1427
1428
1429
1430
1435
1445
1453
1454
1461
1467
1542
1574
1575
1576
1577
1580
1581
1584
1587
1589
1590
1591
1678
1710
1816
1817
1818
1819
1820
1821
1822
1823
1838
1841
1921
1664
1696
3372
3373
3463
3923
3924
3925
3956
3994
3997
3998
4026
4029
4030
1347
1394
1395
2960
2992
2580
2581
2613
2636
2523
2555
3328
3329
3330
3331
3332
2635
3334
3336
3337
3338
3339
3340
3342
3343
3361
3369
3532
3564
3721
3722
3733
3753
3754
3765
3298
3300
3333
3029
3032
3033
3034
3061
3064
3065
3066
3310
3717
3719
3724
3725
3727
3728
3739
3743
3745
3746
3748
3749
3751
3756
3771
3775
3757
3759
3760
3777
3784
3809
3816
3713
3714
3716
2780
2782
2812
2814
2835
2836
2867
2868
3698
3701
3702
3704
3707
3710
3711
3670
3672
3675
3678
3679
3695
3228
3260
3288
3289
3291
3293
3320
3321
3323
3325
3544
3546
3550
3576
3578
3582
2962
2994
3088
3096
3120
3128
3138
3140
3142
3144
3149
3150
3151
3152
3153
3156
3159
3170
3172
3174
3176
3181
3182
3183
3184
3185
3188
3143
3160
3161
3162
3163
3165
3175
3192
3193
3195
3287
3292
2498
2499
2501
2502
2504
2505
2506
2511
2513
2514
2515
2516
2517
2519
2521
2522
2525
2527
2530
2531
2533
2534
2536
2537
2538
2543
2545
2546
2547
2548
2549
2551
2553
2554
2557
2559
2560
2592
2603
3100
3101
3916
3939
3954
2561
2593
2594
2597
1994
1995
1997
1998
1999
2000
2001
2002
2005
2006
2008
2009
2010
2011
2012
2014
2022
2029
2040
2042
2043
2046
1990
1996
1156
1188
774
806
2178
2210
791
823
852
856
884
888
2142
2174
3099
3122
3129
3130
3131
3090
3097
3098
1102
1134
1926
2003
2004
2013
2035
2036
2045
4135
4159
4172
4134
158
3474
3477
3478
3506
3509
3510
3522
3526
3545
3547
3554
3558
3577
3579
1033
1043
1065
1075
1032
1064
3
4
98
92
96
97
91
123
151
184
185
186
187
188
192
193
194
195
197
198
199
191
200
201
202
204
206
207
208
209
212
213
214
215
216
217
218
219
220
221
222
223
203
224
225
226
227
229
230
231
232
233
234
236
238
239
240
241
235
244
245
246
247
248
249
250
251
252
253
254
255
256
257
258
259
260
261
262
263
264
2192
2194
2198
2206
2213
2214
2215
2216
2217
2218
2219
2220
2222
2223
2224
2226
2227
2230
2238
147
152
176
177
178
179
181
182
183
196
205
228
237
2186
579
611
2606
2607
2604
2605
1553
1562
1585
1594
1600
1601
1603
1605
1606
1607
1609
1610
1611
1615
1617
1618
1619
1620
1621
1622
1624
1627
1632
1633
1635
1637
1638
1639
1641
1642
1643
1647
1649
1650
1651
1652
1653
1654
1656
1659
1665
1679
1687
1688
1689
1690
1691
1692
1693
1694
1695
1697
1711
1719
1720
1721
1722
1723
1724
1725
1726
1727
1730
1731
1733
1734
1735
1736
1737
1738
1739
1741
1743
1744
1745
1747
1748
1749
1750
1753
1754
1755
1759
1762
1763
1765
1766
1767
1768
1769
1770
1771
1773
1775
1776
1777
1779
1780
1781
1782
1785
1786
1787
1791
3980
3984
3991
4012
4016
4023
2563
2564
2567
2568
2569
2570
2595
2596
2599
2600
2601
2602
3944
4048
4049
4055
4056
4058
4059
4063
4080
4081
4082
4083
4085
4086
4087
4088
4089
4090
4091
4092
4095
4096
4097
4098
4099
4100
4101
4102
4103
3692
2048
2053
2059
2061
2064
2069
2072
2077
2079
2080
2085
2091
2093
2096
2101
2104
2109
2111
2320
2065
2062
2068
2073
2078
2094
2097
2100
2105
2110
651
683
3341
3102
3103
3134
3135
3104
3105
3106
3107
1351
1383
1409
1441
1473
1478
1479
1484
1485
1487
1488
1489
1491
1492
1493
1494
1496
1497
1498
1499
1500
1501
1502
1503
1504
1505
1506
1507
1508
1509
1510
1511
1512
1513
1514
1515
1516
1517
1518
1519
1520
1521
1523
1524
1525
1526
1528
1529
1530
1531
1533
1546
1578
1602
1608
1612
1614
1626
1634
1640
1644
1646
1658
1676
1708
1729
1732
1740
1742
1746
1752
1756
1761
1764
1751
1758
1772
1774
1778
1784
1788
1792
1793
1794
1795
1783
1790
1796
1797
1798
1799
1800
1801
1802
1804
1805
1807
1808
1810
1811
1812
1813
1814
1815
1824
1825
1826
1827
1828
1829
1830
1831
1832
1833
1834
1835
1836
1837
1839
1840
1842
1843
1844
1845
1846
1847
1863
1864
1870
1895
1896
1902
1613
1490
1522
3647
3652
2437
2440
2441
2469
2472
2473
349
350
381
382
2688
2720
297
3843
3844
3847
4109
4113
4141
4145
4149
4150
4152
4153
4154
4157
4220
4222
3839
3837
855
887
2177
2209
1945
1948
1954
1955
1956
1957
1960
1961
1946
723
755
1947
1949
1950
1952
1947
981
982
1013
1039
1071
1949
1950
1952
3524
3527
3528
3529
3531
3539
3556
3559
3560
3561
3563
3571
122
125
2403
2406
2407
2409
2410
2418
2411
2412
2413
2419
2423
2425
2432
2434
2435
2452
2443
2463
2461
2467
2464
2466
127
3684
3648
3680
2535
2495
2496
2497
2503
2528
2529
900
932
1953
148
1674
983
986
2007
2039
980
512
544
991
989
990
1012
2631
2475
2493
2484
2638
2653
2669
2654
2655
2658
2663
2662
2695
2661
2656
2667
2666
2670
2665
2696
2705
2716
2727
2728
2737
2748
3631
2664
3220
3221
3230
3231
3225
3252
3253
3257
3262
3263
3264
3265
3267
3269
3271
3270
3272
3273
3274
3279
3275
3280
3276
3277
3281
3282
3284
3285
3283
3294
3290
3295
3296
3301
3299
3297
3302
3304
3303
3305
3306
3307
3308
3309
3311
3312
3313
3314
3315
3316
3317
3319
3322
3326
3327
3348
3349
3380
3381
3543
3549
3581
3575
3731
3734
3736
3763
3766
3768
4084
1273
1271
1350
4187
4193
4231
2253
2618
2619
2500
2524
2532
2556
2566
2577
2582
2589
2622
2598
2609
2623
2614
2621
2624
2625
2626
2668
2627
2629
2630
2657
2659
4191
4195
4198
1214
1213
1215
1216
1217
1218
1219
1220
1959
1196
1167
1199
1205
1958
2321
2339
2340
2341
2335
2343
2342
2344
2346
2347
2348
2249
2351
2350
2242
2353
2352
2367
2254
2260
2285
2258
2259
2248
2284
2264
2252
2296
2280
2281
2255
2292
2274
2291
2269
2287
2290
2286
1179
2306
2317
2301
2338
2349
2754
2757
2756
2753
2759
2787
2775
2788
2790
2786
1183
2789
2785
2791
2897
3232
2929
3200
2807
3542
3580
1207
3523
3525
3574
3555
3557
3548
1209
1208
1206
1210
1211
1212
2318
2760
2792
43
93
94
126
44
90
140
172
4233
4168
3878
3883
2682
2084
2144
2052
2112
3872
3880
3884
3888
3901
3917
3903
3906
3808
3825
3810
3840
3848
3851
3852
3856
3869
3871
3806
3838
1315
1269
1242
655
1305
744
1270
2250
2282
1337
1304
1284
1537
1238
2288
1705
603
1240
687
1237
1316
624
550
2257
592
1336
1272
635
1239
712
904
2313
2362
1673
2295
2193
1893
2289
2171
1569
2148
1241
2256
2116
2377
2326
2371
2139
2378
2379
2404
2899
2710
2699
2358
2393
2672
2541
2391
2677
1861
2865
2640
521
2649
2684
2380
2698
608
2898
2387
2374
2386
2704
2736
3217
2673
518
2681
2731
2558
2901
2730
157
2931
2645
3062
2641
2934
2509
3196
2902
3137
3208
1382
3216
3132
3133
3207
1706
3224
3214
3786
3286
3198
3245
3803
3256
3801
3818
3798
3802
3246
2152
936
3787
2588
576
3815
2263
3248
3249
3136
3233
2650
2933
3213
3239
2526
2372
2930
2372
2330
2930
4228
4230
1283
4227
1274
4155
2858
4151
3030
2526
3201
4165
3800
4162
4221
4247
4225
4234
4114
4229
4160
3877
4161
4156
4146
3632
4146
4169
3795
4232
4156
3794
2375
3877
4226
3819
3796
3240
4164
3800
4236
4253
3199
4158
4232
4226
4169
4246
4252
4164
4167
4170
4158
3799
4161
2189
4114
4237
4252
4235
2381
4160
4246
3804
3199
3201
1274
3797
4171
4167
3797
3804
2858
4171
3627
3796
3819
3799
3794
2330
1004
1017
553
2123
1002
2124
1016
903
2121
3921
903
902
1023
1003
2125
2122
4177
4174
4188
1001
95
2122
4178
4175
4190
4181
4183
3962
4186
4054
3960
3961
3927
902
3959
3774
2125
1023
1000
999
1003
2121
2122
902
1023
2125
3949
3742
1020
1020
3949
1020
3166
3167
3930
1020
3443
3411
