831
151
10
11
13
14
21
22
24
25
35
38
40
41
42
43
44
45
46
53
54
56
57
64
65
66
77
79
81
82
83
84
85
87
86
88
89
91
92
93
94
95
96
97
98
109
111
113
114
115
116
117
118
119
120
121
123
124
125
126
127
135
210
211
213
214
216
217
219
221
222
240
241
242
243
245
246
248
249
251
253
254
258
266
267
268
269
270
271
272
273
274
276
278
290
135
210
211
217
124
298
299
300
301
302
303
304
305
306
308
310
2
3
4
6
8
9
12
15
18
23
26
30
31
34
36
47
50
55
325
326
327
328
348
374
58
62
63
67
68
71
74
80
380
384
385
386
387
389
392
393
397
400
401
404
405
406
408
409
410
414
416
417
418
419
421
424
425
428
429
432
433
99
100
103
106
112
436
437
438
440
441
0
1
5
7
16
17
20
28
29
32
33
37
39
48
19
27
49
51
52
60
61
59
69
70
72
73
75
78
90
76
107
110
101
102
104
105
108
122
128
129
132
133
130
131
134
136
137
138
139
140
141
142
143
144
145
149
152
154
155
158
159
148
150
160
161
162
163
164
165
167
166
169
170
171
172
173
174
175
168
176
177
181
184
180
182
186
187
190
191
192
193
194
195
196
198
197
199
200
202
203
204
205
206
201
209
215
208
212
218
220
223
224
225
146
226
227
228
230
231
232
229
233
234
235
236
237
238
239
247
250
252
244
255
256
156
183
257
260
261
259
262
263
264
188
265
275
277
280
281
282
283
284
285
292
293
287
288
289
291
296
349
294
295
297
307
352
353
354
355
356
357
358
359
360
362
364
178
365
366
368
369
370
371
373
375
376
381
407
413
822
823
439
821
824
825
826
827
829
396
411
412
443
444
448
450
452
453
377
466
467
378
379
382
383
476
480
482
484
485
279
309
311
312
313
314
315
316
317
319
320
321
322
323
324
361
363
367
372
390
391
394
395
398
399
402
403
415
422
423
426
427
430
431
434
435
442
445
446
447
449
451
454
455
456
457
458
459
460
461
462
463
99
100
103
106
464
465
468
469
470
471
472
473
474
477
478
479
481
483
486
487
488
489
490
153
157
491
492
493
494
495
496
497
498
499
500
501
502
503
504
505
506
508
509
510
511
512
513
185
514
515
516
517
518
519
520
521
189
523
524
527
207
525
526
528
529
530
531
532
533
534
535
536
537
538
539
540
541
542
543
544
545
546
547
548
549
550
551
552
553
555
556
559
557
558
560
561
562
563
564
565
566
567
568
569
570
571
572
573
574
575
576
577
578
579
580
581
582
585
588
350
351
589
590
597
598
600
599
601
629
630
632
631
633
634
637
638
639
641
642
643
645
646
377
647
648
649
650
652
653
654
656
657
658
378
379
382
383
659
660
661
662
663
664
665
666
667
668
669
670
673
674
675
677
678
679
680
681
682
684
685
686
688
689
690
691
692
693
694
695
696
697
698
699
709
710
711
712
713
714
715
716
717
718
719
720
722
377
378
379
382
383
730
731
732
733
734
735
736
738
740
741
742
743
744
746
747
748
749
750
751
752
754
756
762
763
764
765
766
767
768
769
770
778
779
780
781
782
783
784
786
787
788
789
790
791
792
793
794
795
796
797
798
799
800
801
802
350
351
382
383
810
811
812
813
814
815
816
818
819
820
828
830
147
286
318
329
330
331
332
333
334
335
336
337
338
340
341
339
342
343
345
346
388
420
724
640
635
644
651
672
676
723
725
683
724
728
745
721
729
726
727
761
745
753
755
757
758
759
760
771
772
773
774
775
776
777
785
803
804
805
344
347
806
807
808
809
817
344
761
729
347
721
723
725
726
727
728
753
755
757
758
759
760
771
772
773
774
775
776
777
785
803
804
805
806
807
808
809
817
760
805
772
771
804
759
773
774
775
776
777
785
803
806
807
808
809
817
