0
1
2
4
5
6
9
11
15
17
18
19
20
21
22
23
26
27
33
35
36
45
47
48
57
60
61
56
49
34
32
50
62
63
64
66
53
52
51
65
59
55
54
58
74
78
79
80
82
86
89
93
92
94
96
95
97
98
90
106
110
111
112
114
129
125
124
118
127
122
128
131
121
130
132
135
134
126
133
140
139
141
142
136
138
137
147
148
146
144
145
152
149
155
161
153
151
154
150
157
160
163
162
156
158
159
166
164
165
167
169
170
168
178
179
173
171
174
184
177
172
176
180
182
183
181
187
185
186
189
190
188
199
191
192
200
198
205
210
209
203
220
212
204
211
216
213
217
214
224
215
239
223
236
219
218
231
230
232
235
237
241
247
252
248
246
244
242
243
259
256
249
245
255
265
250
264
257
251
308
3
10
13
14
16
24
25
28
29
30
31
46
67
68
69
70
71
72
75
76
77
99
100
101
102
103
104
107
324
344
340
341
380
381
383
384
385
386
387
389
391
392
393
394
395
397
403
401
108
109
396
390
407
398
416
418
411
413
412
425
415
417
419
421
424
422
423
426
428
427
435
439
449
457
450
443
444
445
447
458
542
543
143
545
550
556
547
559
552
554
560
574
555
562
564
575
572
558
584
585
586
587
576
589
577
592
595
601
603
602
604
175
605
616
617
618
619
621
624
627
633
635
637
636
634
651
640
641
645
643
644
648
650
653
663
654
655
657
658
659
662
683
671
672
668
673
675
676
677
680
682
695
685
686
687
689
690
691
711
712
694
700
715
718
703
707
708
706
714
724
725
733
716
734
735
721
723
743
744
747
726
728
727
729
730
731
732
750
738
739
740
756
757
746
748
765
766
767
768
769
753
770
771
773
772
775
755
774
777
758
759
782
760
763
762
761
764
785
786
789
791
792
794
793
778
779
795
796
797
798
800
783
801
802
803
804
805
806
807
809
814
818
817
821
823
824
826
825
827
829
830
832
834
835
828
811
810
833
815
836
837
860
863
864
866
867
868
869
862
845
844
865
1011
1014
1021
1009
1023
1027
1017
1013
1015
1016
1019
1018
1032
1033
1040
1043
1036
1059
1037
1049
1050
323
1072
1075
1064
1065
1068
1069
1092
1081
1082
1098
1099
1124
1114
1117
1118
1130
1131
1146
1149
1150
1170
1171
1172
1173
1202
1203
1204
1205
1208
1209
1218
1221
1222
1225
1226
1230
1231
1234
1236
1235
1237
1240
1241
1246
1250
1253
1254
1257
1258
1263
1262
1266
1267
1268
1269
1273
1272
1308
1278
1281
1282
1305
1307
1309
1313
1314
1340
1337
1339
1341
1344
1345
1346
1348
1349
1362
1363
1350
1351
1365
1366
1353
1355
1356
1358
1359
1360
1370
1371
1372
1376
1377
1395
1394
1378
1382
1380
1383
1381
1385
1387
1397
1398
1388
1390
1391
1392
1409
1402
1403
1424
1404
1427
1441
1433
1434
1438
1456
1459
1437
1439
1465
1466
1481
1469
1482
1470
1472
1471
1490
1495
1487
1488
1491
1498
1499
1500
1492
1514
1513
1504
1520
1527
1530
1519
1523
1531
1532
1524
861
1547
1562
1565
1566
1579
1594
1597
1598
1501
1601
1537
1605
1608
1610
1534
1602
1609
1615
1606
1614
1613
1611
1603
1616
1502
1617
1607
1538
1624
1619
1542
1623
1626
1621
1503
1631
1536
1625
1628
1637
1535
1629
1642
1543
1633
1640
1641
1645
1647
1575
1533
1568
1634
1648
1643
1635
1651
1646
1649
1639
1638
1658
1656
1655
1664
1574
1569
1657
1653
1666
1570
1663
1660
1661
1667
1669
1672
1675
1673
1674
1696
1701
1698
1691
1699
1694
1695
1704
1706
1705
1707
1515
1723
1726
1544
1545
1546
1548
1549
1550
1551
1552
1727
1740
1739
1750
1744
1743
1553
1554
1555
1556
1557
1558
1745
1747
1757
1576
1577
1578
1580
1581
1582
1583
1584
1585
1586
1587
1588
1589
1590
1758
1771
1775
1772
1777
1779
1780
1782
1776
1789
1790
1793
1796
1799
1801
1802
1804
1800
1805
1806
1808
1825
1828
1831
1832
1838
1834
1833
1836
1837
1840
1856
1877
1878
1879
1880
1882
1885
1876
1887
1874
1888
1881
1886
1909
1910
1911
1912
1914
1917
1908
1919
1913
1906
1922
1918
1924
1923
1926
1925
1930
1929
569
578
588
591
607
610
620
623
639
799
808
831
1115
1116
1119
1147
1148
1151
1152
1153
1154
1155
1156
1159
1162
1168
1176
1177
1178
1181
1182
1183
1184
1185
1186
1187
1188
1191
1194
1200
1748
1210
1213
1214
1215
1483
1489
1522
1813
1816
1817
1820
1845
1848
1849
1852
1868
1871
776
1900
1903
1539
1571
1521
258
261
262
266
267
270
271
307
309
313
318
320
316
378
379
382
399
409
441
846
847
850
851
852
853
857
858
1051
1052
1055
1083
1084
1087
1088
1089
1090
1094
1095
1100
1101
1104
1107
1111
1112
1120
1121
1122
1126
1127
1132
1133
1136
1137
1138
1139
1143
1144
1306
1310
1338
1342
1347
1352
1373
1374
1375
1379
1384
1405
1406
1407
1410
1411
1412
1413
1417
1418
1442
1443
1444
1445
1449
1450
1473
1474
1475
1477
1478
1479
1480
1484
1485
1505
1506
1507
1509
1510
1511
1512
1516
1517
7
37
38
39
41
43
201
202
206
208
222
233
234
238
240
254
544
546
548
549
551
553
557
1219
1251
1277
1354
1357
1361
1367
1386
1792
1794
1795
1798
1803
1822
1823
1824
1826
1827
1829
1830
1835
1854
1855
1928
1931
73
83
105
115
42
207
1791
1797
1921
649
652
660
669
681
684
692
701
705
737
460
462
470
1563
1595
713
717
719
720
722
745
749
751
752
754
838
1157
1158
1160
1161
1189
1190
1192
1193
1300
1332
1102
1097
1142
1129
1110
1134
1564
1567
1596
1599
1604
1630
1636
1662
459
465
840
404
405
406
408
410
436
437
438
440
442
448
451
453
455
456
622
626
628
629
630
631
632
1242
1243
1274
1275
1280
1301
1302
1303
1304
1311
1312
1315
1316
1317
1318
1319
1320
1321
1322
1323
1325
1328
1329
1330
1331
1333
1334
1335
1336
1343
1612
1644
642
647
665
666
670
674
679
697
698
702
468
590
594
596
597
598
599
600
1007
1196
1867
1899
269
272
273
275
278
286
288
289
290
293
294
296
297
298
299
301
302
303
304
305
310
321
322
326
327
328
330
334
335
332
333
331
336
337
338
339
343
346
347
348
349
350
351
345
352
353
354
356
358
359
360
362
363
364
365
366
367
368
369
370
371
372
373
375
376
377
463
464
466
471
472
474
475
476
477
478
479
480
481
482
483
484
486
488
489
490
487
492
494
495
496
497
498
500
502
503
504
506
507
508
509
510
511
512
513
514
516
517
515
518
519
520
521
523
524
525
526
527
528
529
530
531
532
534
535
536
537
538
539
540
541
561
563
566
567
568
570
571
573
522
646
678
780
784
787
788
790
812
816
819
820
822
839
842
843
848
849
854
855
856
859
870
871
872
873
874
875
876
877
878
879
880
881
882
883
884
885
886
887
888
889
890
891
892
893
894
895
897
898
899
900
901
902
903
904
905
906
907
909
910
911
912
913
914
915
916
918
919
920
921
922
923
925
926
927
929
930
931
932
933
934
935
936
937
938
939
941
942
943
944
945
946
947
948
950
951
952
953
954
955
957
958
959
960
961
962
963
964
965
966
967
968
969
970
971
972
973
974
975
976
977
978
979
980
981
982
983
984
985
987
986
988
989
990
991
992
993
994
995
996
997
998
999
1000
1001
1002
1003
1004
1005
1006
1008
1010
1012
1020
1022
1026
1028
1029
1030
1031
1046
1047
1048
1054
1058
1060
1061
1062
1063
1078
1079
1080
1086
1105
1106
1108
1140
1163
1164
1165
1166
1169
1195
1197
1198
1201
1211
1212
1216
1217
1223
1227
1228
1229
1232
1233
1248
1249
1255
1259
1260
1261
1264
1265
1622
1654
1676
1677
1680
1681
1682
1683
1687
1688
1690
1708
1709
1712
1713
1714
1715
1719
1720
1722
1735
1736
276
277
281
284
291
1884
1916
841
8
12
81
84
85
87
88
91
113
116
117
119
120
123
193
194
195
196
197
221
253
260
263
268
306
311
312
314
315
317
319
342
388
400
402
414
420
434
446
461
467
469
473
565
579
580
581
582
583
593
606
608
609
611
612
613
614
615
625
638
656
661
664
667
688
693
696
699
704
709
710
736
741
742
781
813
1024
1034
1035
1038
1039
1041
1042
1044
1045
1056
1066
1067
1070
1071
1073
1074
1076
1077
1091
1093
1096
1103
1109
1113
1123
1125
1128
1135
1141
1145
1167
1199
1206
1207
1220
1224
1238
1239
1244
1245
1247
1252
1256
1270
1271
1276
1279
1364
1368
1369
1389
1393
1396
1399
1400
1401
1408
1414
1415
1416
1419
1420
1421
1422
1423
1425
1426
1428
1429
1430
1431
1432
1435
1436
1440
1446
1447
1448
1451
1452
1453
1454
1455
1457
1458
1460
1461
1462
1463
1464
1467
1468
1476
1486
1807
1809
1810
1811
1812
1814
1815
1818
1819
1821
1839
1841
1842
1843
1844
1846
1847
1850
1851
1853
1857
1858
1859
1860
1861
1862
1863
1864
1865
1866
1869
1870
1872
1873
1875
1883
1889
1890
1891
1892
1893
1894
1895
1896
1897
1898
1901
1902
1904
1905
1907
1915
1920
1927
1686
429
430
431
1541
1559
1540
1560
1561
1572
1573
1591
1592
1593
1600
1618
1620
1632
1650
1652
274
280
282
285
287
300
1025
1053
1057
1085
433
355
485
452
908
940
1179
1180
1678
1684
1689
1710
1716
1721
1734
1754
1756
1755
1759
1766
1767
1768
1786
1787
1788
292
295
432
1703
40
44
1711
1679
1685
1670
1659
1627
1702
1718
1668
1700
1697
1665
1717
1324
227
1283
1291
1299
1493
1496
1508
1497
1494
1760
228
1778
1769
1773
1746
1741
1518
1783
1725
1765
1751
1731
1764
1742
1762
1733
1752
1289
1287
1286
1290
1285
1284
1293
1295
1326
1327
1296
1294
1298
1526
1528
1753
1785
