159
169
170
179
181
182
185
187
190
191
192
193
194
196
144
145
146
151
152
154
157
161
162
163
166
167
168
171
172
173
174
176
177
178
183
184
186
189
195
197
199
200
207
209
212
216
218
219
220
221
222
198
203
204
205
210
211
213
214
215
224
225
226
228
229
231
232
239
241
244
248
227
230
235
236
237
242
243
245
246
247
250
251
252
253
254
266
267
268
270
275
276
282
284
286
269
271
272
273
278
279
298
299
300
301
302
303
304
305
307
308
316
318
320
321
322
323
324
310
311
326
327
329
330
331
332
333
335
336
328
337
343
338
339
341
344
334
347
349
350
351
352
353
354
359
355
356
358
361
362
360
363
364
365
366
367
368
375
369
370
371
373
376
379
381
122
123
126
127
147
149
150
153
155
158
774
775
795
797
806
807
827
829
830
832
833
834
835
837
838
839
846
847
848
849
850
851
852
853
854
863
864
865
866
867
869
878
879
880
881
882
883
884
885
886
895
896
899
900
919
921
922
923
924
925
928
931
932
951
953
954
955
956
957
960
967
968
975
966
969
970
971
973
974
977
983
992
978
979
980
981
982
999
1000
998
1001
1007
1015
1002
1003
1005
1006
1009
1011
1012
1014
1010
1034
1049
1066
1081
1088
1090
1092
1093
1094
1096
1097
1098
1102
1103
1111
1114
1120
1122
1124
1125
1126
1128
1129
1130
1134
1135
1206
1210
1217
1216
1219
1220
1221
1226
1222
1223
1224
1225
1227
1228
1229
1235
1236
1230
1231
1232
1233
1234
1239
1240
1241
1242
1237
1243
1245
1246
1247
1244
1249
1251
1248
1252
1253
1254
1255
1258
1256
1257
1259
1260
1261
1263
1264
1265
1267
1268
1271
1266
1269
1272
1273
1274
1275
1276
1277
1278
1279
1280
1282
1283
1288
1290
1294
1291
1295
1297
1306
1312
1314
1315
1320
1322
1326
1327
1310
1323
1329
1311
897
1338
1342
902
1344
1345
911
1350
1352
1348
1343
1353
1349
1347
1356
1359
1362
1365
1368
1373
1374
920
929
934
1371
1372
1375
1376
1380
1382
1384
1385
1381
943
1388
952
1391
1394
1397
1400
1403
1404
1405
1406
1408
1409
1410
1407
1411
1412
1413
1419
1420
1421
1422
1440
1441
1442
1443
1444
1445
1451
1454
1452
1453
1472
1473
1474
1475
1476
1477
1480
1481
1484
1486
1487
1491
1046
1488
1489
1490
1492
1493
1494
1495
1496
1499
1500
1497
1498
1504
1505
1506
1507
1501
1502
1508
1509
1512
1513
1516
1518
1519
1520
1521
1523
1522
1524
1527
1528
1531
1532
1078
1525
1526
1529
1530
1535
1536
1533
1534
1537
563
564
565
566
567
568
569
570
571
572
573
574
575
576
578
582
583
596
599
602
1262
604
607
608
628
631
634
636
639
644
645
646
647
648
649
650
651
652
653
654
655
656
658
659
661
662
663
664
665
666
667
668
669
670
676
677
678
679
680
681
682
683
684
685
686
687
688
690
691
693
694
695
696
697
698
699
700
701
702
704
730
731
735
736
762
763
767
768
769
770
771
772
773
776
777
778
779
780
782
783
784
785
786
787
788
789
790
791
792
793
794
796
798
799
800
801
802
803
804
805
808
809
810
811
812
814
815
816
817
818
819
820
821
822
823
824
825
826
828
831
836
855
856
857
858
859
860
861
862
868
870
871
887
888
889
890
891
892
893
894
898
901
903
904
905
906
907
908
909
910
912
913
914
915
916
917
918
926
927
930
933
935
936
937
938
939
940
941
942
944
945
946
947
948
949
950
958
959
961
962
963
972
976
993
994
995
1004
1008
1013
1024
1027
1030
1050
1051
1053
1055
1056
1059
1062
1080
1082
1083
1085
1087
1089
1091
1095
1099
1100
1101
1104
1105
1106
1107
1108
1109
1110
1112
1113
1115
1121
1123
1127
1131
1132
1133
1136
1137
1138
1139
1140
1141
1142
1143
1144
1145
1146
1147
1153
1154
1155
1156
1157
1158
1159
1160
1162
1163
1164
1165
1166
1167
1169
1171
1172
1175
1174
1176
1179
1180
1181
1178
1185
1186
1187
1188
1189
1190
1191
1192
1194
1195
1196
1197
1198
1199
1201
1203
1204
1207
1208
1211
1212
1213
1238
1270
1428
1430
1431
1433
1436
1438
1460
1462
1463
1465
1468
1470
1479
1483
1485
1511
1515
1517
1048
1170
1202
1416
1417
1418
1448
1449
1450
703
715
747
671
587
594
597
598
600
603
626
629
630
632
635
640
672
725
726
729
732
757
758
761
764
577
1173
1205
148
156
165
180
188
217
249
285
317
345
377
489
490
530
562
531
532
533
534
535
536
537
538
539
540
541
542
543
984
985
986
990
1016
1017
1018
1022
1025
1045
1047
1057
1077
1079
1281
1289
1293
1296
1298
1299
1301
1302
1303
1305
1307
1308
1309
1313
1321
1325
1328
1330
1331
1333
1334
1335
1337
1339
1340
1341
1351
1354
1355
1357
1358
1360
1361
1364
1366
1367
1383
1386
1387
1389
1390
1392
1393
1396
1398
1399
1363
1395
460
461
457
458
464
465
469
470
492
493
496
497
501
502
964
996
382
383
484
579
581
588
595
601
606
627
633
638
643
675
657
660
673
674
705
706
707
708
709
710
711
712
713
714
716
717
718
719
1318
1319
1324
1332
1336
1346
1369
1370
1401
1402
1414
1415
1423
1424
1425
1426
1427
1429
611
619
585
609
610
614
615
617
689
988
1020
748
605
637
641
1177
1209
592
487
485
486
498
499
400
1033
1065
143
175
390
391
392
393
398
399
1446
586
584
589
590
591
593
616
618
620
621
622
623
624
625
580
509
348
380
202
234
448
450
459
468
471
474
479
481
482
491
480
483
506
500
503
511
402
411
413
414
431
434
443
445
446
449
467
467
238
1086
1464
1466
1467
1469
1471
1478
1482
1510
1514
160
164
201
206
208
223
233
240
255
256
257
258
1031
1032
1035
1036
1037
1038
1039
1040
1041
1042
1043
1044
1052
1054
1058
1060
17
42
46
48
49
50
51
58
60
61
62
63
64
66
67
68
69
70
71
72
73
74
75
76
81
82
84
87
89
92
93
96
98
99
100
101
102
103
104
105
106
107
108
113
114
116
119
121
124
125
128
129
130
131
133
136
139
140
134
135
142
401
407
410
421
430
432
433
439
442
451
452
453
454
455
456
462
463
466
477
478
488
494
495
510
512
516
518
519
523
524
525
526
528
529
544
548
550
551
555
556
557
558
560
561
97
44
47
59
65
77
78
79
80
88
90
91
94
95
109
110
111
112
120
137
138
141
1063
1064
1068
1071
1074
1075
1076
1029
1028
1061
1084
738
1161
1168
1193
1200
1284
1285
1287
1304
1316
1317
325
357
277
309
721
722
727
728
737
739
740
741
742
743
744
745
746
749
750
751
753
754
759
760
987
989
991
1019
1021
1023
1026
1067
1069
1072
1073
1182
1183
1214
1215
1218
1250
642
720
723
724
752
755
756
965
997
1447
1457
1458
1459
1434
1437
1439
41
423
424
425
0
1
4
5
287
319
385
405
406
408
412
417
428
437
438
440
444
513
514
515
517
520
521
522
545
546
547
549
552
553
554
12
15
340
342
346
372
374
378
259
260
261
262
263
264
265
280
281
274
283
288
291
289
290
292
293
315
384
386
387
388
389
394
395
396
397
403
404
409
415
416
418
419
877
1070
1116
1117
1118
1119
1148
1149
1150
1151
1152
1184
1286
1292
1300
1432
1435
296
297
306
733
734
765
766
781
813
840
841
842
843
844
845
872
873
874
875
876
877
1070
1116
1117
1118
1119
1148
1149
1150
1151
1152
1184
1286
1292
1300
1432
1435
1455
1456
1461
294
295
296
297
306
733
734
765
766
781
813
840
841
842
843
844
845
872
873
874
875
876
1455
1456
1461
294
295
441
447
504
505
507
508
527
692
843
844
845
872
873
874
504
505
507
508
527
692
507
508
527
18
19
22
21
20
25
24
23
30
28
31
27
29
26
36
37
38
39
40
52
53
54
55
56
57
420
422
426
429
54
55
56
57
83
85
86
115
117
426
427
429
435
118
132
420
559
422
436
472
473
475
476
2
3
6
7
8
9
10
11
13
14
16
43
45
54
55
56
57
83
85
86
115
117
118
132
422
426
427
429
435
436
472
473
475
476
559
612
613
427
435
436
472
313
314
1377
1379
1503
313
314
1377
1379
1503
612
613
1378
312
1378
312
1378
312
1378
312
1378
312
