12326
12327
12328
12326
12327
12328
12316
12317
12312
12313
12316
12317
12312
12313
12312
12313
12316
12317
12312
12313
12316
12317
12312
12313
1
3
4
5
6
7
8
9
10
11
13
14
15
16
17
19
20
25
26
27
29
33
34
35
36
37
38
39
40
41
42
43
45
46
47
48
49
51
52
57
58
59
61
64
65
66
68
69
70
73
74
93
72
83
84
95
96
97
98
100
101
102
105
106
104
108
111
112
125
127
115
116
131
132
135
137
151
152
153
139
147
163
164
167
169
171
183
184
185
179
194
198
200
201
250
251
253
257
258
259
260
261
262
263
264
268
271
272
273
274
277
278
279
283
287
289
290
291
292
293
294
295
296
300
303
304
305
306
309
310
311
315
319
340
341
344
345
434
436
438
442
443
444
446
449
450
453
455
456
459
454
461
462
463
464
465
468
469
470
471
474
475
476
477
478
481
482
485
487
488
486
491
493
494
495
496
497
500
501
502
503
506
507
508
509
510
513
514
515
519
520
521
524
525
530
531
532
533
534
545
546
547
551
552
553
556
557
559
562
563
564
565
566
579
581
583
584
585
586
587
588
595
598
603
604
607
611
613
615
616
617
618
619
620
687
690
695
696
697
699
704
707
712
715
716
718
719
736
739
744
747
748
750
751
774
775
784
785
806
807
816
817
840
841
850
851
872
873
882
883
906
907
916
917
938
939
948
949
972
973
982
983
2
1004
1005
1014
1015
1038
1039
1048
1049
1070
1071
1080
1081
1104
1105
1108
1114
1115
1136
1137
1140
1146
1147
1170
1171
1180
1181
1202
1203
1212
1213
280
1217
1218
284
1229
1231
312
316
1241
1244
1249
1250
1261
1263
1273
1276
1283
1288
1284
1285
1289
445
447
451
1296
1297
1246
1247
479
1299
1300
1301
1302
1303
1304
483
1305
1306
1308
1309
1315
1316
1317
1320
1321
1278
1279
1328
1329
1331
1332
1333
511
1334
1335
1336
516
517
518
523
1337
1338
1340
1341
526
527
528
529
1348
1349
1351
1352
1353
1354
548
549
550
1356
1357
1358
555
558
560
561
1365
1366
1367
1368
1369
1370
1371
1373
1374
1375
1380
1381
1383
1384
1385
1386
1388
1389
1390
1397
1398
1399
1400
1401
1402
1403
1405
1406
1407
1408
1409
1410
1414
1415
1417
1418
1420
1421
1422
1423
1424
1425
1426
1430
1440
1441
1442
1446
1447
1449
1450
1452
1453
1454
1455
1456
1457
1458
1461
1462
1473
1493
1494
1502
1505
1525
1526
1534
1538
1548
1549
1570
1790
1801
1803
1804
1805
1806
1807
1808
1809
1810
1811
1812
1813
1814
1816
1820
1822
1823
1829
1833
1835
1836
1837
1838
1839
1840
1841
1842
1843
1844
1845
1846
1848
1852
1854
1855
1921
1925
1927
1934
1935
1938
1942
1940
1941
1945
1944
1946
1947
1948
1949
1950
1951
1953
1957
1959
1967
1966
1970
1974
1972
1973
1977
1976
1978
1979
1980
1981
1982
1983
1984
1991
1993
1994
1996
1999
2014
2015
2016
2023
2025
2026
2028
2013
2031
2046
2047
2054
2055
2057
2061
2049
2045
2050
2051
2062
2052
2063
2053
2058
2066
2067
2070
2068
2073
2072
2064
2074
2075
2076
2065
2077
2079
2078
2069
2071
2086
2087
2089
2093
2081
2082
2083
2094
2084
2085
2095
2090
2098
2099
2059
2102
2100
2060
2105
2104
2096
2106
2097
2107
2108
2109
2110
2111
2112
2101
2103
2115
2113
2116
2117
2118
2121
2122
2119
2120
2126
2123
2124
2125
2129
2133
2091
2092
2141
2132
2144
2147
2137
2145
2148
2149
2140
2153
2150
2142
2143
2151
2154
2152
2155
2156
2214
2229
2157
2231
2230
2232
2233
2236
2237
2242
2246
2247
2248
2250
2252
2251
2255
2256
2258
2259
2261
2263
2264
2266
2267
2268
2274
2278
2279
2280
1307
2284
2282
2287
2288
1339
1428
1429
1431
1432
1433
1460
1463
1464
1465
2283
2253
2260
2285
2290
1798
1802
1815
1817
1821
1830
1834
1847
1849
2293
2295
2296
2298
2299
2300
2657
2658
1853
2663
2664
2667
2292
2668
1867
1868
1869
1870
1871
1872
1873
1874
1875
2669
2670
2677
2673
2674
2675
1899
1900
1901
1902
1903
1904
1905
1906
1907
1920
1922
1926
2679
2680
2681
2682
2683
2684
2685
2686
2687
2688
2689
2691
2690
1936
2692
1937
1939
1952
1954
2693
2694
2695
2696
2698
2702
2707
2708
1958
1968
1969
1971
2709
2710
2701
2704
2700
2712
2714
2716
2720
2721
2723
2724
2725
2726
2727
2705
2706
2699
2703
2730
2734
2739
2740
2741
2742
2719
2744
2733
2718
2728
2736
2746
2748
2753
2754
2722
2732
2715
2759
2760
2731
2764
2765
2766
2735
2769
2771
2772
2774
2775
2776
2750
2779
2737
2747
2738
2751
2783
2785
2786
2791
2792
2770
2796
2797
2798
2801
2803
2804
2806
2807
2808
2756
2757
2811
2763
2758
2778
2802
2762
2789
2817
2821
2822
2823
2824
2825
2826
2827
2767
2828
2829
2830
2831
2832
2833
2834
2835
2836
2837
2790
2777
2838
2839
2840
2841
2842
2795
2843
2845
2846
2847
2844
2818
2849
2809
2799
2853
2854
2855
2856
2857
2850
2810
2858
2859
2860
2861
2862
2863
2864
2865
2866
2867
2780
2868
2869
2870
2871
2872
2873
2874
2875
2876
2877
2878
2879
2880
2881
2882
2883
2794
2884
2886
2788
2888
2889
2890
2891
2892
2893
2894
2896
2898
2899
2895
2812
2897
2901
2902
2887
2903
2904
2905
2906
2249
2907
2908
2909
2910
2918
2900
2920
2921
2922
2923
2924
2925
2926
2927
2928
2930
2929
2931
2933
2934
2935
2936
2937
2938
2939
2940
2941
2919
2942
2943
2944
2946
2947
2948
2950
2951
2952
2281
2958
2932
2960
2966
2962
2963
2964
2967
2968
2969
2970
2976
2978
2979
2980
2982
2983
2984
2990
2993
2998
2992
2994
2995
2996
2999
3000
3001
3002
3008
3009
3010
3011
3012
3013
3014
3015
3016
3017
3034
3035
3037
3039
3040
3041
3042
3043
3044
3045
3046
3047
3048
3049
3066
3067
3069
3071
3072
3076
3080
3082
3083
3086
3087
3088
3089
3108
3112
3114
3115
3118
3119
3120
3121
4295
4313
4316
4322
4325
4327
4345
4348
4355
4360
4363
4377
4380
4387
2291
4392
4395
4409
4412
4419
4423
4426
4429
4432
4422
4424
4427
4447
4451
4455
4458
4461
4464
4463
4454
4456
4479
4459
4497
4558
4560
4600
4601
4604
4614
4617
4620
4621
4619
4624
4622
4623
4626
4628
4627
4632
4633
4634
4637
4635
4636
4646
4652
4649
4653
4651
4656
4655
4654
4660
4658
4659
4664
4666
4665
4667
4668
4669
4742
4739
4744
4745
4743
4740
4746
4748
4750
4749
4751
4752
4755
4754
4753
4756
4757
4758
4761
4762
4770
4769
4767
4766
4774
4776
4777
4771
4775
4772
4780
4778
4782
4781
4783
4784
4785
4787
4786
4788
4789
4790
4793
4794
4803
4804
4805
4802
4806
4807
4835
4836
4834
4837
4838
4839
2885
4865
4868
4425
2917
4872
4874
4457
4876
4877
4883
4884
4886
4887
4888
4889
4890
4891
4892
4893
2945
2949
4897
4900
4906
2953
2954
2955
2956
4904
2957
4908
4909
2959
2961
4910
4911
4913
2965
4914
4915
4916
4918
4919
4920
4921
4922
4923
2971
2972
4924
2973
2975
2977
4925
2981
2985
2986
4928
4929
4930
2987
2988
2989
2991
2997
3003
3004
3005
3007
4931
4932
4933
4934
4935
4936
4937
4938
4939
4940
4941
4942
4943
4944
4945
4946
4947
4948
4949
4951
4952
4953
4954
4955
4956
4957
4958
4959
4960
4961
4962
3036
4963
4964
4965
4966
4967
4968
4969
4970
4971
4972
4973
4974
4975
4976
4977
4979
3068
4980
4981
3073
4983
4984
4985
4986
4987
4988
3077
4989
4990
4991
4993
4997
4998
5001
5002
3090
5005
5011
5013
3105
5017
5018
3109
3122
5033
5034
4296
5037
5043
5045
4328
5123
5126
4421
4431
4436
4437
5135
5136
5137
5138
5141
5142
5143
4453
5169
5170
5173
5174
4468
4469
5175
4480
5180
4503
5183
5184
4535
4549
5185
5186
5189
5195
4559
4561
5196
5198
5199
4581
5202
5206
5207
5211
5213
5214
5215
5216
5217
5218
5221
5227
5228
5230
5231
5234
5238
5239
5241
5243
5245
5246
5247
5251
5253
5257
5283
5285
5267
5289
5264
5261
5293
5266
5296
5003
5004
5007
5008
5009
5010
5299
5014
5015
5035
5036
5039
5040
5041
5042
5046
5047
5298
5133
5134
5139
5171
5176
5177
5179
5209
5210
5212
5242
5244
5249
5260
5262
5276
5278
5279
5281
5292
5294
5308
5310
5311
5313
5315
5316
5323
5338
5339
5340
5345
5347
5348
5355
5370
5371
5372
5376
5377
5379
5380
5382
5383
5384
5386
5387
5388
5400
5401
5402
5403
5404
5406
5463
5441
5408
5409
5442
5506
5411
5412
5414
5415
5416
5418
5419
5420
5443
5454
5432
5433
5434
5435
5436
5438
5440
5523
5455
5444
5445
5535
5538
5449
5471
5460
5458
5466
5452
5468
5470
5555
5457
5459
5461
5472
5475
5500
5464
5567
5491
5487
5473
5486
5507
5579
5474
5492
5508
5569
5503
5493
5498
5504
5476
5477
5533
5502
5481
5601
5484
5489
5495
5611
5490
5496
5519
5539
5531
5544
5522
5512
5517
5520
5513
5634
5637
5516
5529
5638
5641
5545
5521
5549
5524
5540
5525
5548
5528
5563
5526
5530
5532
5666
5582
5552
5536
5669
5670
5673
5558
5551
5581
5553
5561
5556
5554
5557
5560
5643
5586
5562
5564
5565
5697
5585
5571
5572
5617
5575
5675
5642
5650
5614
5618
5716
5719
5651
5647
5584
5729
5613
5649
5589
5616
5587
5588
5604
5748
5751
5607
5590
5648
5681
5766
5682
5776
5779
5680
5622
5787
5674
5679
5646
5798
5619
5808
5811
5777
5819
5825
5621
5603
5826
5827
5829
5831
5832
5683
5834
5835
5809
5844
5851
5855
5857
5858
5859
5620
5861
5863
5864
5866
5867
5876
5678
5883
5887
5890
5894
5896
5900
5903
5912
5847
5908
5913
5915
5916
5917
5919
5922
5892
5926
5928
5932
5849
5726
5935
5893
5940
5944
5945
5879
5947
5948
5949
5951
5924
5925
5953
5955
5956
5957
5958
5959
5961
5962
5963
5964
5966
5967
5968
5969
5970
5972
5973
5974
5850
5975
5976
5977
5978
5880
5848
5979
5981
5983
5985
5882
5987
5988
5989
5990
5991
5993
5994
5995
5996
5998
5999
6000
6001
6002
6004
6005
6006
6007
6008
6009
6010
6011
6013
6015
6017
5881
6019
6020
6021
6027
5758
5812
5784
6026
6028
6039
6040
6043
6049
6051
6052
6053
6058
6059
6060
6071
6072
5780
6075
6081
6083
6084
6091
6092
6093
6094
6095
6096
6097
6098
5816
6101
6102
6103
6106
6108
6113
6115
6116
6123
6124
6125
6126
6127
6128
6129
6130
6133
6134
6135
6138
6140
6161
6163
6169
6166
6170
6186
6192
6195
6194
6201
5895
5897
5898
6210
5927
5929
5930
6216
6217
6198
6202
5960
6228
6229
5971
6232
6235
6236
6237
6238
5980
5982
5992
6242
6003
6012
6014
6248
6249
6016
6261
6264
6260
6267
6268
6269
6270
6030
6031
6032
6033
6273
6274
6275
6287
6293
6294
6048
6296
6297
6299
6301
6303
6305
6298
6302
6306
6307
6319
6325
6326
6328
6329
6331
6333
6330
6335
6336
6334
6337
6339
6062
6063
6064
6065
6340
6341
6342
6346
6338
6347
6348
6349
6352
6353
6362
6363
6364
6360
6361
6366
6368
6369
6373
6374
6080
6371
6372
6379
6378
6370
6380
6381
6384
6385
6386
6391
6392
6394
6395
6393
6396
6398
6414
6419
6421
6424
6426
6446
6451
6104
6112
6453
6456
6466
6458
6475
6478
6480
6483
6494
6498
6502
6470
6507
6510
6511
6512
6479
6515
6526
6136
6529
6533
6537
6534
6538
6541
6543
6539
6540
6546
6548
6552
6542
6550
6544
6553
6545
6547
6551
6558
6554
6555
6556
6561
6570
6566
6565
6160
6569
6576
6575
6571
6572
6573
6577
6574
6585
6588
6582
6579
6578
6580
6590
6583
6584
6587
6636
6638
6652
6655
6682
6685
6686
6714
6717
6725
6747
6749
6750
6718
6757
6779
6781
6782
6785
6786
6787
6788
6790
6791
6794
6795
6796
6481
6482
6492
6670
6513
6514
6524
6532
6817
6818
6564
6669
6819
6820
6822
6823
6826
6827
6828
6701
6586
6687
6850
6851
6656
6657
6658
6659
6667
6668
6671
6672
6673
6854
6688
6689
6690
6691
6858
6719
6882
6883
6890
6699
6700
6702
6703
6704
6892
6705
6934
6721
6936
6726
6966
6968
7133
7134
7146
6748
7165
7166
7190
7192
6753
7191
7193
7199
7194
7195
6758
7222
7223
7224
7227
7231
7233
7225
7226
7244
7232
7247
7373
7376
7264
6780
7405
7408
6789
7426
7429
7452
7455
7458
7461
7484
7487
7507
7518
7539
7550
7553
6821
7585
6893
6894
6897
6898
7189
7875
7879
7882
7221
7884
7234
7235
7898
7899
7236
7237
7902
7904
7907
7911
7914
7916
7930
7931
7934
7947
7979
8009
8012
8015
8041
8044
8047
8152
8155
8184
8187
7700
7702
7703
7704
7705
7708
7711
7728
7732
7734
8418
7735
7736
7737
7740
7743
7744
8558
8561
8641
8644
8673
8676
8734
8735
8751
8752
8753
7872
8765
8766
8767
8770
8771
8773
8774
8779
8783
8802
8803
8805
8806
8811
8815
8898
8901
8902
8906
9008
9009
9013
9015
9017
9019
9020
9021
9022
9023
9024
9025
9026
9028
9029
9032
9033
9034
9035
9039
9040
9105
9108
9109
9113
9115
9118
9122
9123
9126
9133
9134
9137
9140
9141
9145
9147
9150
9153
9154
9155
9156
9158
9162
9168
9169
9171
9172
9173
9176
9177
9178
9179
9181
9182
9185
9186
9245
9249
9250
9256
9257
9260
9264
9277
9280
9281
9283
9284
9285
9286
9288
9289
9293
9295
9296
9297
9299
9300
9301
9304
9307
9308
9309
9312
9313
9315
9316
9317
9318
9320
9321
9325
9327
9328
9329
9331
9332
9333
9336
9339
9340
9341
9347
9349
9350
9351
9354
9361
9362
9363
9364
9365
9368
9369
9370
9371
9372
9374
9379
9381
9382
9383
9386
9393
9394
9395
9396
9397
9400
9401
9402
9403
9404
9406
9413
9415
9416
9417
9418
9419
9420
9421
9422
9423
9424
9425
9427
9428
9429
9426
9430
9431
9432
9433
9436
9437
9445
9447
9448
9449
9450
9451
9452
9453
9454
9455
9456
9457
9459
9460
9461
9458
9462
9463
9464
9465
9468
9469
9488
9489
9554
9556
9560
9562
10556
10557
10558
10559
10562
10563
10565
10566
10569
10571
10572
10573
10575
10578
10579
10580
10581
10584
10591
10594
10595
10597
10598
10601
10603
10604
10605
10607
10610
10611
10612
10613
10616
10721
10723
10724
10727
10728
10729
10730
10734
10735
10745
10746
10747
10748
10750
10758
10759
10760
10769
10773
10783
10785
10788
10790
10791
10792
10801
10805
10818
10815
10819
10850
10851
10893
10895
10896
10898
8733
10908
10911
10912
10913
10914
10915
10916
10925
10927
10928
10940
10943
9010
9014
10966
9027
9251
9252
9261
9282
9310
9314
9342
10959
10955
9555
9557
10956
9561
10957
10560
10958
10574
10998
10583
10587
10588
10589
10590
10592
10606
10964
10615
10619
10620
10621
10622
10722
10960
10763
10764
10767
10768
11030
11031
11032
11033
11035
10781
10782
11037
10795
10965
10796
10799
10800
10813
10814
10820
11064
11062
11063
11065
10831
10834
10837
11067
11069
10838
10841
10842
10852
11075
11076
11078
11079
11080
11083
11084
11085
11086
11089
11092
11093
11095
11098
10917
10918
11108
11107
11110
11111
11112
10930
11115
11116
11117
11118
10945
10946
10947
10949
11121
11124
11125
11127
10954
11130
11136
11139
11143
11145
11147
11148
11149
11150
11151
11156
11157
11160
11162
11164
11167
11168
11171
11188
11189
11192
11194
11196
11199
11200
11206
11205
11208
11211
11212
11213
11214
11215
11216
11217
11219
11220
11221
11222
11224
11223
11227
11229
11232
11237
11238
11240
11243
11244
11245
11247
11246
11248
11249
11251
11252
10987
11253
10967
11254
11255
11256
11257
11259
11261
10968
10969
11290
11294
11293
11297
11300
11302
11305
11306
11333
11337
11341
11344
11350
10988
11353
11352
11356
11411
11417
11428
10970
10989
10977
10978
10990
11443
10979
10981
11449
10986
10996
10992
10997
11457
10991
10999
11000
11001
11461
11002
11467
11468
11013
11016
11470
11471
11472
11025
11474
11476
11038
11478
11045
11479
11048
11480
11481
11482
11483
11484
11485
11057
11487
11489
11070
11077
11493
11109
11142
11144
11498
11161
11499
11500
11502
11503
11193
11504
11506
11207
11508
11225
11226
11228
11511
11510
11512
11513
11514
11515
11516
11239
11517
11519
11521
11522
11523
11258
11260
11524
11289
11526
11527
11291
11292
11530
11531
11532
11533
11534
11334
11537
11338
11538
11539
11540
11541
11544
11545
11546
11351
11357
11406
11551
11550
11407
11553
11408
11409
11554
11555
11556
11413
11414
11415
11558
11559
11418
11419
11422
11423
11562
11563
11564
11565
11566
11432
11569
11570
11571
11572
11433
11573
11434
11435
11436
11576
11577
11578
11437
11438
11580
11583
11582
11439
11440
11584
11587
11588
11591
11594
11602
11597
11599
11600
11603
11441
11605
11604
11606
11609
11610
11607
11612
11616
11619
11620
11623
11626
11634
11629
11635
11651
11631
11632
11445
11446
11447
11654
11661
11655
11665
11658
11659
11660
11663
11666
11664
11671
11673
11450
11451
11667
11676
11675
11668
11670
11672
11674
11678
11682
11683
11686
11687
11690
11691
11693
11697
11692
11695
11702
11696
11454
11703
11704
11698
11705
11699
11700
11706
11708
11455
11456
11710
11707
11714
11712
11716
11713
11715
11720
11719
11721
11722
11723
11724
11726
11738
11740
11744
11458
11745
11746
11748
11459
11747
11752
11755
11751
11756
11753
11758
11754
11770
11772
11777
11778
11785
11776
11781
11783
11782
11788
11787
11789
11790
11792
11793
11796
11791
11795
11794
11797
11798
11800
11799
11801
11802
11803
11804
11460
11820
11806
11807
11808
11805
11819
11821
11824
11823
11825
11822
11827
11828
11829
11830
11826
11831
11832
11834
11833
11836
11837
11835
11838
11839
11462
11463
11845
11841
11842
11840
11843
11464
11848
11846
11469
11847
11850
11852
11849
11851
11858
11855
11859
11862
11860
11473
11867
11475
11868
11853
11477
11869
11872
11873
11877
11880
11875
11864
11879
11874
11486
11488
11854
11878
11865
11881
11490
11491
11861
11883
11882
11492
11856
11890
11884
11891
11887
11892
11894
11863
11899
11900
11901
11866
11885
11857
11494
11907
11905
11913
11908
11911
11915
11912
11916
11914
11844
11923
11918
11920
11921
11495
11917
11919
11924
11926
11922
11927
11925
11929
11928
11876
11930
11895
11933
11931
11934
11932
11935
11939
11940
11937
11871
11945
11947
11946
11948
11950
11944
11496
11949
11955
11943
11952
11954
11951
11896
11953
11957
11956
11959
11960
11958
11961
11962
11870
11903
11501
11963
11965
11967
11968
11964
11897
11966
11969
11973
11886
11972
11975
11889
11978
11898
11983
11985
11986
11981
11984
11505
11902
11988
11987
11990
11991
11989
11893
11994
11992
11995
11507
11888
11993
11999
11998
12000
11996
12001
11997
11509
12004
12005
12007
12010
12013
12015
12016
12018
12017
12019
12042
12044
12043
12045
12046
12047
12048
12050
12051
12053
12054
12052
12049
11518
11520
12058
12061
12057
12055
12059
12062
12064
11525
12063
12056
12066
12067
12068
12074
12076
11528
12075
12078
12079
12080
12081
12083
12086
11529
12077
12082
12085
12084
12090
12087
12065
12089
12091
12060
12093
12095
12094
12096
12088
12097
12098
12099
12100
12101
12102
12104
12105
12106
12107
12109
11548
11552
12110
12111
12112
12113
12114
12115
12116
12117
12108
12118
12119
12120
11557
11560
11561
12121
12122
12092
12123
12124
12125
12126
12127
12128
12129
12130
12131
12132
12133
12134
12136
12137
12138
12139
12140
12141
12142
12143
12144
12145
12146
12147
12148
12149
12150
12151
12152
12153
12154
12155
12156
12157
12158
12159
12160
11590
12162
12163
12164
12165
12166
12167
12168
12170
12172
12169
12173
11622
12176
12177
12178
12179
12180
12181
12183
12185
12182
12186
12187
12191
12192
12194
12196
12197
12195
12198
12199
12200
12201
12203
12204
12202
12205
12208
12209
12210
12211
12212
12214
12213
12215
12217
12218
12219
12224
12226
12227
12223
12228
12229
12230
12231
12232
12233
12234
12236
12237
12238
12239
12240
12235
12241
12242
12245
12246
12247
12243
12244
12248
12249
12250
12251
12252
12253
12255
11725
11727
11728
12256
12258
11729
11730
12259
12260
12261
12262
12263
12264
12265
12266
12267
12268
12269
12270
11737
12271
12272
12273
12274
11739
11741
11742
11743
11757
11759
11760
11761
11762
11769
11771
11773
11774
11775
12171
12283
12284
12285
12287
12288
12289
12290
12291
12292
12293
12294
12295
12296
12297
12298
12299
12300
12301
12302
12303
12304
12305
12306
12315
12318
12311
12314
12319
12320
12321
12322
12323
12324
12325
12329
12330
12331
12332
12334
12341
12342
12343
12347
12350
12351
12352
12353
12354
12357
12359
12360
12361
12362
12363
12364
12365
12366
12367
12370
12371
12383
12384
12385
12386
12389
12391
12392
12393
12394
12395
12396
12397
12398
12399
12402
12403
12404
12405
12409
12410
12423
12424
12426
12427
12428
12429
12432
12433
12434
12458
12459
12460
12461
12464
12465
12466
12471
12473
12475
12476
12477
12478
12480
12483
12486
12487
12488
12489
12492
12496
12499
12509
12512
12515
12518
12519
12520
12521
12692
12724
12737
12740
12904
12905
12930
13050
13052
13055
13059
13064
13066
13067
13068
13070
13071
13072
13073
13074
13075
13076
13077
13080
13081
13096
13098
13099
13100
13102
13103
13104
13105
13106
13107
13108
13109
13113
13112
13124
13125
13167
13169
13170
13171
13174
13175
13367
13368
13371
13376
13372
13377
13375
13378
13379
13374
13381
13382
13383
13380
13386
13388
13390
13387
13392
13393
13394
13395
13396
13397
13398
13399
13400
13401
13402
13403
13404
13405
13406
13407
13408
13409
13410
13413
13414
13415
13411
13412
13418
13419
13420
13422
13424
13425
13426
13427
13428
13429
13430
13431
13432
13433
13434
13435
13436
13437
13438
13439
13440
13441
13443
13445
13442
13446
13447
13448
13449
13450
13451
13452
13453
13454
13455
13457
13456
13458
13470
13471
13459
13472
13473
13475
13477
13478
13479
13480
13474
13481
13482
13483
13484
13485
13486
13487
13488
13489
13490
13492
13491
13493
13494
13497
13498
13499
13496
13495
13502
13503
13505
13504
13506
13507
13508
13509
13510
13511
13512
13513
13515
13516
13517
13514
13518
13519
13521
13522
13520
13525
13523
13524
13527
13528
13534
13535
13538
13536
13537
13539
13540
13541
13542
13543
13544
13545
13546
13547
13548
13549
13550
13553
13551
13554
13557
13552
13555
13556
13559
13560
13566
13567
13570
13576
13577
13596
13602
13608
13609
13612
13613
13615
13619
13616
13617
13621
13622
13623
13624
13625
13628
13645
13637
13638
13646
13649
13650
13651
13658
13654
13655
13661
13669
13677
13670
13678
13681
13682
13683
13690
13686
13687
13693
13697
13704
13703
13707
12333
12344
12345
12348
12349
12355
12358
13726
13722
13723
13720
13729
13724
13727
13735
13736
13739
13752
13754
13755
13756
12387
12390
13758
13759
13767
13765
13768
13771
13772
13776
13777
13780
13783
13789
13786
13790
13787
13799
13800
13797
13803
12474
13804
13809
13812
13808
13815
13821
13818
13819
13822
13889
13894
13893
13895
13890
13891
13896
13892
13902
13897
12907
12908
12911
13898
13901
13899
12914
12916
13913
12919
12920
13921
13056
13927
13922
13926
13923
13928
13924
13930
13929
13925
13931
13057
13933
13934
13060
13061
13935
13945
13065
13069
13082
13084
13088
13089
13092
13093
13097
13953
13954
13955
13101
13957
13959
13960
13961
13962
13963
13964
13965
13966
13114
13116
13969
13970
13974
13975
13979
13980
13981
13982
13985
13986
13987
13989
13991
13992
13993
13994
13995
13996
13997
13998
14001
14002
14006
14007
14018
14019
14020
14021
14022
14023
14024
14025
14026
14027
14028
14029
14030
14031
14032
14033
14034
14035
14036
14037
14038
14040
14041
14042
14045
14050
14051
14052
14053
14054
14055
14056
14058
14057
14059
14060
14061
14062
14063
14064
14065
14066
14067
14068
14069
14070
14072
14073
14074
14077
14083
14084
14094
14115
14116
14126
14168
14169
14170
14171
14172
14173
14175
14200
14201
14202
14203
14204
14205
14207
14208
14209
14211
14212
14213
14214
14216
14221
14224
13652
14240
14241
14243
14244
14245
14246
14248
14253
14256
13684
14273
14279
14280
14281
14282
14285
14286
14287
14288
14292
14293
14294
14295
14298
14299
14302
14305
14311
14312
14313
14314
14317
14318
14319
14320
14324
14325
14342
14345
14346
14347
14348
14349
14350
14351
14352
14353
14354
14355
14356
13766
14357
14358
14359
14360
14361
14362
14365
14366
14377
13774
13775
14378
14379
14380
14381
14382
14383
14384
14385
14386
14387
14388
14389
13778
13779
14390
14391
14392
14393
14394
14397
14398
14407
14408
14409
13798
14410
14411
14413
14414
14415
14416
13806
13807
14418
13810
13811
14419
14420
14422
14423
14424
14427
14428
14429
14430
14431
14439
14440
14441
14442
14443
14445
14446
14447
14448
14450
14451
14452
14454
14455
14456
14459
14460
14461
14462
14463
14464
14465
14466
14467
14468
14469
14470
14471
14472
14473
14474
14475
14476
14477
14478
14479
14480
14481
14482
14483
14484
14485
14486
14487
14488
14489
14490
14491
14492
14493
14494
14495
14496
14497
14498
14499
14500
14501
14502
14503
14504
14505
14506
14507
14508
14509
14510
14511
14512
14513
14514
14515
14516
14517
14518
14519
14520
14521
14522
14523
14524
14525
14526
14527
14528
14530
13903
14535
14536
14537
14538
14539
14541
14542
14543
14544
14545
14546
14552
14553
14555
14559
14560
14562
14567
14568
14569
14570
14571
14573
14574
14575
14576
14577
14578
14584
14585
14587
14591
14599
14607
14611
14612
14613
14614
14615
14616
14617
14618
14619
14620
14621
14622
14623
14631
14639
14643
14644
14645
14646
14647
14648
14649
14650
14651
14652
14653
14654
14655
14656
14657
14658
14659
14660
14661
14664
14665
14671
14674
14676
14677
14678
14682
14693
14696
14697
14700
14703
14706
14708
14709
14710
14714
14730
14733
14747
14748
14749
14750
14751
14762
14765
14779
14780
14781
14782
14783
14784
14785
14786
14787
14788
14790
14791
14792
14793
14794
14795
14796
14797
14798
14799
14800
14801
14802
14803
14804
14805
14806
14807
14808
14809
14810
14811
14820
14822
14823
14824
14825
14826
14827
14828
14829
14830
14831
14832
14833
14834
14835
14836
14837
14838
14839
14840
14841
14842
14843
14844
14845
14846
14847
14848
14849
14850
14851
14852
14853
14854
14855
14856
14857
14859
14860
14866
14869
14872
14873
14875
14876
14879
14880
14881
14882
14883
14884
14885
14886
14887
14888
14889
14891
14892
14898
14901
14904
14905
14907
14908
14911
14923
14219
15190
15191
15194
15195
15198
15201
14251
15210
15222
15223
15226
15227
15230
15314
15315
15316
15317
15318
15319
15320
15321
15322
15323
15324
15325
15327
15330
15331
15332
15333
15334
15337
15338
15328
15339
15340
15343
15346
15329
15347
15348
15349
15350
15351
15352
15353
15354
15355
15356
15357
15359
15362
15363
15364
15365
15366
15367
15368
15369
15360
15370
15372
15373
15374
15375
15376
15377
15379
15380
15381
15361
15382
15384
15385
15386
15387
15388
15389
15390
15394
15395
15396
15397
15398
15399
15400
15401
15402
15404
15405
15392
15406
15407
15408
15383
15409
15411
15412
15391
15393
15413
15414
15416
15417
15418
15419
15420
15421
15422
15415
15423
15440
15443
15445
15450
15499
15500
15501
15502
15503
15504
15505
15506
15507
15508
15509
15510
15512
15513
15516
15517
15518
15519
15520
15521
15522
15523
15524
15525
15526
15528
15531
15529
15532
15533
15534
15535
15536
15537
15538
15539
15540
15541
15542
15544
15545
15548
15549
15550
15551
15552
15555
15557
15559
15560
15561
15562
15563
15564
15565
15566
15558
15568
15569
15571
15572
15573
15575
15570
15574
15576
15577
15556
15579
15580
15581
15582
15583
15554
15567
15584
15587
15589
15591
15592
15593
15594
15596
15597
15598
15588
15595
15601
15602
15600
15603
15604
15605
15607
15606
15586
15608
15590
15609
15611
15612
15613
15614
15615
15617
15618
15620
15621
15623
15624
15625
15627
15628
15629
15630
15631
15632
15633
15599
15635
15636
15637
15638
15639
15640
15641
15642
15643
15644
15645
15646
15649
15650
15652
15653
15655
15656
15657
15659
15660
15661
15662
15663
15664
15665
15667
15668
15669
15670
15671
15674
15675
15672
15676
15677
14668
15678
15673
15681
15682
15683
15684
15685
15686
15687
15688
15689
15690
15692
15693
15694
15701
15702
15705
15706
15707
15709
15712
15713
15711
15714
15715
15716
15717
15718
15719
15720
15721
15722
15724
15725
15726
15733
15734
15737
15738
15739
15741
15764
15767
15796
15799
15937
15940
15969
16090
16093
15326
16193
16196
15358
16225
16228
15424
15425
15434
15436
16278
15447
15448
15449
15452
15453
15456
15457
16310
16313
16323
16326
16355
16358
16442
16445
15680
130
129
133
128
134
136
141
143
142
145
146
155
148
173
174
166
160
178
159
165
150
168
162
161
175
191
177
180
182
187
448
535
467
458
452
457
460
537
484
480
490
538
539
540
542
543
473
492
489
499
567
569
570
571
504
572
573
574
575
576
472
608
505
717
749
782
783
814
815
848
849
876
880
881
914
915
946
947
976
980
981
1008
1012
1013
1046
1047
1078
1079
1112
1113
1144
1145
1178
1179
1206
1210
1211
1355
1359
1360
1387
1391
1392
1411
1412
1413
1434
1435
1436
1437
1438
1439
1443
1445
1444
1466
1467
1468
1469
1470
1472
1474
1475
1471
1476
1477
1478
1479
1480
1481
1483
1484
1485
1486
1487
1489
1490
1495
1496
1497
1498
1499
1500
1501
1503
1504
1506
1507
1508
1509
1510
1511
1512
1513
1515
1516
1517
1518
1519
1521
1522
1527
1528
1529
1530
1531
1532
1533
1535
1536
1537
1539
1540
1541
1542
1543
1544
1545
1546
1547
1550
1551
1552
1553
1554
1555
1556
1557
1558
1559
1560
1561
1562
1574
1575
1576
1577
1578
1579
1580
1581
1582
1583
1584
1585
1586
1587
1588
1589
1590
1591
1592
1593
1594
1595
1600
1601
1602
1603
1604
1605
1606
1608
1609
1610
1611
1612
1613
1614
1615
1616
1617
1618
1619
1621
1622
1625
1628
1629
1633
1634
1635
1636
1637
1638
1639
1640
1641
1642
1643
1644
1645
1646
1647
1648
1649
1650
1651
1653
1654
1657
1660
1661
1662
1664
1665
1666
1667
1668
1669
1670
1671
1672
1673
1674
1675
1676
1679
1680
1681
1682
1683
1684
1685
1686
1687
1688
1689
1690
1691
1692
1693
1694
1695
1696
1697
1698
1699
1700
1701
1702
1703
1704
1705
1706
1707
1708
1711
1712
1713
1714
1715
1716
1717
1718
1719
844
1720
1721
1722
1723
1724
1725
1726
1727
1728
1729
1730
1731
1732
1733
1734
1735
1737
1738
1739
1740
1741
1742
1743
1744
1748
1749
1750
1751
1752
1753
1754
1755
1756
1757
1758
1759
1760
1761
1762
1763
1764
1765
1766
1767
1769
1770
1771
1772
1773
1774
1775
1776
1777
1778
1779
1780
1781
1782
1783
1784
1785
1786
1787
1789
1791
1792
1793
1794
1795
1799
1800
1818
1819
1824
1825
1826
1827
1828
1831
1832
1850
1851
1856
1857
1858
1859
1860
1861
1862
1863
1864
1865
1866
1876
1877
1878
1879
1880
1881
1882
1883
1884
1885
1886
1887
1888
1889
1890
1891
1892
1893
1894
1895
1896
1897
1898
1908
1909
1910
1911
1912
1913
1914
1915
1916
1917
1918
1919
1923
1924
1928
1929
1930
1931
1932
1933
1943
1955
1956
1960
1961
1962
1963
1964
1965
1975
2114
2146
1174
2711
2713
2717
2743
2745
2749
2752
2755
2761
2768
2784
2787
2793
3019
3020
3021
3023
3051
3052
3053
3055
3075
3078
3079
3081
3093
3094
3099
3107
3110
3111
3113
3125
3126
3131
3137
3138
3140
3141
3142
3143
3144
3145
3146
3147
3148
3152
3153
3158
3159
3160
3167
3169
3164
3165
3166
3170
3171
3172
3173
3174
3175
3176
3177
3178
3179
3180
3184
3185
3190
3191
3192
3195
3196
3197
3198
3199
3200
3201
3202
3203
3204
3205
3207
3206
3208
3209
3210
3211
3212
3213
3214
3215
3216
3217
3218
3219
3220
3221
3222
3223
3225
3224
3226
3227
3229
3230
3228
3232
3233
3234
3235
3236
3237
3238
3239
3240
3241
3242
3243
3244
3246
3245
3247
3248
3249
3250
3251
3253
3252
3254
3255
3256
3257
3258
3259
3260
3261
3262
3266
3269
3270
3272
3273
3271
3274
3275
3276
3277
3278
3284
3285
3287
3286
3288
3293
3298
3301
3302
3303
3305
3304
3306
3307
3308
3309
3310
3316
3317
3318
3320
3319
3325
3328
3329
3331
3332
3333
3334
3335
3337
3338
3339
3340
3341
3342
3343
3344
3346
3347
3353
3348
3356
3350
3358
3360
3361
3362
3363
3364
3365
3366
3367
3369
3370
3371
3372
3373
3374
3375
3378
3376
3379
3380
3385
3388
3382
3390
3393
3394
3392
3395
3396
3397
3398
3404
3399
3400
3401
3402
3403
3405
3407
3406
3408
3409
3410
3411
3412
3413
3414
3415
3416
3417
3418
3420
3425
3421
3419
3422
3423
3424
3426
3427
3428
3429
3436
3430
3431
3432
3433
3434
3435
3437
3438
3440
3441
3439
3442
3443
3445
3446
3444
3447
3448
3449
3450
3451
3452
3453
3455
3454
3456
3457
3458
3459
3460
3461
3462
3463
3464
3465
3466
3467
3468
3469
3470
3471
3473
3472
3475
3478
3481
3482
3485
3487
3488
3486
3489
3490
3491
3492
3493
3494
3495
3496
3497
3498
3500
3501
3499
3502
3503
3504
3505
3507
3510
3513
3514
3517
3518
3519
3521
3522
3520
3523
3525
3527
3528
3529
3531
3533
3532
3534
3538
3539
3540
3541
3542
3543
3544
3545
3546
3547
3549
3550
3548
3570
3571
3572
3573
3574
3575
3576
3577
3579
3580
3578
3581
3582
3583
3589
3584
3585
3586
3587
3588
3590
3591
3593
3594
3592
3595
3596
3602
3597
3598
3599
3600
3603
3608
3604
3609
3610
3606
3611
3607
3605
3614
3615
3621
3616
3617
3618
3619
3620
3622
3624
3625
3646
3623
3626
3627
3628
3647
3652
3648
3649
3650
3657
3651
3660
3654
3653
3655
3661
3656
3658
3659
3662
3663
3664
3665
3666
3667
3669
3668
3670
3671
3672
3673
3678
3674
3675
3676
3677
3684
3679
3680
3681
3682
3683
3689
3685
3686
3692
3693
3687
3688
3690
3691
3694
3695
3696
3697
3698
3699
3700
3701
3702
3704
3703
3705
3706
3710
3707
3708
3709
3711
3712
3720
3713
3714
3715
3716
3723
3717
3718
3722
3724
3725
3726
3727
2773
3730
3731
3732
3733
3734
3735
3737
3738
3741
2805
3739
3742
3743
3744
3745
3746
3747
3748
3752
3749
3750
3755
3754
3018
3756
3757
3758
3022
3759
3762
3763
3764
3765
3050
3054
3766
3767
3769
3770
3771
3091
3092
3095
3096
3097
3773
3774
3098
3100
3775
3778
3779
3102
3103
3780
3782
3811
3815
3816
3812
3814
3820
3818
3819
3824
3821
3123
3124
3127
3128
3129
3826
3830
3130
3132
3134
3135
3136
3139
3149
3150
3151
3154
3155
3156
3157
3161
3839
3162
3168
3181
3182
3183
3840
3841
3842
3186
3847
3848
3187
3188
3189
3193
3194
3849
3850
3851
3852
3853
3855
3856
3857
3859
3860
3861
3862
3863
3864
3865
3866
3867
3868
3869
3870
3871
3872
3873
3879
3854
3880
3881
3882
3858
3883
3884
3885
3887
3888
3889
3891
3892
3893
3894
3895
3896
3897
3898
3899
3900
3901
3902
3903
3905
3906
3908
3909
3910
3886
3911
3912
3913
3914
3915
3916
3917
3918
3919
3920
3890
3925
3929
3930
3931
3932
3933
3934
3935
3937
3938
3940
3941
3942
3943
3944
3945
3946
3947
3948
3949
3950
3951
3952
3957
3961
3962
3963
3964
3965
3966
3967
3968
3970
3972
3973
3976
3979
3980
3981
3982
3985
3986
3987
3988
3989
3990
3992
3993
3994
3995
3996
3997
3998
3999
4000
4002
4004
4005
4008
3984
4011
4013
4014
4012
4017
4019
4020
4021
4018
4022
4025
4026
4024
4027
4028
4029
4030
4031
4032
4033
4034
4035
4036
4037
4038
4039
4040
4044
4043
4042
4045
4046
4047
4016
4048
4049
4052
4050
4053
4055
4056
4058
4059
4060
4061
4062
4064
4065
4066
4067
4068
4069
4070
4072
4071
4074
4075
4076
4077
4078
4079
4080
4081
4082
4084
4085
4087
4088
4090
4091
4092
4093
4094
4097
4098
4100
4101
4102
4103
4106
4107
4108
4109
4110
4111
4112
4113
4114
4115
4116
4117
4118
4119
4120
4122
4123
4124
4126
4127
4125
4129
4130
4132
4133
4134
4135
4138
4139
4140
4141
4143
4144
4142
4145
4146
4147
4148
4149
4150
4151
4152
4154
4155
4156
4157
4158
4159
4165
4169
3524
4172
4173
4174
4175
4176
4177
4178
4179
4180
4181
4182
4184
4186
4190
4197
4201
4204
4205
4206
4207
4208
4209
4210
4211
4212
4213
4214
4216
4218
4222
4224
4225
4227
4228
4229
4231
3601
4232
4233
4234
4236
4237
4238
4240
4241
4239
4242
4243
4244
4245
3612
4247
4248
4249
4250
4251
4252
4253
4254
4255
4256
4257
4259
4260
4261
4263
4264
4265
4266
4268
4269
4270
4271
4272
4273
4274
4275
4276
4277
4279
4280
4282
4281
4283
4284
4285
4286
4287
4290
4292
4293
4294
4311
4324
4326
3719
4343
3736
4356
4357
3751
4388
4389
3768
4416
4420
4434
4433
4435
4438
4440
4439
4441
4448
4452
4465
4466
4467
4472
4470
4471
4473
4485
4507
4510
4517
4529
3874
4539
4542
3907
4590
4592
4597
3922
4613
3926
4616
4625
3939
4645
3954
4648
4657
3958
3969
4811
3991
4001
4843
4023
4871
4875
4885
4894
4903
4907
4912
4917
4926
4978
5053
5054
5057
5056
5060
5065
5066
5067
5069
5072
5070
5074
5075
5078
5081
5099
5097
5098
5102
5101
5104
5106
5110
5107
5113
5116
5119
5120
5121
5125
5127
5128
5130
5129
5131
5132
5140
5172
5178
5181
5182
5187
5188
5190
5191
5192
5193
5194
5197
5200
5201
5203
5204
5205
5208
5219
5220
5222
5223
5224
5225
5226
5229
5232
5233
5235
5236
5237
5240
5248
5250
5252
5255
5256
5258
5259
5263
5265
5268
5269
5270
5271
5272
5273
5274
5275
5277
5280
5282
5284
5286
5287
5288
5290
5291
5295
5297
5300
5301
5302
5304
5303
5305
5306
5307
5309
5312
5314
5317
5318
5319
5320
5321
5322
5324
5325
5326
5327
5328
5329
5330
5331
5332
5333
5334
5335
5336
5337
5341
5342
5343
5344
5346
5349
5350
5351
5352
5353
5354
5356
5357
5358
5359
5360
5361
5363
5362
5364
5365
5366
5367
5368
5369
5373
5374
5375
5378
5381
5385
5389
5390
5391
5392
5393
5394
5395
5396
5397
5398
5399
5405
5407
5410
4297
5413
5421
5417
4298
4299
4301
5422
5423
5424
5425
5426
5427
5428
5429
5430
4302
4303
4304
4307
5437
5439
5446
5447
5448
5450
5451
5453
5456
5462
5465
5467
5469
5478
5479
4329
4330
4331
4333
4334
4335
5480
5482
5483
5485
4336
4339
5488
5494
5497
5499
5501
5431
5505
5509
5510
5515
5518
5527
5534
4354
5537
5541
5542
5547
5550
5559
5566
5568
5570
5573
5574
5576
5577
5578
5580
5591
5592
5593
5594
4386
5595
5596
5597
5598
5599
5600
5602
5605
5606
5608
5609
5610
5612
5623
5624
5625
5626
5627
5628
5629
5630
5631
5632
5633
5635
5636
5639
5640
5644
5645
5652
5653
5654
5655
5656
5657
5658
5659
5660
5661
5662
5663
5664
5665
5667
5668
5671
5672
5676
5677
5684
5685
5686
5687
5688
5689
5690
5691
5692
5693
5694
5695
5698
5699
5700
5701
5702
5703
5704
5705
5706
5707
5708
5709
5710
5711
5712
5713
5714
5715
5717
5718
5720
5721
5722
5723
5724
5725
5727
5730
5731
5732
4512
5733
5734
5735
5736
5737
5738
5739
5740
5741
5742
5743
5744
5745
5746
5747
5749
5750
5752
5753
5754
5755
5756
5757
5759
5764
5765
5767
5768
5769
5770
5771
5772
5773
5774
5775
5778
5781
5782
5783
4591
5788
5789
5790
5791
4593
5796
5797
5799
5800
5801
5802
5803
5804
5805
5806
5807
5810
5813
5814
5815
5820
5821
5822
5823
5824
5828
5830
5833
5836
5837
5838
5839
5840
5841
5842
5843
5845
5846
5852
5853
5854
5856
5860
5862
5865
5868
5869
5870
5871
5872
5873
5874
5875
5877
5878
5884
5885
5886
5888
5889
5891
5902
5904
5905
5906
5907
5909
5910
5911
5914
5918
5920
5921
5923
5934
5936
5937
5938
5939
5941
5942
5943
5946
5950
5952
5954
5965
5984
5986
5997
6018
6022
6023
6024
6025
6029
6034
6036
6037
6038
6041
6042
6044
6045
6047
6050
6054
6055
6056
6057
6061
6066
6068
6069
6070
6073
6074
6076
6077
6079
6082
6085
6086
6087
6088
6090
6099
6100
6105
6107
6109
6110
6111
6114
6117
6118
6119
6120
6122
6131
6132
6137
6139
6141
6142
6143
6145
6146
6147
6148
6149
6150
6152
6155
6157
6158
6162
6164
6165
6167
6168
6171
6172
6173
6174
6175
6177
6178
6176
6179
6180
6181
6182
6187
6190
6191
6196
6197
6199
6200
6203
6204
6205
6206
6207
6209
6211
6212
6213
6214
6215
6219
6220
6222
6223
6224
6226
6227
6231
6234
6154
6239
6241
6243
6244
6245
6246
6247
6251
6252
6254
6255
6256
6258
6259
6263
6266
6271
6272
5254
6276
6277
6278
6279
6193
6280
6281
6282
6283
6284
6285
6286
6288
6289
6290
6291
6292
6304
6308
6309
6314
6315
6316
6317
6318
6313
6320
6321
6322
6323
6324
6343
6344
6345
6351
6365
6367
6375
6376
6377
6383
6388
6390
6397
6399
6403
6404
6405
6406
6409
6410
6411
6412
6413
6415
6417
6420
6422
6423
6425
6427
6428
6429
6430
6431
6435
6436
6437
6438
6441
6442
6443
6444
6445
6447
6449
6452
6454
6455
6457
6459
6460
6461
6462
6463
6465
6467
6468
6156
6469
6471
6472
6474
6477
6484
6486
6485
6487
6490
6491
5511
5514
6493
6497
6499
6500
6501
6503
5543
5546
6504
6506
6509
6516
6517
6518
6519
6522
6523
6525
6528
6535
6536
6549
6531
6557
6559
6560
6567
6568
6581
6589
6563
6591
6593
6594
6595
6596
6597
6598
6599
6600
6602
6626
6627
6628
6629
6630
6631
6632
6634
6635
6637
6640
6641
6642
6643
6644
6645
6646
6647
6666
6674
6675
6676
6677
6678
6679
6680
6681
6683
6684
6698
6706
6707
6708
6709
6710
6711
6712
6713
6715
6716
6720
6722
6723
6724
6727
6728
6729
6730
6731
6732
6733
6734
6735
6736
6737
6738
6739
6740
6741
6742
6743
6744
6746
6751
6752
6755
6756
6759
6760
6754
6188
6761
6762
6763
6764
6765
6766
6767
6768
6769
6770
6771
6772
6773
6774
6775
6776
6778
6783
6797
6798
6799
6800
6801
6802
6803
6804
6805
6806
6807
6808
6810
6811
6812
6813
6829
6830
6831
6832
6833
6834
6835
6836
6837
6838
6839
6840
6842
6843
6844
6845
6846
6847
6848
6849
6852
6853
6855
6856
6857
6859
6878
6879
6880
6881
6891
6899
6900
6901
6902
6903
6904
6905
6906
6907
6908
6909
6910
6911
6912
6913
6914
6915
6916
6917
6918
6919
6920
6922
6923
6925
6926
6927
6928
6929
6930
6931
6932
6933
6935
6939
6940
6941
6942
6943
6944
6945
6946
6947
6948
6949
6950
6951
6952
6954
6955
6957
6958
6959
6960
6961
6962
6963
6964
6965
6967
6971
6972
6973
6974
6975
6976
6977
6978
7126
7128
7132
7135
7136
7137
7139
7140
7141
7143
7144
7145
7148
7149
7150
7151
6144
7153
7156
7157
7158
7160
7164
7167
6151
6153
6159
7168
7169
7171
7172
7174
7178
7180
6183
6184
6185
6189
7185
7186
7187
7188
7196
7197
7198
7200
7201
7203
7204
7206
7210
7212
7217
7218
7219
7220
7228
7229
7230
7238
7239
7240
7241
7243
7245
7248
7246
7249
7252
7250
7253
7254
7255
7256
7257
7258
7259
7261
7260
7262
7263
7270
7271
7273
7272
7275
7276
7278
7279
7280
7281
7277
7282
7284
7285
7286
7287
7288
7289
7290
7291
7292
7293
7294
7295
7297
7298
7299
7300
7302
7303
7304
7305
7306
7307
7308
7309
7311
7312
7310
7314
7313
7317
7320
7321
7325
7326
7329
7330
7331
7332
7334
7335
7336
7337
7338
7339
7340
7341
7342
7343
7344
7345
7346
7349
7352
7353
7354
7355
7356
7357
7358
7360
7361
7362
7363
7364
7365
7367
7366
7368
7371
7374
7375
7372
7377
7381
7382
7380
7384
7386
7387
7388
7390
7391
7392
7393
7394
7395
7396
7397
7398
7399
7400
7403
7404
7406
7407
7409
7412
7413
7414
7416
7418
7419
7420
7422
7424
7427
7423
7428
7434
7435
7438
7439
7440
7441
7444
7445
7447
7448
7449
7450
7453
7454
7456
7459
7460
7466
7467
7470
7471
7472
7473
7476
7477
7479
7480
7481
7482
7486
7485
7493
7494
7509
7510
7511
7514
7515
7516
7517
7525
7526
7541
7542
7543
7546
7547
7548
7549
7559
7560
7580
7581
7591
7592
7613
7612
7616
7617
7619
7620
7621
7623
7624
7625
7626
7627
7628
7629
7630
7631
7632
7633
7634
7635
7636
7637
7638
7645
7648
7649
7651
7652
7653
7656
7657
7655
7658
7659
7660
7661
7662
7663
7664
7665
7666
7667
7668
7669
7670
7677
7680
7701
7707
7709
7710
7712
7714
7715
7716
7717
7720
7723
7724
7725
7726
7729
7730
7733
7739
7741
7742
7745
7746
7749
7750
7788
7789
7790
7792
7794
7795
7796
7797
7799
7803
7804
7805
7806
7808
7809
7810
7811
7812
7813
7814
7815
7817
7819
7820
7821
7823
7824
7827
7828
7829
7830
7831
7832
7833
7834
7835
7836
7837
7838
7839
7840
7841
7842
7843
7844
7845
7846
7847
7849
7851
7852
7853
7855
7856
7859
7860
7861
7862
7863
7864
7865
7866
7867
7868
7869
7870
7871
7873
7874
7876
7877
7878
7880
7881
7883
7885
7886
7887
7888
7889
7890
7892
7893
7891
7894
7895
7896
7897
7900
7901
7905
7906
7908
7909
7910
7912
7913
7915
7917
7918
7919
7920
7921
7922
7923
7924
7925
7926
7927
7928
7929
7932
7933
7936
7937
7938
7939
7940
7941
7942
7943
7944
7945
7946
7948
7949
7950
7951
7952
7953
7954
7955
7956
7957
7958
7959
7960
7961
7962
7963
7964
7965
7966
7967
7968
7969
7970
7971
7972
7973
7974
7975
7976
7977
7978
7980
7981
7982
7983
7984
7985
7986
7987
7988
7989
7990
7991
7992
7993
7265
7266
7267
7268
7269
7994
7995
7996
7997
7998
7999
8000
8001
8002
8003
8004
8005
8008
8013
8014
8018
8019
8020
8021
8022
8023
8024
8027
8028
8029
8030
8032
7301
8033
8034
8035
8036
8037
8040
8045
8046
8050
8051
8052
8053
8054
8055
8056
8059
8060
8061
8062
8066
8071
7333
8074
8075
8076
8077
8078
8079
8081
8082
8084
8085
8086
8089
8090
8092
8093
8094
8095
8098
8103
8106
8107
8108
8109
8110
8111
8113
8114
8116
8117
8118
8121
8122
8124
8125
8126
8127
8131
8132
8133
8134
8137
8138
8139
8140
8143
8144
8145
8146
8147
8148
8151
8153
8154
8163
8164
8165
8166
8169
8170
8171
8172
8175
8176
8177
8178
8179
8180
8181
8183
8185
8186
8202
8203
8217
8218
8219
8220
8221
8234
8235
8236
8237
8240
8241
8242
8243
8247
8248
8249
8250
8251
8252
8253
8256
8257
8419
8420
8421
8422
8425
8426
8427
8538
8539
8540
8541
8542
8544
8550
8551
8554
8555
8566
8567
8570
8571
8572
8573
8574
8577
8579
8580
8581
8583
8584
8585
8593
8594
8595
8596
8597
8598
8599
8600
8601
8602
8605
8606
8609
8611
8612
8613
8615
8616
8617
8625
8626
8627
8628
8629
8630
8631
8632
8633
8634
8637
8638
8646
8649
8650
8651
8652
8653
8655
8656
8657
8658
8659
8661
8662
8664
8665
8666
8667
8668
8669
8670
8678
8681
8682
8683
8684
8685
8687
8688
8689
8690
8691
8693
8694
8696
8697
8698
8699
8700
8701
8702
8705
8724
8725
8726
8727
8728
8729
8730
8737
8738
8739
8740
8742
8743
8744
8748
8750
8754
8755
8756
8757
8758
8759
8760
8761
8762
8795
8827
8862
8899
8904
8921
8922
8923
8924
8930
8931
8933
8934
8936
8938
8953
8954
8955
8956
8971
8976
8977
8981
8984
8983
8985
8988
8987
8989
8990
8991
9003
9016
8149
10780
10809
10812
10816
10821
10822
10823
10824
10825
10826
10827
10829
10828
10846
10847
10848
10853
10854
10855
10856
10857
10858
10859
10860
10861
10889
10890
10892
10891
10897
10894
10899
10900
10901
10919
10920
10921
10922
10923
10924
10929
10926
10931
10932
10933
10971
10973
10972
11003
11004
11005
11074
11094
11099
11103
11106
11126
11131
11135
11349
11410
11420
11442
11452
8916
8917
11535
11536
11542
11547
11567
11568
11574
11579
8925
8926
11601
11633
8948
8949
8957
8958
8978
8982
12041
12073
12309
12310
9294
9298
9305
9306
9326
9330
9337
9338
9345
9355
9358
9360
9377
9387
9390
9392
12906
13031
13054
13058
13091
13366
13369
13370
13373
13384
13385
13389
13391
13416
13417
10777
13421
13423
13444
13469
13476
13501
14017
14039
14043
14044
14046
14047
14048
14049
14071
14075
14076
14078
14079
14080
14081
14082
14085
14086
14087
14088
14089
14090
14091
14092
14093
14095
14096
14097
14099
14101
14102
14103
14104
14105
14106
14107
14108
14109
14110
14111
14112
14113
14114
14117
14118
14119
14120
14121
14122
10948
14123
14124
14125
14127
14128
14129
14131
14133
14134
14135
10980
14136
14137
14138
14139
14140
14141
14142
14143
14144
11010
14145
14146
14147
14148
14149
14150
14151
14152
14153
14154
11015
14155
14156
14157
14158
14159
14160
14161
14162
14163
11026
11042
14164
14165
14166
14167
11047
14174
14176
14177
14178
14179
14180
14181
14182
14183
14184
11058
14185
14186
14187
14188
14189
14190
14191
14192
14193
14194
14195
14196
14197
14198
14199
14206
14210
14215
14217
14218
14220
14222
14223
14225
14226
14227
14228
14229
14230
14231
14232
14233
14234
14235
14236
14237
14238
14239
14242
14247
14249
14250
14252
14254
14255
14257
14258
14259
14260
14261
14262
14263
14264
14265
14266
14267
14268
14269
14270
14271
14278
14289
14290
14291
14310
14321
14322
14323
14412
14425
14444
14457
14722
14723
14724
14725
14726
14727
14729
14731
14735
14740
14741
14742
14743
14744
14745
14746
14754
14755
14756
14757
14758
14759
14761
14763
14767
14772
14773
14774
14775
14776
14777
14778
14867
14868
14922
14949
14950
14951
14952
14954
15247
15249
15553
15585
15619
15651
15697
15698
15699
15700
15703
15704
15708
15710
15729
15730
15731
15732
15735
15736
15740
15742
15750
15752
15756
15757
15760
15761
15762
15766
15768
15769
15770
15771
15772
15773
15774
15782
15784
15788
15789
15792
15793
15794
15798
15800
15801
15802
15803
15804
15805
15806
15914
15915
15929
15930
15933
15934
15946
15947
16000
16001
16002
16003
16006
16007
16008
16009
16011
16012
16015
16016
16021
16022
16023
16024
16025
16026
16027
16028
16029
16030
16031
16032
16033
16034
16035
16038
16039
16040
16041
16043
16044
16047
16048
16066
16067
16068
16069
16070
16071
16072
16073
16074
16075
16076
16077
16080
16082
16083
16086
16087
16098
16099
16100
16101
16102
16103
16104
16105
16106
16107
16108
16109
16112
16114
16133
16134
16135
16136
16137
16138
16139
16140
16141
16142
16143
16144
16145
16146
16147
16148
16149
16150
16152
16153
16154
16155
16156
16157
16158
16159
16165
16166
16167
16168
16169
16170
16171
16172
16173
16174
16175
16176
16177
16178
16179
16180
16181
16182
16184
16185
16186
16187
16188
16189
16190
16191
16218
16220
16221
16235
16236
16249
16250
16251
16252
16253
16256
16257
16258
16259
16260
16262
16265
16266
16267
16269
16270
16271
16272
16274
16275
16279
16285
16286
16287
16288
16289
16290
16291
16292
16294
16297
16298
16299
16301
16302
16303
16304
16306
16307
16311
16317
16318
16319
16341
16342
16217
16219
1419
1451
11669
2815
778
810
6230
6262
8908
8912
8911
8915
8913
8920
8943
8940
8944
8945
8947
8952
8900
8932
11009
11041
23
522
554
698
804
910
1126
942
1200
1042
1074
1298
1330
2033
2038
2080
1268
2048
1987
1347
1350
1361
1364
1379
1382
1393
1396
1416
1448
1985
1986
1988
1989
1990
1992
1995
1997
1998
2000
2001
2002
2003
2004
2005
2006
2007
2008
2009
2010
2011
2017
2018
2019
2020
2021
2022
2024
2027
2029
2030
2032
2034
2035
2036
2037
2039
2040
2041
2042
2043
2311
2308
2304
2313
2314
2044
2307
2328
2329
2343
2336
2344
2339
2331
2346
2345
2340
2363
2660
2361
2360
2435
2432
2848
2852
2820
4315
2312
2347
5583
5615
6035
6046
6078
6067
6218
6121
6089
6250
6300
6221
6253
6225
6332
6257
6327
6295
6389
4741
4773
6448
6989
6985
6992
6998
7001
7017
7020
7021
7024
7030
7033
6986
7046
7047
7049
7048
5038
7051
7050
7057
7055
7056
6994
6993
6987
6991
7019
7078
7018
7079
7081
7027
6996
7080
7082
7083
6995
6997
7089
7087
7029
7088
7025
7010
7026
7028
7111
7023
7114
7035
7008
7117
7009
7112
7104
7107
7113
7109
7116
7119
7121
7125
7175
7124
7173
7207
7181
7213
7170
7177
7127
7159
7176
7211
7182
7205
7184
6988
7202
7209
7208
7179
7183
7216
7215
7214
7105
7045
7058
7059
7061
7077
7090
7091
7093
7108
8064
8067
8065
8031
8099
8101
8063
8068
8091
8073
8069
8080
8128
8070
8072
8105
8096
8123
8083
8088
8097
8102
8115
8104
8119
8087
8112
8150
8130
8100
8162
8159
8120
8160
8182
8547
8640
8731
8763
8768
8769
8772
8775
8776
8777
8778
8780
8781
8782
8785
8786
8787
8788
8790
8791
8792
8793
8798
8799
8800
8801
8804
8807
8808
8809
8810
8812
8813
8814
8817
8818
8819
8820
8822
8823
8824
8825
8826
8828
8829
8830
8831
8832
8833
8834
8835
8836
8837
8838
8839
8840
8841
8842
8843
8844
8914
8903
8845
8846
8910
8907
8897
8927
8909
8935
8951
8939
8919
8928
8941
8929
8942
8946
8962
8970
8965
8847
8961
8959
8963
8967
8960
8966
8968
8848
8975
8993
8849
8980
8994
8850
8851
8853
8856
8859
8997
8995
8998
8860
8861
8992
8864
8865
8866
8867
8868
8869
8999
9000
8870
8871
8872
8873
8874
8875
8876
9007
8877
8878
8879
8880
8881
8882
9002
8883
8885
8888
8891
8892
8905
9012
8937
8972
8973
8974
9004
9005
9006
10766
10761
10770
10771
10802
10789
10784
10774
10778
10810
10786
10803
10779
10798
10793
10811
10806
10762
10772
10775
10776
10794
10804
10807
10808
12524
11701
12522
12491
12490
12500
12523
12551
12553
12555
12556
12559
12560
12573
12569
12583
12584
12582
12587
12585
12009
12592
12605
12588
12591
12636
12601
12620
12639
12623
12652
12671
12494
12495
12683
12686
12690
12502
12693
12655
12528
12531
12715
12534
12718
12722
12725
12541
12550
12552
12563
12564
12565
12568
12571
12572
12595
12596
12597
12600
12603
12604
12909
12918
12925
12913
12962
12915
12912
12937
12923
12944
12940
12927
12931
12942
12936
12628
12629
12948
12952
12945
12991
12956
12951
12996
13000
12957
13032
12955
12963
12969
12943
12976
12968
12972
12974
12987
12980
12984
12983
12660
12661
12975
12977
12989
12998
12668
13030
12988
12675
12676
12682
12999
13063
12707
12708
13095
12714
13972
12938
12939
12959
12970
12971
14557
14554
12994
12997
13001
13029
13033
13090
15648
15751
15626
15748
15622
15647
15779
15654
15749
15616
15658
15679
15765
15781
15780
15776
15783
15913
15808
15814
15797
15815
15809
15948
16010
16018
16042
16210
16209
16212
16214
16215
16216
16234
16242
16241
16246
16247
16244
16248
16324
16360
16195
4813
4815
4816
4817
4819
4820
4821
4824
4845
4847
4848
4849
4851
4852
4853
4856
4895
4927
5068
5071
5073
5076
5077
5080
5100
5103
5105
5108
5109
5112
7316
7492
7524
8129
8135
8136
8141
8161
8167
8168
8173
14337
14338
14340
14344
14376
14924
14927
14933
14934
14940
14943
14947
15183
15184
15187
15206
15207
15208
15215
15216
15219
15695
15696
15727
15728
16079
16111
14432
14435
16549
16550
16553
16554
16555
0
32
195
196
199
202
203
204
205
208
209
210
211
212
213
214
216
218
219
220
221
222
223
224
225
226
227
252
254
255
154
1344
1362
1363
1376
1394
1395
156
157
1796
158
186
188
189
190
192
193
4371
4403
4608
4609
4610
4611
4612
4615
4618
4629
4631
4638
4639
4640
4641
4642
4643
4644
4647
4650
4661
4663
4670
4671
4674
4675
4676
4677
4678
4679
4680
4681
4688
4689
4690
4691
4692
4693
4694
4695
4696
4697
4698
4699
4700
4701
4703
4704
4706
4707
4708
4709
4710
4711
4712
4713
4720
4721
4723
4722
4724
4725
4726
4727
4728
4729
4730
4731
4732
4733
4735
4737
4738
4747
4736
4779
4768
4864
4866
4869
4870
4873
4878
4879
4880
4881
4882
4896
4898
4901
4902
4905
1797
7152
7155
7379
7411
3031
4369
4401
4672
8587
8588
8591
8618
8619
8620
8623
9490
9491
9493
11615
8586
15958
15961
15962
15989
15990
15993
15994
16320
16321
16322
16327
16330
16333
16336
16337
16340
16344
16345
16346
16347
16348
16349
16351
16352
16353
16354
16356
16359
16362
16365
16368
16369
16372
16373
16374
16376
16377
16378
16379
16380
16381
16383
16384
16385
16386
16387
16388
16389
16390
16391
16392
16396
16397
16412
16413
16414
16415
16416
16417
16418
16419
16420
16421
16422
16423
16424
16428
16429
16430
16432
16433
16434
16437
16444
16446
16447
16448
16451
16453
16454
16455
16456
16457
16458
16459
16460
16462
16463
16464
16465
16466
16468
16469
16470
16471
16472
16473
16475
16476
16477
16478
16479
16480
16483
16485
16486
16487
16488
16489
16490
16491
16492
16494
16495
16496
16497
16498
16500
16501
16502
16503
16504
16505
16507
16508
16509
16510
16511
16512
16513
16514
16515
16516
16517
16518
16519
16520
16521
16522
16523
16524
16525
16527
16528
16529
16530
16531
16532
16533
16534
16535
16536
16537
16538
16539
16540
16541
16542
16543
16544
16545
16546
16547
16548
16551
16552
15957
8537
8543
8545
8546
8548
8549
8553
8557
8559
8562
8563
8569
8575
8576
8578
3025
3028
4445
4477
9254
11154
11186
12225
12257
12275
12276
12277
12278
12279
12280
12282
12281
15972
16202
4506
4538
4844
4846
4850
4855
9106
9107
9110
9111
9116
9119
9120
9121
9125
9127
9128
9129
9130
9131
9132
9135
9138
9139
9142
9143
9148
9151
4812
4444
4476
11581
4808
4809
4810
4814
4818
4823
4840
4841
4842
12346
12369
12381
12382
12401
12406
12408
12412
12413
12414
12416
12417
12418
12415
12419
12421
12422
12430
12431
12435
12436
12437
12438
12439
12440
12441
12442
12444
12445
12446
12448
12443
12449
12450
12451
12453
12454
12455
12456
12462
12463
12467
12468
12469
12470
12472
11549
4826
4828
4829
4830
4858
4860
4861
4862
5058
5114
5117
5118
13126
13127
13128
13133
13134
13135
13136
13137
13138
13139
13142
13143
13156
13157
13158
13159
13160
13165
13166
13168
13184
13185
13186
13187
13188
13189
13190
13191
13192
13193
13194
13195
13196
13197
13198
13199
13200
13203
13204
13206
13207
13208
13209
13210
13211
13212
13213
13214
13216
13217
13218
13219
13220
13221
13222
13223
13224
13225
13226
13227
13228
13229
13230
13231
13232
13235
13236
13238
13239
13240
13241
13242
13243
13244
13245
13246
13248
13249
13250
13259
13260
13263
13266
13267
13268
13269
13270
13271
13272
13273
13274
13275
13276
13277
13278
13279
13280
13281
13282
13283
13284
13285
13286
13287
13288
13289
13290
13291
13292
13295
13298
13299
13300
13301
13302
13303
13304
13305
13306
13307
13308
13309
13310
13311
13313
13314
13319
13322
13323
13324
13325
13326
13329
13334
13335
13336
13337
13338
13339
13340
13341
13342
13343
13345
13346
13350
13351
13354
13355
14821
14921
14925
14926
14928
14929
14930
14931
14932
14935
14936
14939
14941
14942
14953
14955
14956
14957
14958
14959
14960
14961
14962
14963
14964
14965
14966
14967
14968
14971
14972
14973
14974
14975
14976
14980
14983
14984
14986
14987
14988
14991
14992
14993
14994
14995
14996
14997
14998
14999
15000
15001
15002
15003
15006
15007
15008
15012
15015
15016
15018
15019
15020
15023
15024
15025
15026
15027
15028
15029
15030
15031
15032
15033
15034
15035
15038
15039
15040
15042
15043
15044
15046
15047
15048
15049
15051
15053
15052
15060
15061
15062
15063
15064
15065
15066
15067
15070
15072
15074
15075
15076
15078
15079
15080
15081
15083
15084
15085
15092
15093
15094
15095
15096
15097
15098
15099
15102
15105
15106
15107
15108
15109
15112
15113
15114
15115
15116
15117
15118
15119
15120
15121
15123
15122
15124
15125
15126
15127
15129
15132
15134
15137
15138
15139
15140
15141
15145
15144
15154
15155
15156
15157
15158
15159
15161
15164
15166
15169
15171
15176
15180
15181
15203
15213
15212
13202
13205
13234
13237
13315
13318
13347
15442
15451
15454
15472
15474
15482
15483
14789
15486
14977
14978
14979
14981
14982
15493
15009
15010
15011
15013
15014
15054
15055
15056
15057
15058
15059
15068
15071
15086
15087
15088
15089
15090
15091
15100
15103
15104
15128
15130
15131
15133
15135
15136
15160
15162
15163
15165
15167
15168
15170
15172
15173
15200
15202
15204
15205
15432
15433
15464
15465
15466
15468
15479
15480
15481
15484
15485
15490
9352
9356
9359
9384
9388
9391
4801
4827
4833
4859
7118
15234
15236
15237
15238
15239
15240
15243
15248
16273
16277
16305
16309
16314
16315
16316
16332
16334
16335
16338
16339
16364
16366
16367
16370
16371
541
1607
1624
1656
1788
2455
2454
2463
2467
2487
2483
2482
2486
2495
2506
2504
2508
2507
2503
2510
2505
2514
2512
2519
2522
2513
2536
2537
2538
2539
2542
2535
2546
2540
2545
2551
2544
2554
2566
2573
2574
2586
2598
2605
2606
2618
2628
2625
2626
2631
2632
2635
2636
2629
2634
2637
2633
2639
2641
2643
2645
2648
2647
2649
2650
2651
2652
2653
2654
2661
2671
2665
4054
4057
4086
4089
2323
2318
2324
2332
2350
2355
2356
2364
2450
2451
2502
2515
2516
2517
2518
2526
2534
2547
2548
2549
2550
2558
2587
2619
2638
2642
2655
6860
6867
6868
6871
6875
6877
6876
6869
6870
6874
4235
8327
8326
8331
8330
8337
8343
8344
8358
8359
8362
8366
8363
8369
8376
8375
8386
8387
8389
8390
8393
8388
8395
8396
8394
8410
8409
8413
6861
6862
6865
6866
11637
11638
11639
11642
11644
11650
11641
8334
8345
8346
8349
8350
8351
8377
8378
8381
8382
8383
8407
8411
8414
8415
12576
11636
15821
15822
15824
15825
15826
15828
15832
15829
15830
15833
15841
15840
15839
15838
15846
15847
15854
15858
15856
15857
15853
15864
15860
15861
15862
15865
15911
16263
16295
12544
12562
12594
8608
8610
16325
16328
16329
16331
16357
16361
16363
593
597
600
601
11155
11187
11589
11621
7120
7123
8193
8194
8195
8196
8199
8222
8223
8225
8226
8227
8228
8239
8231
8245
8246
8254
8255
8259
8260
8261
8262
8263
8265
8264
8267
8266
8271
8272
8273
8292
8293
8294
8274
8291
8296
8297
8295
8298
8299
8305
8303
8304
8306
8315
8316
8317
8318
8320
8323
8329
8328
8332
8333
8335
8341
8336
8338
8352
8355
8361
8367
8360
8368
8364
8370
8365
8373
8384
8385
8401
8402
8416
8417
8969
9001
11097
11129
11412
11416
11421
11425
11426
11427
11429
11430
11444
11448
11453
11906
11909
11910
11938
11941
11942
11977
11979
11982
12011
12014
12356
12372
12373
12374
12375
12376
12377
12378
12379
12380
12388
12407
12411
15816
15817
15849
15848
15978
15979
16203
16204
16222
16223
16254
16255
3825
3829
4267
4504
4511
4536
4543
14736
14768
7488
7490
7489
7497
7491
7496
7495
7500
7498
7499
7501
7502
7505
7503
7520
7512
7513
7519
7521
7522
7531
7523
7527
7528
7529
7530
7535
7532
7533
7534
7544
7537
7552
7551
7545
7554
7556
7555
7562
7557
7561
7569
7568
7586
7584
7587
7588
7589
7593
7594
7600
7601
7618
7641
7639
7644
7640
7647
7642
7643
7671
7650
7673
7672
7674
7675
7676
7679
7682
7681
7683
7684
7685
7689
7686
7687
7690
7691
7693
7694
7695
7696
7713
7698
7706
7721
7718
7719
7722
7738
8049
8057
8058
8423
8424
16084
16089
16085
16091
16094
16096
16095
16116
16115
16117
16118
16119
16121
16125
16123
16122
16126
16127
16293
16296
7755
7754
7748
7753
7758
7765
7766
7751
7752
7769
7771
7772
7764
7768
7773
7757
7770
7777
7778
7780
7781
7782
7774
7767
7783
7785
7786
7787
7798
7801
7784
7800
7802
8017
8025
8026
8201
8224
8192
8197
8200
8229
8233
8232
8604
8636
8642
8645
8674
8672
8660
8663
8695
8692
8677
14728
14734
14764
14738
14732
14737
14760
14770
14766
14769
7776
16264
16261
8704
8736
1239
1271
4825
4857
4863
4831
5168
7558
7577
7578
7590
7579
7576
7575
7574
7608
7607
7606
7610
7611
7609
7654
7622
7646
7678
8435
8434
8430
8448
8439
8433
8445
8446
8447
8429
8441
8455
8442
8467
8443
8456
8464
8470
8460
8465
8481
8461
8449
8480
8479
8444
8469
8466
8459
8463
8462
8494
8468
8492
8496
8493
8491
8500
8497
8501
8498
8515
8495
8502
8487
8488
8499
8516
8511
8440
8437
8475
8478
8507
8510
14307
14275
14315
14309
14283
14277
14720
14752
15182
15214
15241
15232
15199
15211
15242
15233
15244
15299
15263
15259
15231
15300
15235
15246
15245
15255
15264
15274
15265
15258
15256
15273
15268
15269
15260
15266
15262
15261
15270
15267
15280
15271
15287
15272
15276
15253
15293
15278
15257
15277
15279
15275
15290
15288
15292
15291
15294
15285
15252
15295
15345
15289
15313
15281
15284
15297
15296
15298
536
568
15304
15307
15336
256
288
599
602
2974
3006
3345
3336
3368
3377
4096
4099
4105
4121
4104
4128
4131
4136
4137
4153
4160
4161
4163
4166
4162
4164
4167
4168
4170
4171
4192
4193
4198
4196
4199
4200
4202
4203
4288
4291
4305
4300
4306
4308
4309
4310
4312
4319
4314
4317
4318
4320
4323
4337
4332
4338
4340
4341
4342
4344
4346
4347
4349
4350
4351
4352
4370
4384
4402
4496
4495
4552
4584
4528
4527
4557
4589
4603
3024
3026
3027
3029
3030
3032
3033
3038
3056
3057
3058
3059
3060
3061
3062
3063
3064
3065
3070
9375
4599
4602
4605
9407
9408
9410
9414
9434
9440
9442
9446
9466
9558
10623
10648
10650
10647
10652
10654
10655
10692
10695
10696
10697
10698
10702
10703
10704
10705
10707
10706
10708
10709
10717
10716
10718
10736
10737
10739
10738
10740
10741
10749
8732
10713
8764
8794
8796
8797
9253
9255
11153
11158
9366
9373
11177
11179
11180
11181
11182
11183
9398
9405
11185
11190
11202
11210
11230
9559
11231
11234
11242
11262
11265
11268
11263
11270
11273
11274
10564
10567
10568
10596
10599
10600
10625
10626
10627
10639
10640
10641
10642
10643
10644
10645
10646
10649
10651
10714
10657
10658
10659
10660
10661
10662
11543
11575
10665
10669
10671
10672
10690
10691
10694
10700
10701
10710
10711
10712
10715
11647
10726
10732
10733
10742
10743
10744
10905
10937
15917
15916
15921
15920
15922
15923
15926
15931
15945
15932
15936
15941
15942
15938
15943
15967
15968
15977
15970
15973
15974
15975
15999
11146
16005
16014
16013
16020
16050
16037
16056
16046
16045
16052
11166
16057
16058
11174
11175
16060
11176
16062
16061
11178
16065
16053
16055
16054
11198
16097
11203
16059
16063
11235
12497
12529
12574
15759
15763
15775
15791
15795
15807
7129
7161
7385
7417
11266
11264
11269
11267
11271
11272
11278
11279
11296
11298
11299
11301
11303
11304
12928
12933
12932
12935
12941
12946
12947
12949
12950
12953
12954
12960
12958
12964
12965
12967
12973
12978
12979
12981
12982
13002
13004
13003
13006
13005
13007
13008
13009
13010
13011
13012
13014
13013
13018
13034
13019
13035
13036
13037
13038
13039
13040
13041
13042
13043
13044
13045
13046
13051
13062
13078
13079
13094
13110
13111
13215
13247
13262
13264
13265
13294
13296
13297
13932
15174
15175
15178
15177
15179
15209
15426
15427
15428
15431
15435
15437
15438
15439
15444
15430
15446
15441
15429
15455
15458
15459
15460
15463
15467
15469
15470
15471
15473
15461
15462
15475
15476
15477
15478
15487
15488
15489
15491
15492
15494
15496
15497
11017
11049
8142
8174
5086
15250
7348
2816
2813
2781
11365
11369
11335
11382
11384
11385
11388
11285
11283
11281
11284
11396
11280
11347
11282
11286
11367
11379
11393
11397
11399
11394
11395
11424
11392
11431
11373
11376
11287
11354
11358
11366
11370
11383
11386
11389
11390
11398
11400
11401
11402
11403
11404
11405
99
107
113
109
110
117
118
121
122
123
124
126
138
149
170
181
265
266
269
281
282
286
297
298
301
313
314
318
320
321
322
323
324
325
337
338
339
342
343
352
353
354
355
356
357
358
359
360
361
362
363
364
365
366
367
368
369
370
371
372
373
374
375
376
377
378
379
382
387
391
393
394
395
396
397
386
400
401
402
404
406
384
410
411
412
414
419
389
398
399
423
425
426
405
427
403
428
429
409
407
408
416
432
433
418
421
430
431
435
440
439
437
441
67
1596
1597
2262
2294
71
3928
3923
3927
3955
3959
3974
3971
4010
3960
3977
3978
4006
4003
4009
4630
4662
4759
4760
4763
4764
4765
4791
4792
85
7319
86
89
90
91
92
94
103
8986
385
8979
9011
9018
9056
9058
9060
9037
9030
9061
9042
9038
9031
9041
9044
9046
9064
9065
9047
9048
9045
9043
9066
9067
413
9050
9053
9051
9052
9055
415
417
9062
9090
9063
9069
9073
9074
9075
9070
9091
9094
9078
9082
9077
9076
9083
9080
9079
9097
9100
9101
9087
9084
9085
9102
9104
9136
9180
9238
9237
9262
9269
9270
9494
9496
9497
9500
9501
9507
9508
9539
9542
9544
9547
9492
9571
9574
9576
9579
9541
9543
9550
9545
9546
9551
9549
9586
9553
9548
9552
9588
9567
9563
9564
9592
9594
9573
9569
9636
9578
9577
9575
9580
9581
9639
9582
9583
9584
9585
9646
9631
9648
9647
9649
9651
9650
9656
9657
9658
9654
9662
9655
9663
9661
9665
9667
9664
9670
9672
9673
9674
9676
9671
9678
9680
9684
9682
9685
9687
9688
9689
9686
9692
9693
9690
9691
9696
9697
9694
9699
9729
9710
9712
9714
9716
9717
9718
9722
9720
9741
9719
9725
9721
9726
9724
9723
9744
9737
9739
9761
9743
9745
9746
9749
9750
9747
9748
9773
9776
9769
9771
9775
9777
9793
9780
9778
9779
9781
9782
9807
9799
9800
9816
9819
9808
9812
9822
9814
9825
9818
9831
9832
9839
9840
9844
9846
3921
3953
9850
9851
9854
7007
7039
9857
7071
7103
9036
9057
9059
9068
9071
9072
9088
9089
9093
9095
9096
9098
9099
9103
9884
9885
9904
9495
9502
9503
9568
9916
9917
9587
9589
9593
9659
9666
9668
9924
9925
9677
9683
9929
9930
9698
9938
9700
9932
9935
9715
9960
9936
9937
9939
9941
9942
9961
9962
9970
9738
9740
9964
9742
9751
9967
9971
9968
9969
9770
9973
9772
9974
9774
9985
9783
9801
9802
9803
9804
9805
9806
9809
10017
9813
9815
10013
10035
9833
9834
10045
9835
9836
9837
9838
9841
10103
10104
10107
10064
10116
10119
10096
10108
10112
10125
10148
9845
10151
10144
9847
10188
10190
10191
10204
10205
10207
10194
10195
10196
10197
10201
10202
10203
10220
10223
10222
10236
10227
10226
10228
10229
10239
10240
10241
10242
10233
10234
10245
10235
10237
10254
10244
10243
10256
10257
10246
10253
10260
10258
10255
10269
10261
10272
10273
10274
10259
10263
10264
10265
10262
10268
10278
10266
10271
10270
10286
10288
10289
10275
10276
10277
10292
10285
10290
10293
10287
10301
10291
10294
10306
10295
10296
10297
10298
10300
10302
10303
10305
10307
10309
10310
10333
10335
10337
9848
10339
10341
10342
9856
9858
9874
9875
9876
9877
9878
9879
9882
9883
9886
9887
9906
9907
9908
9909
9910
9911
10365
10367
10751
10753
9914
10755
10754
10757
9915
10787
9918
9919
10903
10902
10935
10934
9927
9928
10952
10950
10951
10953
10961
10962
10963
10975
10974
10982
10983
10984
10985
11006
11007
10994
10995
10993
11008
11012
11011
11018
11019
11014
11021
11022
11020
11024
11028
11023
11027
11029
11043
11040
11046
11044
11050
11054
11051
11052
11053
11055
11056
11059
11060
11061
10003
11152
10109
10113
10114
10117
10120
10123
10126
10141
10145
10146
10149
10152
10155
10189
10193
10198
10200
11614
11646
11649
10221
10225
10230
10232
11681
10304
10308
10311
10312
10313
10314
12335
12337
12338
10315
12308
12307
10316
12339
12340
11173
10332
10334
11172
10336
10338
10340
10343
10344
12992
12990
12993
12995
14272
10345
14304
15743
15777
15746
15747
15744
15778
10346
10347
10348
10364
10366
10586
10618
10752
10756
11036
11068
11140
11141
12336
13952
13984
15745
15754
15786
1768
1736
8512
8519
8518
8647
8522
8523
8535
8707
8680
8643
8710
8712
8654
8703
8648
8679
8686
8706
8675
8671
8716
8720
8708
8711
8709
8713
8719
8721
8745
8722
8741
8718
8723
12966
12934
15301
15302
15306
15305
15308
15311
12493
862
932
958
1143
1372
1599
1565
1563
1567
1564
1566
1568
1569
1573
1571
1572
2449
2431
2445
2452
2453
2477
2484
2485
2447
2481
2509
2501
2497
2511
2498
2541
2585
2533
2529
2530
2577
2584
2543
2579
2580
2578
2479
2581
2609
2590
2610
2613
2612
2611
2616
2622
2617
2646
2678
2499
2500
2531
2532
2565
2597
3721
3761
3844
2644
2666
2676
4189
4226
4258
4217
4185
4221
4544
5793
7433
9412
11598
12662
12672
12658
12659
12665
12684
12667
12664
12673
12669
12704
12698
12677
12695
12700
12694
12696
12699
12697
12701
12705
12746
12730
12709
12733
12741
12727
12732
12726
12731
12728
12743
12729
12747
12736
12745
12756
12759
12755
12761
12754
12757
12762
12763
12760
12768
12769
12812
12811
12872
12873
12880
12876
12877
12833
12881
12882
12883
12835
12886
12831
12844
12834
12843
12828
12830
12863
12837
12862
12901
12864
12897
12898
12866
12870
12860
12865
12869
12893
12753
12902
12891
12871
12896
13531
13529
13526
12874
12895
13530
13558
12903
13569
13568
13593
13585
13572
13592
13574
13571
13575
13573
13587
12832
13588
13589
13590
13579
13606
13582
13586
13583
13595
13631
13644
13600
13578
12827
13597
13626
13627
13620
13614
13598
13630
13635
13632
13594
13601
13605
12838
13643
13599
13640
13618
13639
13642
13604
13636
13633
13634
13603
13653
13672
13648
13675
13659
13607
13610
13611
13647
13629
13641
12859
13660
13688
13673
13680
13656
12868
13689
13657
13676
13581
13663
12875
13709
13679
13668
12879
13685
13666
13667
13712
13662
13717
13674
12884
13671
12887
12888
13698
13700
13665
13664
13716
13730
13719
13692
13694
13701
13711
12900
13702
13705
13738
13733
13691
13706
13714
13742
13721
13713
13710
13737
13725
13715
13695
13741
13750
13732
13708
13785
13749
13718
13747
13794
13734
13753
13795
13740
13743
13748
13745
13744
13762
13802
13773
13751
13796
13792
13764
13746
13829
13761
13769
13580
13757
13793
13760
13770
13763
13791
13801
13830
13788
13817
13823
13824
13838
13805
13584
13836
13827
13828
13820
13826
13591
13833
13831
13837
13835
13834
13839
13844
13846
13840
13847
13841
13852
13843
13845
13842
13854
13861
13855
13851
13850
13862
13853
13856
13860
13858
13848
13865
13870
13859
13849
13881
13863
13867
13878
13868
13872
13879
13866
13882
13875
13883
13876
13884
13871
13885
13880
13877
13873
13888
13900
13696
13886
13869
13874
13887
13699
13918
13919
13920
13728
13731
13950
13951
14533
13906
13916
13905
13907
13910
13917
14558
14592
13937
13938
13939
13990
14590
14565
13942
14595
13977
14596
13948
13949
14594
13958
14600
14593
13968
13978
13973
14000
14597
14602
14601
14604
14603
14004
14005
14608
14605
14624
14606
14609
14610
14635
14627
14625
14626
14640
14629
14637
14636
14634
14628
14641
14632
14638
14633
14642
14684
14679
14683
14680
14529
14531
14532
14534
14712
14540
14547
14563
14548
14549
14550
14551
14556
14579
14561
14711
14564
14583
14572
14566
14753
14580
14581
14582
14716
14715
14586
14588
14589
14863
14871
14895
14870
14721
14878
14902
14900
14903
14899
14910
14719
14858
14717
14718
14861
14864
14865
14874
14890
14893
14896
14897
14906
16110
53
15723
15691
15634
15666
780
889
1121
1282
1342
4411
9385
11677
12507
12539
12637
6885
6888
6889
6887
6872
6873
6863
6895
6864
6884
6896
7323
6886
7322
7327
7359
7324
7822
7848
7854
7807
7825
7826
7857
8007
7816
7858
8038
7850
7793
8011
8043
7818
8048
8006
8016
8039
8269
8308
8300
8302
8268
8392
8270
8301
8307
8340
8342
8319
8391
8374
8372
11165
11163
11159
11201
11218
11204
11195
11191
11233
11197
11236
11250
15753
15755
15882
15790
15883
15787
15811
15813
15897
15785
15898
15758
15812
15823
15835
15901
15902
15819
15843
15837
15820
15836
15855
15877
15845
15852
15876
15867
7383
15896
15872
7415
15892
15874
15889
15879
15885
15881
15875
15890
15869
15884
15899
15873
15878
15895
15887
15851
15844
15894
15868
15880
15912
15907
15910
15908
15904
15905
15909
15919
15906
15900
15927
15924
15928
16211
15888
16206
16243
16268
16282
16205
16283
16238
16284
16237
16280
16312
16300
15870
11034
11039
11066
11071
15891
15871
332
331
336
335
16281
30
276
308
466
544
62
498
120
334
327
333
512
329
326
328
330
87
119
582
577
578
307
589
610
82
88
114
144
176
275
614
590
609
606
592
1245
1220
1219
1226
1225
1227
1222
1224
1221
1223
1232
1240
1233
1228
1234
1230
1277
1287
1235
1238
1237
1236
1254
1242
1243
1265
1319
1253
1257
1255
1251
1258
1267
1252
1286
1274
1270
1262
1256
1260
1266
1272
1264
1269
1295
1259
1291
1275
1281
1280
1745
1324
1292
1322
1293
1290
1314
1325
1294
1313
1310
1311
1312
1343
1346
1326
1318
1327
1345
2158
1377
1323
1378
2167
2161
2056
2168
2171
2197
2169
1746
2198
2179
2200
2204
2088
2165
2183
2180
1678
2189
2192
1747
2195
2203
2188
2193
2174
2173
1710
2206
2212
2211
2235
2175
2208
2270
2213
2134
2164
2238
2239
2196
2302
2136
2301
2190
2277
2139
2127
2128
2130
2131
2135
2159
2160
2182
2162
2163
2166
2172
2176
2177
2178
2181
2186
2194
2199
2201
2202
2205
2207
2209
2210
2234
2241
2243
2244
2245
2254
2257
2265
2269
2271
2273
2275
2276
2286
2289
2297
2303
2459
2491
2527
2559
2912
2562
2915
2582
2614
2594
2911
2913
2819
2851
2914
2627
2630
2659
2662
2916
3537
3554
3555
3552
3535
3553
3557
3559
3551
3562
3526
3530
3536
3566
3564
3558
3561
3560
3568
3563
3565
3567
3569
3556
4375
4374
4372
4376
4381
4379
4378
4406
4405
4407
4446
4430
4404
4408
4410
4478
4413
4486
4483
4481
4462
4482
4487
4493
4490
4484
4488
4508
4494
4491
4501
4489
4498
4492
4513
4499
4518
4502
4500
4514
4505
4509
4524
4520
4521
4516
4515
4519
4525
4522
4541
4523
4526
4553
4534
4532
4531
4540
4585
4551
4530
5025
4537
4533
4550
5029
5030
4554
4547
4555
5049
4582
5050
4556
4545
4583
4548
4587
4588
4586
4606
4598
4607
4950
4995
4994
4982
4999
4992
4996
5016
5000
5020
5006
5028
5023
5031
5021
5019
5048
5024
5027
5026
5022
5032
5052
5051
5012
5055
6312
5044
6311
6310
6604
6608
6606
6611
6613
6603
6612
6609
6614
6605
6610
6620
6625
6623
6530
6495
6651
6816
6527
6562
6592
6792
6615
6619
6624
6784
6793
6824
6825
7283
7251
8590
8816
8589
8592
8621
8624
8622
8746
8855
8784
8789
8747
8887
8821
8858
8863
8896
8890
8895
9166
9163
9159
9236
8893
8894
9235
9344
9243
9244
9233
9248
9234
9239
9242
9240
9376
9276
9247
9271
9267
9265
9241
9266
9273
9274
9268
9272
9170
9279
9275
9167
9380
9378
9353
9409
9346
9438
9348
9444
9435
9473
9474
9441
9470
9439
9443
9467
9411
9477
9479
9472
9487
9471
9483
9478
9506
9486
9484
9481
9482
9476
9504
9505
9590
9475
9591
10063
10095
10100
10817
10849
11090
11087
11082
11091
11073
11100
11114
11119
11105
11096
11132
11122
11102
11101
11123
11133
11128
11137
11134
11169
11209
11241
11596
11586
11595
11585
11593
11628
11627
11630
11608
11617
11625
11640
11618
12036
11709
11904
11936
11976
12008
12023
12021
12027
12020
12029
12026
12030
12024
12022
12025
12032
12031
12028
12034
12035
12038
12037
12069
12033
12070
11970
11971
12135
11974
12103
11980
12002
12479
12003
12006
12012
12481
12485
12039
12040
12071
12517
12072
12513
12612
12613
12619
12624
12618
12625
12645
12650
12644
12657
12651
12656
12921
12924
12922
12926
15403
15378
15371
15410
15810
16081
16400
16078
16113
16410
16343
16375
16402
16350
16398
16382
16403
16401
16399
16394
16411
16438
16393
16395
16405
16406
16426
16407
16425
16427
16467
16435
16439
16431
16443
16499
977
2012
2583
2335
2367
2615
2589
2588
2621
2591
2620
2623
2624
2656
4278
4230
4183
4215
4246
4262
12630
12627
12626
12635
12632
12633
12702
12734
12758
12764
12810
12842
12836
13956
13988
12809
12841
14675
14707
3613
3823
4095
4051
4063
4083
6937
6953
6956
6921
6924
6938
6970
6969
9520
9607
9614
9357
9498
9522
9389
9499
9525
9511
9521
9530
9524
9531
9570
9537
9595
9596
9599
9538
9606
9526
9600
9602
9610
9622
9612
9601
9625
9609
9611
9608
9629
9615
9623
9616
9617
9619
9630
9624
9620
9618
9626
9638
9528
9632
9634
9633
9640
9675
9641
9643
9731
9642
9644
9652
9732
9756
3290
9758
9759
9516
9757
9736
9754
9753
9752
9763
9764
9784
9785
3322
9789
9790
9768
9788
9519
9786
9791
9794
9797
9796
9795
9823
9810
9817
9821
9843
9827
9828
9869
9860
9864
9826
9866
9859
9798
9811
9863
9855
9829
9862
9865
9529
9861
9849
9870
9842
9880
9871
9830
9853
9881
9873
9891
9889
9893
9868
9896
9897
9895
9892
9898
9532
9912
9901
9920
9902
9923
9894
9913
9940
9903
9931
9933
9900
9921
9965
9963
9934
9988
9994
9905
9984
9972
9986
9966
9533
9987
9995
9996
9998
10000
10004
9997
9999
10001
10008
10006
9535
10012
10002
10015
10014
10019
10020
10007
10005
10016
10011
10018
10028
10027
10026
10010
10030
10047
10033
10044
10029
10032
10043
10034
10036
9604
10048
10053
10046
10058
10050
10040
10031
10037
10039
10057
10052
10049
10038
10059
10042
10051
10054
10061
10060
10056
10067
10076
10065
10068
10062
10070
10073
10072
10074
10066
10069
10091
10080
10082
10094
10089
10093
10097
10081
10102
10088
10085
10101
10083
10124
10105
10128
10092
10084
10106
10121
10132
10131
10090
10071
10098
10127
10099
10118
10122
10115
10086
10134
10133
10137
10138
10136
10135
10150
10139
10142
10147
10143
10156
10153
10140
10159
10157
10075
10160
10154
10165
10164
10163
10168
10171
10166
10167
10175
10170
10172
10169
10174
10731
12175
12184
12161
12189
12174
12188
12222
12221
12190
12207
12206
12220
12216
12193
9527
9534
9536
9627
14771
14739
9888
9890
15543
15511
15546
15514
10173
10077
10129
10158
10161
2138
2170
2191
2184
2185
2187
2782
2814
6418
6450
6464
6496
6607
6616
6601
6617
6618
6621
6622
6649
6639
6648
6654
6653
6650
6633
11679
11717
11718
11749
11711
11750
14669
14662
14667
14673
14694
14705
14670
14699
14702
14701
22
18
50
60
28
54
12
44
31
56
21
63
55
24
12511
12510
12508
12540
12543
12542
12554
12929
12561
12586
6809
6841
8277
8258
8275
8276
8278
8279
8281
8282
8290
8288
8310
8309
8311
8313
8314
8322
8321
8324
8339
8325
8348
8356
8354
8357
8371
8353
8380
8412
12985
12986
15834
15818
15850
15866
15893
15886
15918
15925
16124
16088
16120
16130
16092
16162
16207
16239
172
140
722
728
733
735
720
727
730
724
734
725
706
721
731
723
729
732
713
726
738
8283
8284
8285
8286
8287
777
753
754
745
756
759
752
757
755
758
803
773
776
763
781
767
799
761
765
796
798
768
764
791
772
811
769
760
805
790
813
787
812
779
770
786
766
809
800
771
795
793
789
762
808
797
792
801
818
794
788
824
802
822
819
823
821
820
826
836
827
838
825
831
832
829
834
830
859
828
843
835
866
837
842
839
852
846
833
853
864
847
845
885
858
857
861
856
855
871
869
868
860
854
888
870
863
874
886
884
879
877
895
890
865
867
878
894
891
875
887
893
892
897
896
898
899
900
901
902
912
909
903
904
905
911
925
908
933
920
919
928
921
913
935
918
922
943
929
924
934
926
940
927
931
936
923
961
930
951
952
956
950
957
941
945
954
937
965
960
964
968
959
955
953
962
944
967
963
970
971
966
974
969
975
978
979
984
985
986
987
991
990
997
992
995
989
996
1002
988
993
1001
1003
994
999
1019
1000
1016
998
1041
1006
1009
1017
1011
1007
1021
1024
1030
1025
1010
1018
1044
1036
1029
1020
1022
1034
1032
1023
1027
1043
1055
1035
1026
1031
1033
1037
1050
1028
1051
1045
1040
1058
1053
1054
1057
1056
1052
1059
1060
1061
1065
1063
1062
1064
1067
1066
1072
1068
1075
1069
1073
1076
1077
1086
1095
1091
1082
1084
1090
1101
1093
1089
1088
1085
1087
1083
1098
1092
1123
1094
1096
1109
1127
1097
1110
1118
1120
1119
1099
1100
1111
1103
1116
1122
1106
1117
1102
1124
1107
1125
1130
1128
1132
1135
1133
1129
1131
1134
1138
1139
1141
1142
1151
1153
1156
1148
1155
1154
1150
1216
1158
1149
1152
1182
1169
1159
1175
1189
1157
1163
1185
1204
1164
1168
1162
1248
1165
1160
1183
1177
1161
1198
1176
1207
1186
1166
1172
1187
1192
1167
1173
1188
1194
1215
1190
1199
1195
1193
1214
1184
1196
1197
1201
1191
1205
1209
1208
1598
2305
2317
2464
2337
2333
2349
2334
2365
2369
2371
2370
2366
2372
2373
2374
2430
2448
2444
2480
2476
3265
3267
3231
3311
3279
3263
3294
3268
3314
3264
3282
3280
3283
3297
3281
3291
3312
3324
3313
3295
3296
3292
3315
3289
3299
3300
3323
3326
3321
3327
3330
4073
4041
4595
4596
4594
7451
7483
7389
7421
7425
7430
7446
7464
7437
7457
7432
7442
7431
7462
7463
7469
7474
7478
8211
8208
8158
8215
8156
8157
8188
8189
8198
8204
8230
8205
8210
8190
8213
8212
8206
8214
8244
8207
8209
8191
8216
8238
12286
12254
12425
12457
12505
12501
12504
12503
12498
12506
12526
12535
12532
12530
12533
12536
12547
12557
12546
12537
12575
12549
12558
12577
12545
12579
12578
12538
12567
12581
12570
12590
12589
12602
12593
12610
12611
12599
12606
12608
12607
12617
12642
12616
12609
12772
12641
12631
12640
12643
12674
12648
12785
12649
12678
12663
12689
12685
12679
12681
12703
12680
12687
12713
12712
12688
12691
12719
12710
12706
12717
12721
12720
12711
12716
12723
12735
12744
12779
12778
12793
12786
12776
12792
12790
12788
12787
12791
12794
12807
12803
12805
12802
12806
12813
12808
12821
12822
12823
12818
12814
12816
12826
12815
12846
12829
12839
12817
12852
12820
12819
12845
12848
12854
12824
12856
12840
12847
12850
12889
12851
12861
12858
12917
12867
12885
12849
12899
12878
12892
12894
12853
12890
12855
12910
12796
12800
13352
13348
13344
13332
13154
13122
13131
13130
13328
13353
13349
13141
13153
13146
13145
13179
13182
13148
13327
13233
13317
13178
13333
13261
13183
13181
13320
13121
13177
13118
13293
12825
12857
13365
13784
13364
15004
14937
14920
14969
15022
15036
14990
14989
15021
16004
16019
15963
16017
15995
16036
16051
16049
16229
16197
16194
16226
197
267
270
285
299
302
317
351
580
591
594
596
605
612
685
686
688
689
691
692
693
694
700
701
702
703
705
708
709
710
711
714
737
740
741
742
743
746
1404
1427
1459
1482
1488
1491
1492
1514
1520
1523
1524
2240
2272
2672
2697
2729
3074
3084
3085
3101
3106
3116
3117
4321
4353
4358
4359
4361
4362
4364
4365
4366
4367
4368
4373
4382
4383
4385
4390
4391
4393
4394
4396
4397
4398
4399
4400
4414
4415
4417
4418
4428
4442
4443
4449
4450
4460
4474
4475
4546
4822
4832
4854
4867
4899
5059
5061
5062
5063
5064
5079
5095
5096
5111
5115
5122
5124
5696
5728
5760
5761
5762
5763
5785
5786
5792
5794
5795
5899
5901
5931
5933
6208
6233
6240
6265
6350
6382
6387
6400
6401
6402
6407
6408
6416
6432
6433
6434
6439
6440
6473
6476
6488
6489
6505
6508
6520
6521
6660
6661
6662
6663
6664
6665
6692
6693
6694
6695
6696
6697
6745
6777
6979
6980
6981
6982
6983
6984
6990
6999
7000
7002
7003
7004
7005
7006
7011
7012
7013
7014
7015
7016
7022
7031
7032
7034
7036
7037
7038
7040
7041
7042
7043
7044
7052
7053
7054
7060
7062
7063
7064
7065
7066
7067
7068
7069
7070
7072
7073
7074
7075
7076
7084
7085
7086
7092
7094
7095
7096
7097
7098
7099
7100
7101
7102
7106
7110
7115
7122
7130
7131
7138
7142
7147
7154
7162
7163
7242
7274
7296
7315
7318
7328
7347
7350
7351
7369
7378
7401
7402
7410
7436
7443
7465
7468
7475
7504
7506
7508
7536
7538
7540
7563
7564
7565
7566
7567
7570
7571
7572
7573
7582
7583
7595
7596
7597
7598
7599
7602
7603
7604
7605
7614
7615
7699
7727
7731
7747
7791
7903
7935
8010
8042
8312
8347
8379
8397
8398
8399
8400
8403
8404
8405
8406
8536
8552
8556
8560
8564
8565
8568
8582
8603
8607
8614
8635
8639
8749
8852
8857
8884
8886
8889
8918
8950
8964
8996
9112
9114
9117
9124
9144
9146
9149
9152
9157
9160
9161
9164
9165
9174
9175
9183
9184
9246
9258
9259
9263
9278
9287
9290
9291
9292
9302
9303
9311
9319
9322
9323
9324
9334
9335
9343
9367
9399
10349
10350
10351
10352
10353
10354
10355
10356
10357
10358
10359
10360
10361
10362
10363
10555
10561
10570
10576
10577
10582
10585
10593
10602
10608
10609
10614
10617
10720
10765
10797
10830
10832
10833
10835
10836
10839
10840
10845
10904
10906
10907
10909
10910
10936
10938
10939
10941
10942
10944
10976
11072
11081
11088
11104
11113
11120
11138
11170
11184
11275
11276
11277
11295
11332
11336
11339
11340
11342
11343
11345
11346
11348
11355
11497
11592
11611
11613
11624
11652
11653
11656
11657
11662
11680
11684
11685
11688
11689
11694
11731
11732
11733
11734
11735
11736
11763
11764
11765
11766
11767
11768
11779
11780
11784
11786
11818
12368
12400
12482
12484
12514
12516
12961
13047
13048
13049
13053
13083
13085
13086
13087
13115
13117
13119
13120
13123
13172
13173
13468
13500
13936
13940
13941
13943
13944
13946
13947
13983
13999
14003
14098
14100
14130
14132
14274
14276
14284
14296
14297
14300
14301
14303
14306
14308
14316
14335
14336
14339
14341
14343
14363
14364
14375
14395
14396
14406
14417
14421
14426
14433
14434
14436
14437
14438
14449
14453
14458
14862
14877
14938
14944
14945
14946
14948
15185
15186
15188
15189
15192
15193
15196
15197
15217
15218
15220
15221
15224
15225
15228
15229
15251
15254
15335
15341
15342
15344
15515
15527
15530
15547
15578
15610
15827
15831
15842
15859
15863
15935
15939
15944
15949
15950
15951
15952
15953
15954
15955
15956
15959
15960
15964
15965
15966
2429
16245
390
8289
422
5148
5151
5155
5158
5167
5082
5083
5084
5085
5087
5088
5089
5090
5091
5092
5093
5094
5146
5149
5150
5152
5153
5154
5156
5157
5159
5160
5161
5162
5163
5164
7756
9188
7760
9189
9194
9190
7762
7763
9200
9201
9203
9204
9205
9209
9210
9213
9214
9212
9217
9218
9215
9222
9224
9223
9226
9232
9227
9231
9192
9228
9193
9195
9197
9198
9199
9187
9202
388
9208
9191
9211
420
5166
5165
9207
9230
9565
9540
9566
9597
9572
9598
10379
10411
9196
9220
9219
9225
5144
5145
5147
9229
10317
10319
10320
10321
10322
10323
10324
10524
10325
10525
10526
10527
10374
10375
10378
10380
10381
10382
10383
10384
10386
10387
10388
10389
10390
10391
10394
10395
10396
10397
10398
10399
10406
10407
10410
10412
10413
10414
10415
10416
10418
10419
10420
10421
10422
10633
10423
10635
10426
10427
10428
10429
11322
10430
10431
10443
10624
10628
10629
10630
10631
11328
10634
11329
11331
11359
11360
11361
11363
11364
11368
11371
10636
11372
11374
11375
11377
11380
11381
11378
11387
10637
10638
10719
11307
11308
11309
11310
11311
11312
11313
11314
11315
11316
11318
11319
10475
11325
11326
11330
11362
11317
10508
10509
10510
10511
11327
14009
14008
14010
14012
14013
14015
14016
14970
10512
10513
15286
14011
14014
10514
10515
10516
10517
10518
10519
10521
10523
10540
10541
10542
10543
10544
10545
10546
10547
10548
10549
10550
10551
10553
11321
11323
11324
635
636
655
664
665
667
658
631
628
622
646
640
657
638
649
626
621
632
633
625
668
623
659
670
624
652
634
660
1623
675
669
671
642
672
637
661
641
1626
666
654
630
674
1627
653
662
1658
656
1663
1659
681
673
678
1655
684
1709
1677
676
647
629
3352
3381
3384
3386
3357
627
639
643
644
645
648
650
651
663
677
679
680
682
683
3349
3389
3354
75
77
78
81
230
236
206
235
215
231
233
240
217
207
237
234
239
228
241
238
244
243
245
246
247
242
248
249
229
3104
76
79
80
232
3632
3629
3630
3133
4797
4796
3163
9702
9706
9703
9705
9708
3634
3633
4798
3635
3640
3641
3642
3643
3644
3645
4799
9872
4795
9049
9081
9956
9957
9711
9679
9730
9762
9767
9735
9755
9766
10110
9734
9733
9765
10078
9946
9944
9943
4800
9978
9976
9975
9709
9959
14368
14371
14367
14373
14374
8526
8529
10880
10881
10882
10883
10884
10886
10863
10866
10869
10870
10873
10874
13020
13023
13028
10862
13461
13460
13462
13465
13463
13466
13464
13467
10887
10885
13021
13027
13024
14326
14327
14330
14334
13251
13252
13255
13258
13357
13201
14816
14818
14819
13254
13532
13358
13331
13257
13360
13359
13356
13362
13363
13330
13565
13562
13533
13561
13564
14812
14815
13026
13904
13976
14332
14813
14915
14916
14912
14913
15150
14918
15152
15149
15146
15147
14919
14598
14630
15153
13144
13129
13140
13151
13132
13150
13161
13155
13149
13147
13162
13152
13164
13163
13176
13180
2309
2341
13312
15082
15050
15143
15111
2375
2377
2378
2379
2382
2386
2407
2409
2410
2411
2414
2418
1620
1652
2306
2310
2315
2316
2319
2320
2321
2322
2325
2326
2327
2330
2338
2342
2348
2351
2352
2353
2354
2357
2358
2359
2362
2368
2376
2380
2381
2383
2384
2385
2387
2388
2389
2390
2391
2392
2393
2394
2395
2396
2397
2398
2399
2400
2401
2402
2403
2404
2405
2406
2408
2412
2413
2415
2416
2417
2419
2420
2421
2422
2423
2424
2425
2426
2427
2428
2433
2434
2436
2437
2438
2439
2440
2441
2442
2443
2446
2456
2457
2458
2460
2461
2462
2465
2466
2468
2469
2470
2471
2472
2473
2474
2475
2478
2488
2489
2490
2492
2493
2494
2496
2520
2521
2523
2524
2525
2528
2552
2553
2555
2556
2557
2560
2561
2563
2564
2567
2568
2569
2570
2571
3784
2572
3783
2575
3792
2576
3794
2592
3795
2593
3798
3801
3803
3807
3827
3787
3833
3789
3786
3788
3835
3810
2595
2596
2599
2600
2601
2602
2603
2604
2607
2608
2640
3351
3355
3359
3383
3387
3391
3474
3476
3477
3479
3480
4194
3483
3484
3506
3508
3509
3511
3512
3516
3728
3729
3740
3753
3760
3772
3776
3777
3781
3785
3790
3791
3793
3796
3797
3799
3800
3802
3804
3805
3806
11466
3808
3809
3813
3817
3822
3828
3831
3832
3834
3836
3837
3838
3843
3845
3846
3875
3876
3877
3878
3904
3924
3936
3956
3975
3983
4007
4015
4187
4188
4191
4195
4219
4220
4223
4289
8854
10653
10656
10663
10664
10666
10667
10668
10670
10693
10699
10725
10843
10844
10864
10865
10867
10868
10871
10872
10875
10876
10877
10878
10879
11465
11643
11645
11648
12525
12527
12548
12566
12580
12598
12614
12615
12621
12622
12634
12638
12646
12647
12653
12654
12666
12670
12738
12739
12742
13015
13016
13017
13967
13971
14663
14666
14672
4568
4569
14681
4572
14695
14698
14704
14713
15971
15976
15980
15981
15982
15983
15984
15985
15986
15987
15988
15991
15992
15996
15997
15998
16151
16160
16161
16163
16164
16183
16192
16198
16199
6354
16200
6359
16201
16208
6357
16213
16224
16227
16230
16231
16232
16233
16240
16276
11810
11809
11817
11813
16308
11814
11815
3637
3631
3636
3639
16440
16441
16449
16450
16526
13563
3638
380
383
6815
381
4562
4563
4564
4565
4566
4567
4570
4571
4573
14331
4574
4575
4576
4577
4578
4579
4580
4673
4682
4683
4684
4685
4686
4687
4702
4705
4714
4715
4716
4717
4718
4719
4734
6355
6356
6358
6814
14817
7370
10888
11288
11391
11811
11812
11816
12748
12749
12750
12751
12752
12765
12766
14688
14692
14691
12767
13022
13025
16131
14689
14690
13781
13782
13813
13814
13816
13825
13832
13857
13864
11812
11811
11816
13908
13909
14328
13912
13914
13915
14329
14814
14333
14369
14370
14685
16481
14914
14917
16404
