20
21
22
26
27
28
29
32
33
34
36
37
39
46
47
48
49
51
52
53
54
58
59
60
61
65
68
97
100
69
72
73
74
75
77
78
81
82
84
85
101
104
105
106
107
109
110
113
114
116
117
129
131
138
142
143
146
147
149
150
151
155
159
161
163
164
165
166
169
170
174
175
178
179
181
182
183
0
1
2
4
5
7
14
16
17
19
0
1
2
4
5
7
14
16
17
19
141
144
145
148
156
173
176
177
180
205
206
141
144
145
148
156
173
176
177
180
205
206
141
144
145
148
156
173
176
177
180
205
206
141
144
145
148
156
173
176
177
180
205
206
141
144
145
148
156
173
176
177
180
205
206
191
157
187
188
189
192
193
31
153
154
185
132
133
134
137
9
41
128
130
139
140
152
158
160
162
168
171
172
184
186
190
3
6
18
35
38
50
8
10
12
30
40
42
44
62
63
66
92
127
89
55
71
57
43
64
88
108
123
83
11
13
124
194
195
90
126
25
111
94
103
87
91
121
112
122
98
95
80
70
70
45
115
93
86
79
76
120
167
23
96
119
125
99
115
102
24
67
56
118
24
