8623
8640
8664
8672
8696
8775
8792
8807
8824
8848
8880
8912
8927
8944
8959
8366
8961
8968
8993
9000
9047
8458
9079
8473
9096
8490
8505
8516
8533
9152
8548
9184
8565
8591
9216
9231
9233
9248
9263
9265
9287
9289
9304
9319
9321
9336
9841
9844
9870
9872
9887
9902
9904
9919
9926
9928
9943
9958
9960
9975
9990
9993
10004
10007
10008
10013
10015
10012
10014
9128
10022
10025
10036
10039
10040
10044
10045
10046
10047
2291
2635
2644
2667
2676
2807
2908
2940
3023
3055
2259
3340
3350
3372
3382
3397
3429
2775
3469
3482
3485
3497
3501
3514
3517
3531
3534
14136
7787
7791
7832
7833
7864
7865
7892
7891
7896
7928
7930
7948
7949
7950
7951
7952
7954
7955
7964
7966
7967
8367
8368
8369
8372
8373
8374
8375
8378
8379
8380
8381
8384
8416
8580
8582
8612
8614
3465
10010
10059
10081
10082
10083
10084
10085
10086
10087
10090
10091
10123
10140
10155
10172
10194
10241
10258
10273
10290
10314
2132
2133
2134
2135
2137
2139
2140
2141
2143
2144
2145
2146
2148
2151
2152
2153
2154
2156
2161
2164
2165
2166
2167
2169
2171
2172
2173
2175
2178
2179
2180
2185
10058
10226
13157
10880
10897
10912
10929
14133
14134
14135
10953
10985
10346
11032
11064
7792
7793
7794
7797
7798
7799
7800
7803
7806
7809
7812
7813
7814
7815
7818
7819
7824
7825
7828
7829
7830
7831
11808
11809
11810
11811
11814
11815
11816
11817
11820
11823
0
1
2
3
4
5
6
7
8
9
10
11
12
13
14
15
16
17
18
20
21
22
23
24
25
26
27
28
29
30
31
32
33
34
35
36
37
38
39
40
41
42
43
44
45
46
47
48
49
50
52
53
54
55
56
57
58
59
60
61
62
63
65
66
67
68
69
70
71
72
73
74
75
76
77
78
79
80
81
82
83
84
85
86
87
88
89
90
91
94
95
97
98
99
100
101
102
103
104
105
106
107
108
109
110
111
112
113
114
115
116
117
118
119
120
121
122
123
125
126
127
128
129
130
131
132
133
134
135
136
137
138
139
140
142
143
144
145
146
147
141
148
149
150
151
152
153
154
155
156
157
158
159
160
161
162
163
164
165
166
167
168
169
170
171
172
174
175
173
176
177
178
179
180
181
182
183
184
185
186
187
188
189
190
191
192
193
194
195
196
197
198
199
200
201
202
203
204
205
207
208
206
209
212
213
211
210
214
215
216
217
218
219
220
221
222
223
224
225
226
227
228
229
230
231
232
233
234
235
236
237
238
239
240
241
242
243
244
245
246
247
248
249
250
252
251
253
254
255
256
258
259
260
261
262
263
264
265
266
267
268
269
270
271
272
273
274
13156
275
277
278
279
280
281
282
283
284
285
286
288
290
291
292
293
294
295
296
297
298
299
300
301
302
303
304
305
306
307
309
310
311
312
313
314
315
316
317
318
320
321
322
323
324
325
326
327
328
329
330
332
333
334
335
336
338
337
339
340
341
342
343
344
345
346
347
348
349
350
351
352
353
354
355
356
357
358
359
360
361
362
363
364
365
366
367
368
369
370
371
372
373
374
375
376
377
378
379
380
381
382
383
384
386
387
388
391
394
395
400
404
399
401
408
402
410
405
406
411
412
413
415
416
418
419
414
417
423
426
420
427
432
451
431
433
434
452
454
461
465
455
467
486
468
487
493
497
500
499
504
515
505
516
517
534
535
533
541
539
542
536
540
547
548
689
549
691
687
683
684
688
685
686
690
692
698
699
693
694
696
695
700
707
708
705
704
706
714
709
710
718
716
712
717
711
715
713
719
725
723
721
726
720
727
728
722
724
731
730
732
729
735
738
739
734
737
736
742
741
748
740
752
753
754
757
750
751
747
758
749
755
761
756
764
759
775
760
762
766
763
773
767
770
769
771
774
779
772
776
778
781
783
782
784
788
791
93
801
794
803
802
798
804
816
815
808
813
805
806
814
807
810
811
820
823
826
832
834
830
838
840
837
833
841
842
839
844
835
846
845
836
847
849
854
848
850
851
871
873
874
876
878
852
877
870
853
868
880
881
869
872
883
879
886
889
885
882
884
896
897
899
898
900
901
902
903
904
906
907
909
905
910
908
913
912
911
915
919
922
917
920
923
925
914
924
926
918
916
927
928
921
932
931
929
934
935
938
930
933
936
937
939
940
941
942
943
945
946
947
949
944
950
951
952
953
954
955
948
957
963
956
961
965
967
958
966
959
960
972
964
969
970
973
977
971
974
982
978
988
989
992
990
995
996
997
1001
993
1002
1003
1014
1005
1009
1006
1004
1010
1021
1020
1022
1025
1028
1030
1032
1033
1034
1035
1038
1029
1031
1037
1036
1041
1047
1057
1050
1039
1040
1043
1049
1042
1046
1048
1054
1044
1045
1051
1060
1052
1055
1053
1063
1066
1067
1061
1064
1062
1068
1065
1069
1070
1071
1072
1073
1074
1082
1077
1075
1078
1076
1080
1079
1081
1089
1087
1092
1085
1093
1090
1084
1083
1086
1088
1098
1099
1091
1097
1094
1096
1102
1095
1101
1100
1103
1105
1106
1104
1107
1109
1110
1111
1112
1108
1116
1115
1114
1113
1120
1121
1122
1126
1129
1131
1130
1124
1123
1127
1125
1134
1128
1135
1136
1140
1139
1132
1133
1138
1137
1141
1143
1142
1144
1145
1146
1148
1153
1154
1156
1147
1155
1161
1163
1162
1167
1164
1170
1166
1165
1171
1168
1172
1169
1174
1177
1176
1178
1181
1182
1183
1180
1185
1186
1187
1188
1195
1197
1196
1193
1199
1200
1201
1194
1198
1202
1203
1204
1209
1210
1212
1213
1208
1206
1214
1215
1217
1216
1219
1220
1221
1218
1225
1226
1227
1224
1222
1228
1229
1230
1231
1232
1235
1236
1223
1241
1239
1233
1234
1244
1237
1238
1242
1249
1240
1252
1246
1257
1243
1248
1245
1247
1250
1256
1253
1258
1254
1255
1260
1251
1261
1259
1263
1262
1264
1265
1266
1272
1273
1276
1267
1268
1278
1279
1280
1269
1271
1281
1270
1282
1285
1274
1275
1277
1283
1286
1284
1289
1293
1287
1290
1294
1296
1295
1288
1297
1291
1292
1298
1300
1302
1303
1304
1305
1308
1306
1299
1310
1317
1301
1312
1309
1313
1314
1315
1311
1307
1316
1319
1318
1320
1321
1322
1324
1323
1325
1326
1328
1331
1333
1334
1335
1332
1330
1327
1329
1336
1337
1338
1339
1340
1341
1342
1343
1344
1345
1346
1348
1349
1347
1351
1352
1356
1357
1358
1353
1354
1350
1355
1360
1361
1363
1362
1359
1364
1365
1366
1367
1368
1369
1370
1371
1372
1373
1375
1378
1377
1374
1380
1381
1382
1383
1384
1385
1386
1387
1376
1379
1388
1390
1389
1391
1392
1393
1395
1394
1396
1397
1398
1402
1403
1404
1405
1406
1401
1408
1409
1410
1411
1399
1400
1407
1412
1413
1414
1415
1416
1417
1418
1420
1421
1422
1423
1419
1424
1425
1426
1427
1428
1429
1430
1431
1432
1433
1434
1435
1436
1437
1438
1439
1440
1441
1442
1443
1444
1446
1447
1448
1449
1450
1451
1452
1445
1453
1454
1455
1456
1457
1458
1459
1460
1461
1462
1463
1464
1466
1465
1467
1468
1469
1470
1471
1472
1473
1474
1476
1479
1480
1481
1475
1478
1483
1477
1486
1487
1488
1489
1490
1491
1492
1493
1485
1482
1495
1496
1484
1497
1499
1500
1011
1494
1502
1501
1498
1503
1504
1505
1507
1506
1513
1508
1515
1514
1511
1516
1517
1518
1519
1509
1512
1510
1521
1522
1524
1525
1520
1523
1528
1527
1526
1529
1531
1534
1532
1533
1530
1535
1536
1537
1538
1539
1540
1541
1542
1543
1544
1545
1546
1547
1548
1549
1550
1551
1552
1553
1554
1555
1556
1557
1558
1559
1560
1562
1561
1563
1564
1565
1568
1569
1566
1567
1570
1572
1573
1574
1571
1575
1576
1577
1578
1580
1579
1581
1582
1583
1584
1585
1586
1587
1588
1589
1591
1592
1593
1595
1596
1597
1590
1600
1601
1594
1603
1602
1604
1605
1598
1599
1606
1607
1608
1611
1613
1612
1610
1615
1609
1614
1619
1621
1624
1616
1618
1623
1620
1625
1626
1627
1622
1628
1629
1630
1631
1633
1634
1632
1636
1639
1642
1635
1637
1640
1641
1645
1638
1644
1643
1647
1646
1651
1652
1653
1648
1650
1658
1659
1657
1654
1660
1655
1662
1663
1656
1661
1668
1670
1673
1672
1665
1664
1674
1666
1667
1675
1676
1678
1669
1671
1677
1679
1681
1680
1683
1688
1689
1691
1687
1685
1686
1682
1684
1690
1696
1697
1698
1702
1699
1692
1693
1694
1703
1695
1701
1704
1706
1711
1705
1710
1716
1714
1715
1709
1707
1718
1708
1713
1712
1719
1721
1722
1717
1720
1724
1725
1723
1726
1727
1728
1732
1733
1735
1729
1736
1737
1734
1739
1730
1731
1742
1741
1744
1743
1738
1746
1750
1752
1747
1745
1740
1749
1751
1754
1748
1756
1753
1755
1761
1764
1762
1758
1757
1766
1767
1765
1763
1759
1760
1768
1769
1770
1771
1773
1772
1776
1778
1779
1777
1857
1780
1859
1774
1775
1863
1866
1868
1871
1869
1865
1870
1860
1861
1867
1873
1874
1875
1891
1872
1895
1898
1897
1899
1901
1902
1903
1904
1892
1893
1900
1905
1906
1907
1908
1909
1910
1911
1912
1913
1914
1915
1919
1920
1928
1927
1929
1931
1930
1934
1935
1936
1938
1933
1942
1943
1937
1939
1946
1947
1945
1950
1952
1956
1960
1962
1963
1966
1970
1959
1965
1969
1961
1971
1974
1975
1978
1967
1968
1977
1979
1926
1984
1982
1991
1954
1994
1990
1925
1953
1987
1995
2009
1992
2005
1999
2004
1996
2012
1949
2006
1948
2007
2016
2019
1957
1958
2022
2023
2026
2028
2027
2032
2031
2024
1980
2033
2034
2036
1981
2035
2056
2037
2057
2059
2039
2061
2058
2038
2060
2065
2064
2062
2068
2063
2070
2072
2066
2071
2067
2069
2073
2074
2075
2076
2078
2082
2079
2081
2085
2083
2077
2080
2087
2086
2088
2084
2089
2091
2094
2090
2093
2096
2097
2092
2104
2100
2099
2095
2105
2107
2098
2106
2103
2110
2109
2101
2102
2115
2116
2108
2118
2111
2113
2129
2114
2130
2131
2186
2192
2188
2195
2190
2191
2187
2200
2189
2194
2193
2197
2196
2203
2201
2205
2199
2198
2206
2207
2202
2204
2214
2213
2216
2210
2218
2219
2220
2215
2212
2211
2217
2223
2221
2224
2226
2230
2222
2231
2227
2234
2225
2237
2233
2229
2232
2238
2228
2242
2235
2236
2241
2244
2247
2246
2239
2240
2245
2248
2243
2249
2251
2250
2252
2253
2254
2255
2256
2260
2257
2258
2263
2261
2262
2264
2266
2267
2265
2269
2271
2279
2276
2277
2275
2270
2278
2274
2281
2272
2282
2273
2280
2286
2285
2287
2283
2288
2290
2292
2284
2293
2289
2294
2295
2296
2297
2298
2299
2301
2302
2303
2305
2306
2307
2310
2313
2316
2317
2318
2311
2319
2312
2322
2325
2326
2327
2481
2487
2489
2490
2493
2494
2496
2497
2498
2499
1700
2502
2503
2506
2510
2509
2511
2512
2517
2515
2516
2520
2524
2526
2527
2528
2529
2523
2530
2525
2531
2534
2538
2541
2535
2543
2548
2547
2542
2594
2544
2597
2596
2601
2604
2607
2600
2608
2609
2610
2613
2618
2619
2620
2621
2622
2623
2614
2624
2630
2626
2628
2638
2633
2632
2631
2629
2634
2625
2627
2637
2636
2639
2642
2641
2643
2647
2640
2649
2646
2648
2652
2645
2653
2654
2655
2656
2657
2660
2650
2651
2659
2658
2662
2663
2664
2665
2666
2661
2670
2671
2675
2677
2672
2674
2673
2668
2680
2679
2678
2669
2686
2685
2682
2689
2681
2690
2688
2683
2684
2693
2687
2695
2696
2694
2697
2698
2699
2691
2692
2704
2703
2700
2705
2708
2710
2707
2701
2702
2711
2712
2706
2709
2714
2715
2719
2717
2713
2718
2721
2720
2722
2723
2724
2731
2726
2729
2727
2725
2728
2733
2730
2735
2732
2734
2737
2738
2739
2740
2745
2743
2742
2736
2744
2741
2746
2748
2747
2751
2753
2749
2750
2752
2754
2755
2759
2761
2756
2763
2757
2758
2764
2768
2769
2760
2765
2770
2771
2772
2762
2773
2774
2778
2776
2766
2767
2781
2785
2787
2779
2789
2777
2786
2782
2783
2780
2784
2790
2791
2788
2793
2795
2797
2801
2798
2803
2792
2796
2794
2804
2806
2808
2799
2805
2800
2811
2810
2802
2813
2809
2812
2815
2818
2814
2820
2817
2819
2822
2816
2824
2825
2826
2829
2823
2821
2830
2831
2832
2833
2835
2827
2828
2834
2838
2839
2840
2837
2836
2844
2846
2842
2849
2845
2851
2850
2848
2841
2852
2843
2847
2855
2853
2860
2854
2856
2857
2861
2862
2864
2867
2858
2859
2866
2872
2873
2863
2865
2874
2875
2868
2869
2870
2871
2877
2878
2879
2881
2876
2884
2882
2885
2880
2887
2892
2891
2883
2894
2886
2888
2889
2895
2897
2890
2896
2899
2893
2902
2900
2903
2905
2898
2907
2906
2901
2910
2912
2909
2904
2914
2913
2911
2915
2916
2918
2920
2917
2922
2925
2919
2926
2921
2928
2923
2924
2930
2931
2935
2927
2934
2929
2939
2942
2932
2933
2948
2943
2936
2938
2937
2946
2941
2950
2951
2952
2953
2949
2954
2947
2944
2945
2958
2955
2960
2962
2956
2963
2957
2959
2969
2970
2961
2964
2967
2972
2968
2973
2965
2966
2971
2974
2975
2977
2976
2980
2978
2981
2979
2982
2983
2984
2986
2985
2990
2992
2988
2993
2991
2989
2987
2994
2995
2999
3001
2998
3003
2996
2997
3005
3009
3000
3010
3011
3008
3002
3004
3013
3006
3014
3007
3017
3012
3016
3018
3019
3015
3020
3021
3022
3024
3025
3026
3029
3030
3028
3027
3033
3034
3037
3031
3032
3038
3039
3041
3045
3035
3040
3036
3046
3042
3051
3048
3052
3056
3047
3043
3044
3053
3058
3049
3059
3054
3050
3060
3062
3057
3061
3066
3067
3070
3072
3071
3065
3063
3069
3064
3075
3074
3068
3077
3079
3073
3083
3080
3082
3076
3087
3078
3088
3081
3089
3084
3092
3085
3086
3095
3096
3090
3093
3091
3098
3100
3101
3094
3097
3099
3104
3106
3107
3112
3102
3109
3111
3103
3105
3108
3110
3114
3116
3113
3120
3119
3115
3122
3117
3118
3121
3126
3123
3131
3133
3130
3134
3135
3132
3124
3128
3127
3125
3129
3136
3139
3137
3138
3141
3142
3144
3146
3140
3143
3147
3145
3150
3152
3153
3151
3148
3155
3157
3159
3149
3154
3162
3156
3158
3163
3160
3164
3161
3165
3166
3172
3167
3168
3174
3177
3171
3178
3169
3170
3180
3176
3173
3175
3182
3183
3179
3181
3186
3187
3188
3185
3194
3184
3192
3190
3193
3191
2716
3189
3201
3202
3198
3200
3195
3196
3203
3197
3208
3199
3209
3211
3204
3206
3214
3205
3213
3212
3207
3215
3210
3219
3222
3216
3226
3217
3227
3225
3218
3220
3223
3221
3229
3224
3230
3228
3232
3235
3233
3238
3231
3236
3240
3234
3239
3242
3237
3245
3246
3244
3243
3241
3248
3247
3249
3252
3250
3251
3255
3254
3257
3253
3256
3258
3259
3260
3263
3261
3262
3266
3267
3269
3271
3270
3268
3277
3274
3264
3272
3265
3275
3278
3273
3276
3288
3281
3279
3286
3283
3282
3290
3280
3284
3295
3285
3289
3287
3296
3291
3297
3294
3292
3293
3299
3298
3300
3302
3308
3303
3301
3304
3306
3310
3305
3307
3317
3309
3315
3312
3311
3320
3322
3314
3313
3316
3318
3323
3319
3321
3327
3326
3330
3328
3324
3329
3331
3325
3334
3336
3333
3332
3337
3338
3342
3344
3335
3345
3341
3347
3339
3348
3343
3349
3346
3352
3351
3353
3354
3355
3359
3356
3357
3358
3361
3360
3362
3363
3366
3367
3365
3364
3373
3369
3371
3376
3377
3368
3378
3370
3375
3380
3374
3383
3384
3385
3388
3387
3379
3381
3386
3389
3391
3390
3392
3393
3394
3395
3396
3398
3399
3400
3401
3402
3403
3404
3406
3408
3407
3405
3411
3412
3415
3413
3416
3417
3418
3421
3420
3419
3423
3409
3424
3410
3422
3427
3425
3434
3426
3428
3430
3432
3431
3435
3437
3433
3436
3441
3443
3444
3446
3442
3439
3438
3440
3445
3448
3447
3449
3450
3451
3457
3453
3454
3452
3456
3455
3458
3459
3463
3461
3471
3466
3460
3472
3468
3462
3470
3464
3467
3474
3477
3473
3478
3480
3481
3475
3476
3479
3486
3487
3488
3489
3490
3483
3492
3491
3496
3500
3498
3504
3503
3499
3494
3493
3495
3507
3508
3502
3511
3506
3513
3509
3505
3515
3518
3519
3521
3510
3512
3523
3524
3526
3522
3525
3528
3530
3532
3533
3535
3537
3541
3536
3538
3544
3553
3557
3558
3554
3555
3556
3560
3562
3563
3564
3565
3566
3567
3568
3569
3570
3573
3576
3586
3589
4305
4306
4304
4308
4309
4311
4313
4303
4314
4316
4320
4319
4317
4318
4310
4312
4321
4327
4322
4331
4333
4329
4326
4330
4324
4335
4325
4337
4328
4334
4340
4343
4346
4344
4336
4342
4345
4341
4348
4338
4349
4350
4351
4355
4352
4359
4364
4361
4367
4356
4363
4365
4368
4362
4357
4370
4358
4373
4369
4366
4372
4376
4377
4371
4379
4382
4374
4378
4381
4375
4384
4383
4380
4387
4389
4391
4390
4395
4396
4388
4398
4401
4394
4399
4393
4397
4409
4403
4405
4400
4402
4406
4404
4410
4407
4408
4411
4412
4414
4413
4417
4419
4416
4424
4415
4418
4421
4425
4420
4423
4422
4428
4429
4434
4426
4427
4432
4431
4437
4430
4438
4433
4435
4439
4442
4436
4440
4444
4447
4449
4441
4445
4443
4452
4446
4454
4453
4448
4455
4456
4457
4461
4450
4460
4451
4462
4463
4458
4459
4465
4467
4468
4473
4470
4464
4476
4466
4471
4477
4469
4478
4472
4480
4482
4479
4474
4486
4487
4475
4485
4489
4488
4490
4481
4484
4492
4491
4495
4498
4499
4500
4493
4494
4501
4503
4496
4497
4506
4507
4508
4511
4509
4512
4502
4504
4513
4523
4520
4518
4522
4521
4524
4514
4516
4525
4527
4517
4519
4526
4528
4529
4530
4532
4533
4534
4531
4535
4538
4536
4541
4545
4540
4544
4543
4539
4546
4547
4548
4549
4550
4551
4552
4553
4554
4556
4555
4557
4563
4558
4559
4561
4564
4565
4567
4566
4560
4568
4569
4562
4570
4572
4573
4576
4577
4578
4579
4580
4581
4582
4583
4587
4588
4589
4590
4591
4592
4593
4594
4595
4596
4597
4598
4600
4601
4599
4604
4602
4605
4609
4611
4615
4614
4608
4618
4617
3414
4610
4620
4619
4623
4621
4624
4622
4625
4627
4630
4628
4626
4629
4634
4636
4637
4638
4631
4639
4640
4641
4642
4632
4647
4643
4649
4658
4654
4651
4653
4646
4655
4656
4650
4652
4661
4660
4662
4659
4664
4663
4657
4666
4669
4671
4672
4673
4674
4668
4679
4670
4682
4689
4738
4740
4739
4742
4744
4741
4688
4743
4748
4746
4752
4745
4751
4755
4749
4753
4750
4757
4756
4760
4759
4761
4763
4758
4768
4765
4762
4764
4767
4766
4772
4771
4769
4773
4770
4775
4777
4778
4774
4780
4776
4781
4784
4785
4783
4782
4788
4789
4787
4793
4790
4795
4797
4796
4794
4798
4791
4792
4800
4801
4803
4807
4802
4799
4805
4808
4812
4809
4804
4811
4810
4806
4813
4817
4814
4818
4819
4822
4824
4826
4821
4815
4816
4823
4830
4834
4832
4833
4835
4836
4827
4839
4838
4837
4840
4842
4843
4845
4841
4848
4844
4847
4846
4855
4851
4849
4850
4853
4854
4862
4856
4864
4865
4858
4859
4867
4866
4872
4875
4871
4869
4878
4874
4868
4873
4877
4881
4876
4882
4888
4879
4887
4880
4884
4886
4883
4890
4893
4889
4894
4892
4897
4899
4891
4900
4898
4903
4901
4895
4896
4904
4905
4910
4917
4920
4906
4908
4907
4915
4909
4916
4911
4914
4913
4912
4918
4922
4919
4921
4926
4930
4925
4924
4923
4927
4928
4932
4933
4934
4937
5272
4935
4938
4936
6015
4939
6016
6017
6020
6021
6022
6024
6025
6026
6027
6034
6037
6038
6041
6042
6045
6049
6047
6048
6052
6053
6054
6056
6057
6058
6059
6066
6069
6070
6073
6074
6077
6079
6081
6082
6084
6085
6200
6202
6203
6204
6205
6206
6207
6208
6209
6210
6211
6212
6213
6214
6217
6216
6227
6222
6223
6225
6240
6241
6242
6243
6244
6245
6246
6248
6249
6848
6867
6869
6870
7070
7071
7072
7073
7074
7075
7076
7077
7078
7079
7080
7082
7084
7083
7081
7086
7093
7087
7088
7085
7094
7089
7096
7092
7091
7090
7095
7097
7102
7103
7104
7105
7107
7108
7110
7112
7113
7114
7116
7117
7119
7118
7115
7120
7121
7122
7123
7127
7111
7130
7126
7124
7125
7128
7129
7132
7131
7135
7137
7133
7136
7134
7139
7140
7145
7148
7144
7143
7142
7146
7147
7149
7150
7151
7152
7153
7154
7157
7159
7156
7155
7158
7161
7160
7162
7163
7164
7165
7167
7168
7166
7170
7172
7174
7173
7171
7169
7175
7176
7182
7178
7185
7179
7181
7180
7183
7184
7186
7193
7195
7188
7196
7192
7200
7201
7202
7203
7204
7205
7206
7207
7208
7211
7210
7212
7213
7214
7215
7216
7217
7218
7225
7220
7224
7227
7228
7236
7238
7240
7241
7242
7243
7244
7245
7246
7247
7248
7249
4885
7250
7251
7252
7256
7257
7255
7260
7262
7261
7254
7259
7258
7263
7268
7270
7272
7273
7274
7275
7276
7277
7278
7279
7233
7280
7281
7282
7283
7284
7286
7287
7288
7289
7290
7291
7292
7293
7294
6018
6019
6028
7295
7296
7297
7298
7301
7265
6035
7303
7304
7305
7306
7309
7310
7311
7307
7308
6050
6051
6060
6067
7316
7318
7319
7315
7320
7322
7323
7324
7325
6086
7326
7327
7328
7329
7330
7333
7335
7336
7337
7338
7339
7340
7341
7342
7343
7350
7351
7347
7352
7354
7355
7356
7358
7360
7348
7357
7359
7362
7363
7361
7366
7371
7369
7373
7375
7377
7379
7376
7384
7378
7387
7388
7385
7391
7392
7393
7394
7395
7398
7401
7407
7403
7411
7409
7405
7408
7417
7683
7684
7682
7416
7410
7686
7687
7685
7688
7689
7690
7691
7692
7693
7696
7697
7694
7700
7695
7704
7699
7698
7703
7702
7705
7715
7716
7714
7701
7707
7709
7710
7711
7708
7706
7713
7712
7718
7717
7719
7720
7721
7723
7722
7724
7725
7726
7727
7728
7731
7730
7734
7733
7737
7729
7732
7738
7736
7742
7735
7739
7740
7741
7745
7746
7750
7748
7751
7744
7743
7752
7753
7749
7754
7755
7756
7757
7759
7760
7762
7763
7758
7761
7764
7765
7766
7767
7768
7769
7771
7772
7775
7773
7770
7779
7777
7776
7778
7780
7782
7784
7785
7786
7783
7781
7788
7790
7795
7789
7796
7801
7802
7804
7805
7834
7861
7866
7873
7874
7875
7876
7877
7872
7879
7880
7884
7881
7885
7886
7888
7894
7889
7890
7893
7895
7897
7898
7899
7900
7901
7902
7234
7235
7237
7905
7906
7904
7909
7908
7907
7903
7911
7912
7916
7917
7913
7918
7920
7253
7921
7266
7267
7931
7932
7933
7934
7926
7929
7927
7935
7936
7937
7939
7940
7938
7947
7953
7956
7957
7958
7959
7960
7963
7269
7969
7965
7972
7971
7968
7961
7962
7979
7970
7980
7981
7982
7983
7984
7985
7986
7987
7988
7991
7992
7993
7994
7995
7996
7997
7998
7989
7285
7990
7999
8000
8001
8004
8005
8003
8009
8012
8010
8007
8006
8013
8014
8015
8018
8019
8016
8020
8021
8022
8023
8024
8026
8027
8028
8029
8032
8035
8037
8036
8033
8030
8031
8038
8039
8041
8042
8046
8047
8044
8050
8045
8052
8051
8054
8048
8053
8055
8056
8058
8059
8060
8064
8063
8068
8069
8065
8062
8061
8075
8076
8077
8078
8072
8082
8083
8081
8086
8087
8085
8095
8090
8091
8093
8089
8096
8097
8101
8100
8107
8104
8108
8109
8110
8113
8114
8119
8117
8118
8122
8115
8121
8123
8125
8128
8130
8127
8140
8138
8139
8160
8216
8170
8162
8171
8218
8172
8217
8223
8220
8224
8221
8225
8219
8229
8230
8222
8228
8231
8234
8238
8245
8241
8307
8244
8239
8240
8306
8313
8309
8310
8315
8308
8311
8316
8317
8318
8312
8319
8314
8320
8321
8323
8324
8322
8325
8327
8329
8335
8333
8330
8326
8331
8332
8337
8336
8328
8338
8342
8343
8349
8340
8339
8346
8348
8341
8344
8347
8351
8345
8350
8353
7747
8354
8355
8356
8352
8358
8359
8357
8361
8362
8363
8364
8365
8370
8371
8387
8360
8383
8382
8385
8377
8376
8388
8390
8386
8389
8392
8391
8393
8397
8394
8396
8401
8399
8398
8400
8395
8402
8403
8406
8408
8405
8404
8409
8410
8411
8412
8407
8413
8414
8415
8417
8418
8419
8420
8421
8422
8426
8425
8423
8427
8429
8428
8430
8432
8433
8424
8436
8431
8435
8437
8434
8441
8439
8442
8443
8440
8445
8438
8450
8451
8444
8453
8446
8449
8454
8447
8448
8452
8455
8456
8457
8459
8461
8463
8466
8467
8460
8464
8462
8465
8471
8472
8468
8474
8475
8470
8478
8479
8469
8483
8487
8485
8477
8484
8476
8480
8481
8489
8482
8492
8486
8488
8491
8497
8496
8493
8498
8494
8495
8502
8501
8507
8504
8508
8510
8499
8503
8500
8506
8512
8513
8509
8515
8518
8522
8511
8523
8514
8517
8525
8519
8521
8528
8530
8531
8520
8534
8526
8524
8527
8529
8532
8541
8535
8536
8537
8544
8545
8546
8547
8539
8538
8540
8542
8543
8550
8549
8551
8556
8555
8552
8557
8553
8564
8560
8554
8559
8563
8561
8566
8569
8558
8562
8570
8567
8568
8571
8577
8578
8579
8572
8573
8576
8574
8575
8584
8581
8583
8587
8590
8588
8585
8586
8595
8592
8594
8593
8598
8589
8600
8599
8596
8597
8601
8609
8604
8602
8025
8613
8603
8605
8607
8606
8608
8616
8610
8617
8615
8611
8621
8620
8618
8624
8625
8626
8627
8619
8629
8628
8631
8630
8622
8057
8638
8633
8648
8635
8639
8632
8634
8643
8641
8646
8642
8636
8637
8649
8644
8650
8647
8645
8652
8655
8651
8653
8654
8657
8658
8656
8659
8660
8661
8662
8663
8668
8670
8666
8665
8667
8673
8674
8676
8669
8671
8677
8679
8680
8675
8687
8689
8682
8684
8678
8685
8683
8681
8686
8690
8688
8691
8694
8698
8692
8699
8700
8693
8701
8695
8697
8702
8704
8705
8707
8710
8711
8713
8714
8712
8709
8703
8708
8706
8718
8719
8720
8715
8717
8716
8722
8721
8723
8724
8727
8726
8725
8730
8729
8728
8733
8734
8743
8731
8732
8737
8739
8745
8738
8741
8742
8735
8736
8740
8746
8748
8749
8750
8744
8752
8754
8753
8747
8757
8751
8758
8759
8761
8755
8760
8756
8763
8768
8762
8765
8764
8772
8769
8767
8766
8774
8777
8776
8773
8778
8780
8770
8771
8779
8782
8781
8786
8783
8784
8785
8787
8788
8790
8789
8798
8799
8801
8793
8794
8795
8800
8802
8803
8804
8796
8797
8805
8809
8810
8811
8814
8816
8815
8817
8806
8819
8808
8812
8813
8821
8822
8334
8829
8818
8820
8828
8831
8833
8827
8830
8825
8826
8839
8837
8832
8834
8842
8840
8843
8838
8835
8836
8841
8846
8850
8844
8851
8854
8845
8853
8855
8856
8857
8849
8852
8858
8859
8860
8861
8862
8863
8865
8867
8864
8866
8868
8869
8870
8872
8875
8876
8873
8874
8871
8881
8878
8882
8884
8877
8883
8887
8888
8891
8892
8895
8889
8890
8885
8886
8893
8894
8896
8897
8898
8899
8900
8901
8902
8903
8905
8907
8904
8909
8906
8911
8910
8913
8914
8908
8916
8920
8918
8921
8924
8915
8923
8919
8917
8929
8922
8925
8930
8931
8936
8937
8926
8932
8928
8938
8933
8934
8935
8940
8939
8942
8943
8941
8945
8948
8952
8956
8946
8947
8949
8954
8957
8950
8951
8958
8953
8960
8964
8955
8962
8963
8965
8970
8966
8973
8969
8975
8967
8974
8976
8971
8978
8972
8977
8979
8980
8983
8985
8984
8981
8982
8987
8988
8990
8991
8992
8994
8995
8986
8998
8989
8996
9002
8997
8999
9007
9001
9006
9009
9004
9013
9011
9003
9016
9005
9008
9017
9010
9012
9014
9021
9022
9020
9018
9025
9026
9029
9019
9023
9024
9027
9028
9030
9031
9032
9033
9034
9036
9038
9040
9035
9039
9044
9045
9037
9049
9046
9043
9050
9056
9041
9048
9042
9053
9051
9052
9055
9057
9054
9060
9064
9062
9061
9063
9065
9058
9059
9069
9068
9066
9067
9072
9074
9075
9076
9081
9070
9078
9080
9082
9071
9073
9083
9077
9084
9086
9087
9085
9089
9090
9092
9101
9100
9093
9088
9095
9091
9099
9094
9097
9104
9098
9103
9106
9108
9111
9113
9107
9109
9102
9112
9105
9110
9114
9115
9116
9121
9118
9122
9120
9117
9126
9125
9119
9123
9124
9131
9137
9127
9135
9129
9139
9134
9138
9133
9130
9143
9145
9140
9132
9136
9142
9146
9141
9144
9150
9151
9147
9149
9148
9155
9156
9153
9159
9154
9158
9157
9162
9161
9167
9169
9160
9164
9165
9163
9170
9168
9174
9172
9171
9166
9176
9177
9182
9173
9179
9181
9175
9186
9185
9178
9183
9180
9187
9189
9190
9191
9192
9188
9193
9194
9195
9197
9198
9199
9201
9196
9202
9204
9203
9205
9200
9208
9211
9207
9209
9206
9219
9221
9210
9218
9217
9214
9215
9222
9212
9213
9220
9227
9228
9224
9225
9223
9229
9226
9232
9236
9235
9230
9234
9239
9243
9241
9237
9249
9246
9244
9238
9240
9242
9251
9245
9256
9255
9252
9250
9254
9260
9261
9253
9262
9257
9266
9270
9258
9267
9269
9259
9264
9271
9273
9268
9274
9272
9278
9275
9282
9280
9286
9284
9276
9277
9285
9292
9281
9290
9283
9294
9293
9297
9288
9295
9291
9305
9302
9296
9309
9299
9306
9298
9300
9308
9310
9307
9301
9303
9317
9312
9311
9315
9313
9318
9314
9323
9324
9316
9327
9326
9328
9320
9322
9325
9332
9335
9329
9337
9330
9340
9339
9331
9341
9333
9342
9338
9334
9345
9344
9346
9348
9343
9350
9351
9352
9355
9354
9353
9347
9357
9349
9358
9356
9361
9363
9360
9359
9366
9362
9364
9365
9833
9834
9838
9831
9370
9369
9832
9835
9836
9848
9847
9837
9839
9842
9840
9849
9850
9851
9852
9843
9846
9845
9853
9855
9856
9854
9858
9861
9857
9863
9864
9865
9866
9867
9860
9859
9868
9862
9873
9869
9875
9876
9877
9871
9882
9879
9874
9883
9888
9878
9881
9886
9880
9889
9891
9892
9893
9890
9884
9885
9894
9897
9896
9899
9900
9901
9895
9898
9906
9907
9908
9909
9910
9903
9913
9905
9918
9917
9916
9922
9920
9911
9914
9912
9921
9925
9915
9927
9924
9923
9931
9932
9930
9929
9934
9938
9939
9933
9936
9937
9944
9935
9946
9942
9947
9940
9945
9941
9948
9949
9950
9953
9951
9955
9956
9952
9961
9962
9954
9965
9957
9964
9963
9959
9968
9966
9967
9970
9969
9971
9974
9015
9972
9973
9976
9979
9982
9980
9981
9983
9977
9978
9988
9994
9989
9984
9991
9996
9997
9986
9987
10002
9998
10005
10000
10011
10006
9999
10003
10001
10018
10009
10016
10020
10023
10028
10026
10019
10021
10029
10033
10035
10037
10030
10031
10042
10051
10043
10032
10034
10038
10050
10048
10041
10049
10062
10057
10060
10055
10054
10061
10069
10070
10072
10074
11068
10071
10067
10078
10073
10080
10075
10079
11073
11069
11074
11075
11072
11077
11082
11076
11080
11083
11086
11081
11100
11104
11098
11108
11107
11113
11114
11106
11105
11115
11109
11112
11118
11160
11175
11192
11222
11227
11219
11228
11250
11251
11254
11259
11260
11265
11267
11270
11271
11282
11284
11293
11294
11297
11299
11302
11303
11314
11316
11325
11326
11337
11342
11346
11345
11369
11374
11377
11378
11398
11393
11396
11395
11402
11401
11416
11422
11414
11430
11417
11423
11425
11433
11428
11434
11448
11449
11446
11462
11454
11455
11477
11494
11509
11529
11521
11530
11550
11545
11553
11562
11561
11582
11577
11586
11585
11597
11598
11614
11606
11601
11607
11617
11618
11629
11633
11630
11646
11650
11638
11639
11649
11670
11673
11676
11681
11218
11682
11702
11705
11708
11717
11720
11732
11729
11737
11749
11738
11752
11761
11764
11763
11769
11770
11805
11806
11807
1916
1918
1924
2345
2348
2349
2351
2354
2357
2369
2372
2373
2376
2377
2378
702
1921
2162
2163
2147
2304
2150
2308
2315
2337
2338
2324
2320
2323
2336
2328
2339
2350
2358
2359
2334
2331
2332
2329
2340
2330
2344
2335
2333
2352
2347
2355
2356
2360
2363
2366
2361
2362
2364
2370
2367
2365
2371
2391
2381
2387
2390
2389
2386
2394
2396
2399
2413
2410
2398
2419
2423
2418
2421
2426
2430
2431
2435
2422
2457
2458
2428
2434
2439
2440
2454
2453
2451
2443
2444
2455
1922
2459
2491
2483
2486
2485
4696
4704
4691
4698
4701
4692
4697
4695
4705
4710
4708
4709
4714
4711
4713
4718
4736
4717
4940
4941
4931
4945
4946
4950
4944
4947
4953
4954
4960
4959
4963
4966
4967
5304
5449
5466
5481
5479
5476
4962
4965
5498
5515
5518
5547
5550
5586
5584
5585
5596
5599
5618
5617
5616
5628
5631
5444
5447
5817
5830
5831
5834
5833
5844
5847
5850
5862
5853
5863
5865
5866
5879
5882
5876
5885
5919
5916
5948
5951
5964
5967
5970
5999
6002
5785
5996
7549
7576
7579
7608
7611
7629
7632
7661
7664
7807
7817
7810
7821
7823
7849
7811
7843
7842
7845
7923
7924
7878
7925
7853
7887
7919
7855
7922
7910
7846
7517
7914
7882
8080
8141
8149
8150
8112
8153
8154
8155
8173
8146
8181
8182
8185
8186
8187
8188
8142
8191
8143
8152
8197
8175
8178
8174
8193
8184
8189
8201
8202
8199
8192
8200
8196
8198
8203
8204
8205
8206
8207
8208
8209
8210
8211
8212
8213
8214
8215
11070
11071
11079
11084
11078
11093
11091
11090
11087
11088
11095
11097
11094
11092
11101
11096
11111
11116
11110
11099
11119
11120
11102
11159
11157
11103
11156
11158
11123
11161
11122
11168
11164
11166
11163
11167
11165
11170
11169
11162
11171
11179
11174
11178
11176
11181
11177
11172
11173
11183
11182
11180
11187
11185
11186
11189
11190
11188
11191
11184
11193
11195
11196
11198
11199
7863
11197
11201
11194
11204
11202
11205
11200
11203
11206
11207
11212
11209
11211
11213
11215
11208
11216
11220
11217
11210
11221
11214
11223
11226
11230
11225
11232
11233
11235
11231
11236
11224
11234
11229
11238
11237
11239
11241
11240
11242
11248
11245
11252
11244
11249
11246
11258
11255
11243
11247
11253
11261
11256
11257
11266
11264
11262
11263
11268
11272
11269
11276
11275
11274
11273
11279
11287
11281
11280
11278
11285
11291
11289
11288
11277
11283
11290
11286
11295
11296
11300
11298
11304
11301
11306
11305
11308
11310
11292
11309
11311
11307
11313
11315
11319
11320
11317
11321
11322
11318
11312
11329
11328
11323
11324
11331
11332
11327
11330
11333
11334
11335
11338
11339
11340
11341
11336
11343
11344
11348
11350
11352
11349
11354
11359
11355
11361
11353
11360
11347
11358
11365
11357
11366
11362
11372
11368
11356
11371
11370
11367
11376
11351
11379
11364
11385
11384
11383
11380
11386
11363
11375
11394
11381
11390
11382
11392
11400
11391
11388
11397
11407
11387
11389
11399
11403
11405
11411
11404
11410
11412
11408
11409
11406
11424
11445
11419
11431
11427
11420
11429
11418
11421
11437
11436
11432
11441
11426
11438
11435
11442
11443
11439
11447
11459
11444
11450
11466
11460
11458
11451
11452
11440
11479
11456
11453
11465
11464
11461
11463
11468
11470
11467
11457
11472
11471
11480
11475
11482
11476
11483
11478
11484
11485
11486
11487
11488
11511
11489
11491
11496
11498
11490
11497
11493
11492
11495
11502
11500
11503
11504
11499
11510
11507
11533
11535
11514
11512
11517
11518
11515
11519
11520
11522
11526
11508
11531
11523
11528
11524
11527
11532
11534
11516
11539
11538
11536
11540
11537
11541
11548
11543
11547
11542
11567
11565
11544
11546
11552
11551
11555
11556
11554
11558
11560
11559
11566
11563
11564
11568
11569
11571
11570
11573
11572
11574
11576
11575
11587
11578
11579
11580
11584
11583
11588
11590
11589
11593
11591
11592
11596
11594
11595
11600
11603
11599
11608
11604
11605
11602
11616
11609
11615
11610
11611
11619
11613
11612
11620
11623
11621
11622
11627
11624
11625
11631
11626
11634
11632
11636
11635
11628
11637
11640
11641
11644
11648
11642
11661
11663
11647
11643
11645
11651
11652
11656
11654
11655
11657
11413
11665
11666
11660
11667
11662
11668
11664
11671
11669
11672
11677
11688
11679
11678
11680
11693
11695
11683
11684
11675
11686
11687
11696
11415
11692
11689
11694
11697
11701
11703
11699
11700
11698
11704
11710
11706
11707
11711
11709
11733
11751
11730
11736
11740
11739
11743
11798
11768
11771
11762
11797
11765
11772
11799
11803
11802
11690
11691
11712
11713
11714
11715
11716
11718
11719
11721
11722
11731
11734
11728
11723
11724
11725
11726
11727
11719
13159
13160
3595
3596
3597
3598
3599
3600
3601
3602
3603
3614
3616
3617
3618
3620
3621
3622
3624
3626
3627
3628
3629
3630
3631
3632
3633
3634
3635
3636
3637
3639
3640
3641
3644
3646
3725
3912
3915
3931
3935
3944
3947
3963
3967
3968
3969
3970
3971
3972
3973
3974
3975
3976
3978
3980
3981
3988
3991
3997
3998
4000
4001
4002
4003
4004
4005
4006
4007
4008
4010
4012
4013
4020
4023
4029
4030
4048
4050
4080
4082
4174
4206
4233
4236
4246
4249
4252
4255
4265
4268
4278
4281
4284
4287
4291
4294
4700
4702
4703
4707
4716
4719
4722
4723
4724
4727
4728
4729
4730
4732
4733
4734
4735
4942
4943
4948
4956
4968
4969
4970
4971
4972
4973
4974
4975
4976
4977
4978
4979
4980
4982
4985
4988
4993
4996
5004
5019
5025
5028
5036
5051
5060
5068
5071
5076
5078
5079
5082
5086
5087
5092
5103
5108
5110
5111
5114
5118
5119
5122
5125
5154
5157
5204
5207
5236
5239
5258
3604
3605
5263
5266
10101
10104
5100
11653
11658
10105
11659
10108
5142
5143
5145
5148
5150
11674
10106
11685
10077
10107
11735
10097
10076
10092
10093
10094
5198
5199
5202
5203
5230
5231
5234
5235
10065
10064
10066
10114
10120
10116
10118
10130
10117
10112
10127
10110
10115
10128
10122
10126
10111
10141
10129
10142
10113
10109
10125
10132
10134
10135
10147
10145
10133
10137
10136
10124
10146
10149
10143
10138
10119
10151
10144
10131
10152
10139
10150
10157
10156
10148
10158
10159
10162
10154
10167
10161
10160
10164
10165
10163
10166
10168
10169
10171
10170
10173
10175
10176
10177
10174
10179
10178
10180
10185
10184
10183
10181
10182
10188
10186
10189
10187
10190
10191
10192
10196
10195
10197
10198
10201
10202
10200
10204
10205
10203
10199
10206
10208
10210
10211
10207
10215
10218
10209
10212
10213
10214
10220
10217
10224
10216
10223
10221
10222
10227
10228
10219
10231
10230
10232
10233
10234
10229
10236
10235
10239
10237
10238
10240
10244
10242
10245
10243
10247
10248
10249
10251
10246
10252
10253
10254
10250
10256
10262
10265
10259
10255
10261
10263
10260
10266
10267
10269
10268
10257
10264
10270
10271
10272
10276
10275
10281
10284
10280
10274
10279
10277
10278
10283
10282
10285
10287
10286
10291
10294
10293
10292
10289
10295
10297
10288
10296
10298
10299
10300
10301
10302
10307
10303
10305
10306
10304
10310
10308
10309
10313
10311
2136
2138
2142
10312
2168
2174
10366
10367
10364
10369
2177
2170
10365
10373
10370
10374
10371
10372
10375
10378
10385
10380
10379
10376
10386
10384
10381
10383
10387
10098
10396
10392
10390
10397
10393
10391
10388
10395
10399
10403
10402
10405
10404
10407
10412
10400
10411
10401
10406
10408
10410
11744
11745
11750
11753
11754
11746
11748
11756
11757
11758
11759
11767
11760
11766
11755
10096
10102
13158
13161
10103
10876
10316
10315
10875
10873
10878
10877
10879
10874
10885
10887
10882
10886
10881
10317
10883
10319
10888
10318
10891
10889
10895
10894
10890
10884
10892
10901
10896
10321
10893
10320
10902
10899
10322
10900
10905
10898
10907
10903
10323
10910
10906
10913
10915
10911
10917
10921
10920
10922
10914
10325
10324
10919
10925
10923
10924
10918
10916
10926
10326
10930
10928
10934
10927
10935
10931
10327
10937
10933
10932
10938
10328
10329
10939
10943
10947
10949
10945
10942
10951
10331
10330
10948
10952
10955
10099
10954
10957
10956
10333
10950
10965
10959
10334
10332
10967
10961
10963
10335
10972
10973
10962
10978
10969
10964
10971
10974
10977
10958
10975
10984
10968
10979
10986
10966
10990
10988
10982
10989
10337
10987
10336
10995
10983
10991
10339
10981
10970
10993
11001
10338
10999
11002
10340
10996
10994
10998
10980
11000
10997
10342
11003
11005
11014
11011
11017
10341
11010
11007
11004
10344
11015
11006
11021
11013
11008
11016
11025
11026
11020
11022
11023
11031
10345
11029
11027
10343
11046
11037
11028
11018
11019
11009
11012
11034
11035
10348
11038
10347
11048
11039
10349
11036
11041
11045
11024
11043
11049
11030
11044
11053
11047
11040
10350
11042
11050
11055
11051
11057
11052
11054
10351
11056
10352
11059
11058
11060
11062
10353
11066
11063
11067
10354
11061
10355
10356
10357
10358
10360
10361
11089
10359
10363
10362
11121
10368
10389
7844
7847
7841
7850
7856
7851
7857
7860
331
319
403
407
287
503
512
502
513
10944
10946
743
10976
746
744
745
518
530
521
544
545
768
538
7862
529
891
894
780
979
526
525
520
777
821
812
795
855
733
787
843
765
789
790
793
786
817
800
785
818
809
827
865
819
822
825
864
856
875
385
980
863
895
861
893
887
866
888
867
1878
1876
1877
1879
1881
1880
1882
976
1883
1012
1887
1008
1864
1862
1890
1858
1886
857
1889
859
1884
1896
862
1894
2008
2048
2050
2051
2054
2052
2040
2055
2049
2053
2379
2380
1617
1649
2500
2382
2392
2407
2385
2405
2384
2388
2408
2397
2409
2532
2041
2593
2044
3484
3516
6008
6007
2617
2119
6009
2120
3529
6010
6011
6012
3571
6013
6014
3520
3539
3552
3561
6096
6088
6094
6087
6083
6095
6098
6099
6102
6100
6104
6105
6101
6106
6093
6097
6080
6089
6115
6111
6103
6109
6113
6091
6092
6121
6117
6114
6116
6112
6119
6120
6123
6090
6133
6126
6127
6141
6125
6124
6135
6129
6122
6132
6128
6130
6131
6138
6107
6137
6134
6108
6153
6167
6173
6143
6168
6147
6136
6171
6169
3527
6174
6170
6150
3559
6175
6172
6158
6179
6182
6154
6149
6140
6201
6156
6139
6185
6145
6199
6166
6219
6226
6162
6218
6215
6181
6233
6232
6229
6163
6234
6195
6230
6235
6228
6236
6190
6186
6177
6188
6247
6194
6237
6220
6239
6198
6254
6250
6251
6221
6238
6262
6255
6231
6260
6258
6259
6264
6261
6279
6266
6269
6268
6272
6265
6110
6282
6284
6267
6270
6273
6271
6274
6252
6289
6286
6275
6118
6292
6283
6256
6276
6257
6285
6287
6295
6288
6291
6298
6253
6290
6293
6297
6294
6263
6299
6296
6280
6305
6303
6302
6301
6316
6311
6306
6308
6300
6278
6318
6307
6304
6315
6314
6281
6330
6317
6320
6277
6324
6309
6142
6327
6321
6326
6325
6336
6333
6329
6322
6323
6340
6334
6328
6332
6319
6155
6355
6331
6312
6335
6353
6341
6313
6368
6351
6310
6356
6360
6352
6343
6359
6344
6372
6349
6365
6357
6187
6338
6366
6364
6391
6337
6367
6346
6339
6354
6363
6375
6342
6373
6345
6384
6383
6385
6388
6387
6395
6376
6389
6347
6396
6392
6348
6350
6371
6361
6370
6362
6397
6369
6358
6398
6382
6390
6394
6378
6402
6380
6374
6386
6377
6409
6413
6381
6379
6412
6419
6425
6421
6393
6403
6410
6401
6404
6420
6406
6408
6411
6416
6423
6422
6428
6400
6482
6442
6415
6485
6436
6439
6418
6407
6488
6426
6432
6441
6417
6435
6491
6454
6399
6414
6448
6438
6455
6433
6457
6429
6451
6467
6447
6430
6444
6431
6445
6453
6440
6449
6504
6514
6517
6452
6470
6473
6446
6458
6466
6520
6460
6461
6443
6523
6475
6474
6450
6479
6499
6465
6463
6464
6468
6405
6478
6477
6476
6484
6496
6498
6494
6471
6487
6495
6486
6505
6503
6480
6462
6506
6481
6489
6502
6497
6490
6510
6493
6500
6511
6483
6508
6492
6530
6507
6513
6519
6529
6516
6424
6512
6531
6528
6526
6540
6543
6535
6521
6522
6538
6524
6537
6509
6518
6536
6539
6515
6534
6527
6533
6525
6427
6548
6550
6532
6542
6434
6549
6563
6546
6552
6545
6553
6437
6556
6559
6557
6609
6547
6561
6541
6544
6562
6554
6560
6555
6564
6622
6558
6570
6568
6566
6575
6577
6551
6565
6571
6632
6567
6456
6572
6574
6635
6459
6584
6569
6580
6641
6604
6586
6585
6587
6576
6469
6602
6579
6651
6590
6472
6582
6598
6578
6654
6656
6611
6606
6607
6659
6589
6573
6591
6608
6595
6581
6583
6612
6588
6672
6594
6605
6601
6596
6640
6623
6618
6616
6617
6593
6592
6682
6636
6620
6685
6634
6501
6688
6610
6643
6624
6691
6615
6630
6597
6599
6613
6637
6701
6621
6614
6704
6639
6638
6631
6629
6628
6649
6644
6648
6626
6676
6650
6642
6645
6717
6662
6633
6625
6721
6666
6627
6652
6660
6664
6661
6657
6647
6655
6646
6680
6679
6673
6693
6681
6667
6658
6683
6653
6670
6677
6686
6671
6689
6684
6692
6687
6678
6665
6668
6694
6753
6674
6696
6715
6663
6708
6716
6703
6697
6699
6718
6698
6749
6724
6712
6705
6675
6690
6695
6702
6711
6700
6706
6722
6710
6730
6719
6736
6725
6729
6782
6726
6720
6727
6707
6709
6732
6731
6743
6751
6739
6740
6741
6738
6781
6600
6713
6735
6603
6757
6748
6728
6747
6723
6773
6734
6755
6761
6756
6737
6733
6762
6742
6744
6619
6754
6745
6790
6768
6775
6752
6764
6771
6763
6746
6816
6796
6783
6779
6780
6794
6758
6759
6772
6760
6795
6787
6767
6776
6798
6765
6770
6802
6792
6791
6766
6805
6769
6804
6793
6808
6799
6797
6800
6814
6801
6807
6810
6777
6806
6786
6813
6803
6788
6785
6809
6774
6789
6815
6778
6819
6669
6825
6823
6832
6836
6829
6824
6822
6826
6827
6828
6833
6811
6831
6839
6834
6830
6841
6817
6838
6850
6846
6854
6840
6835
6818
6851
6837
6857
6842
6845
6847
6849
6861
6820
6858
6856
6872
6859
6853
6871
6852
6855
6860
6821
6864
6862
6863
6714
6877
6883
6843
6865
6878
6874
6875
6880
6876
6887
6868
6873
6881
6866
6891
6884
6889
6885
6895
6897
6888
6882
6907
6894
6890
6917
6904
6886
6900
6893
6896
6892
6919
6909
6905
6903
6914
6902
6750
6906
6937
6901
6910
6879
6913
6898
6908
6922
6915
6916
6929
6928
6912
6931
6930
6923
6934
6926
6938
6924
6948
6927
6925
6944
6951
6936
6941
6921
6935
6932
6933
6943
6945
6939
6940
6899
6949
6947
6946
6784
6911
6954
6955
6960
6957
6962
6918
6953
6979
6959
6950
6970
6958
6963
6956
6964
6961
6971
6975
6973
6966
6967
6968
6942
6976
6965
6969
6972
6981
6977
6986
6978
6980
6985
6999
7008
6974
6982
7004
6987
6989
6983
7011
6992
7023
6993
7005
6990
6996
6998
7002
7061
7003
6994
6991
7006
6984
7010
6988
6997
7013
7036
7000
7007
7029
7012
7019
7026
7009
7032
7028
7035
7014
7021
7015
7024
7022
7016
7018
7020
7042
7030
7017
7038
7025
7031
7044
7034
7055
7040
7049
7037
7064
7098
7059
6920
7043
7039
7056
7041
7046
7054
7066
7063
7062
7068
7060
7100
7065
7052
7050
6952
7057
7047
7053
7051
7177
7312
7209
7314
7313
7344
7345
7383
7299
7380
7331
7346
7381
7389
7382
7390
7412
7415
7419
7431
7414
7413
7045
7439
7444
7426
7420
7421
7430
7424
7048
7423
7425
7428
7432
7433
7435
7058
7422
7438
7434
7427
7436
7437
7429
7447
7454
7449
7452
7448
7446
7459
7453
7458
7460
7451
7471
7461
7470
7567
7464
7457
7456
7462
7483
7468
7467
7465
7466
7538
7463
7478
7469
7480
7479
7476
7594
7596
7536
7599
7488
7558
7485
7481
7486
7532
7555
7546
7556
7551
7544
7545
7560
7557
7484
7547
7563
7572
7548
7554
7573
7580
7570
7542
7583
7565
7569
7578
7586
7574
7568
7590
7575
7581
7582
7587
7600
7588
7589
7592
7613
7595
7620
7597
7602
7630
7619
7638
7601
7616
7604
7606
7605
7636
7621
7644
7617
7614
7607
7615
7610
7640
7631
7612
7635
7623
7627
7626
7622
7643
7625
7633
7624
7647
7634
7653
7648
7641
7637
7655
7639
7646
7540
7642
7543
7645
7649
7656
7652
7654
7651
7663
7657
7559
7562
7666
7658
7564
7665
7668
7674
7670
7667
7662
7680
7679
7673
7669
7659
7672
7671
7681
7678
7677
7676
7675
7591
8129
13168
13171
13167
13172
8161
13163
13165
13175
13180
13181
13184
13185
13178
13190
13202
13201
13200
13199
13216
13203
13217
13232
13233
13209
13231
13189
13212
13259
13234
13208
13222
13198
13264
13235
13197
13230
13267
13241
13210
13214
13229
13206
13242
13221
13244
13238
13240
13215
13246
13248
13254
13247
13250
13268
13272
13266
13269
13251
13261
13166
13262
13263
13260
13278
13296
13273
13173
13299
13277
13270
13177
13265
13179
13283
13275
13276
13271
13186
13187
13188
13191
13192
13274
13193
13194
13195
13196
13280
13279
13282
13204
13205
13207
13286
13211
13213
13218
13219
13220
13223
13224
13225
13226
13227
13228
13292
13298
13236
13237
13239
13293
13300
13243
13304
13294
13245
13310
13297
13302
13306
13249
13325
13317
13295
13303
13301
13312
13305
13252
13308
13253
13314
13307
13313
13255
13256
13257
13324
13309
13258
13319
13321
13369
13311
13372
13323
13318
13315
13327
13326
13320
13330
13322
13329
13316
13333
13336
13328
13332
13335
13338
13393
13342
13334
13339
13331
13341
13352
13350
13343
13358
13281
13362
13376
13346
13365
13348
13345
13344
13349
13375
13353
13284
13347
13354
13285
13371
13356
13355
13361
13359
13374
13351
13363
13425
13364
13287
13366
13288
13360
13367
13357
13373
13289
13290
13368
13370
13291
13382
13377
13380
13385
13389
13388
13392
13384
13383
13396
13378
13379
13386
13387
13398
13399
13397
13395
13401
13402
13420
13394
13412
13400
13418
13433
13408
13414
13409
13411
13417
13337
13442
13431
13416
13427
13426
13415
13429
13430
13421
13432
13424
13340
13443
13419
13434
13441
13444
13428
13446
13445
13455
13410
13454
13450
13448
13447
13451
13456
13461
13381
13457
13458
13462
13463
13460
13459
13478
13464
13465
13390
13476
13480
13479
13474
13487
13473
13475
13403
13404
13405
13477
13482
13483
13495
13406
13488
13407
13486
13492
13494
13413
13489
13422
13493
13491
13490
13496
13435
13436
13437
13438
13439
13440
13497
13449
13452
13453
13529
13530
13466
13467
13516
13468
13469
13470
13533
13532
13531
13471
13534
13472
13527
13525
13481
13528
13484
13485
13526
13535
13548
13498
13499
13500
13501
13502
13503
13504
13505
13506
13574
13507
13571
13508
13509
13577
13578
13573
13511
13512
13560
13557
13513
13558
13515
13575
13562
13566
13563
13567
13559
13561
13572
13564
13570
13568
13517
13581
13569
13565
13518
13519
13520
13521
13522
13523
13524
13579
13583
13587
13576
13582
13592
13584
13588
13536
13586
13590
13591
13589
13537
13538
13539
13540
13580
13594
13593
13541
13595
13543
13544
13603
13545
13547
13613
13605
13607
13598
13609
13599
13597
13606
13614
13622
13610
13602
13585
13611
13616
13600
13615
13621
13618
13549
13550
13623
13624
13551
13552
13620
13619
13625
13604
13630
13626
13601
13596
13617
13684
13553
13629
13631
13627
13638
13554
13689
13647
13692
13612
13608
13555
13556
13698
13632
13633
13628
13662
13634
13644
13661
13654
13670
13656
13659
13664
13655
13653
13665
13666
13668
13635
13663
13658
13679
13695
13697
13691
13693
13667
13694
13686
13676
13696
13685
13687
13699
13733
13688
13704
13702
13700
13708
13690
13703
13709
13707
13711
13705
13706
13641
13710
13716
13712
13714
13726
13720
13718
13717
13724
13713
13715
13723
13719
13721
13636
13637
13639
13640
13729
13642
13643
13727
13725
13731
13645
13673
13646
13648
13649
13650
13651
13728
13722
13652
13657
13737
13735
13660
13734
13732
13738
13740
13736
13739
13743
13669
13671
13672
13742
13674
13675
13677
13678
13747
13680
13681
13682
13741
13683
13744
13758
13745
13746
13753
13748
13752
13766
13750
13749
13751
13756
13818
13755
13764
13757
13754
13761
13759
13701
13768
13762
13780
13772
13767
13781
13782
13777
13774
13779
13765
13778
13771
13763
13760
13775
13769
13770
13773
13793
13776
13792
13800
13785
13789
13795
13806
13797
13794
13796
13791
13788
13809
13803
13790
13787
13730
13798
13799
13801
13802
13808
13805
13804
13807
13810
13813
13819
13811
13820
13814
13812
13822
13817
13826
13821
13830
13831
13832
13824
13823
13825
13843
13829
13835
13833
13828
13827
13855
13834
13844
13853
13847
13854
13859
13849
13850
13848
13852
13857
13860
13851
13862
13866
13856
13865
13864
13861
13858
13783
13867
13786
13888
13887
13863
13880
13886
13875
13881
13889
13884
13890
13885
13882
13876
13883
13879
13815
13907
13909
13836
13837
13838
13839
13840
13841
13842
13845
13846
13922
13920
13921
13919
13918
13868
13869
13870
13871
13872
13873
13874
13877
13878
13891
13892
13893
13894
13939
13895
13896
13941
13897
13951
13952
13898
13950
13904
13905
13953
13957
13906
13908
13961
13910
13958
13911
13912
13955
13913
13914
13969
13915
13954
13916
13917
14002
13966
13956
13971
13962
13959
13923
13967
13960
13963
13924
13925
13974
13926
13927
13964
14018
13973
13928
13972
14021
13976
14024
14013
13929
13930
14026
13965
13980
14032
13975
14034
13979
13936
13978
14037
13937
13977
13984
13985
13992
13982
13938
13983
13996
14016
13987
13991
14050
13989
13986
13940
13990
14053
13942
14056
14035
14058
13943
13944
13945
14029
14064
14030
13946
13947
13948
13949
13988
14066
13993
14069
14033
13994
14005
14038
14006
14079
13995
14001
14009
14036
13999
14004
14014
13998
14003
14008
14040
13997
14039
14011
14012
14044
14010
14007
14041
14065
14062
14042
14072
14104
14025
14048
14017
14043
14019
14061
14015
14028
14071
14023
14045
14027
14068
14070
14031
14067
14076
14094
14059
14046
14086
14051
14080
14092
14093
14084
14055
13968
14074
14087
14099
14081
14096
14088
13970
14100
14073
14089
14085
14078
14091
14075
14090
14082
14049
14083
14098
19
14103
96
14126
51
124
14063
14077
14097
14120
14060
14117
92
14108
14102
14112
393
14057
257
308
64
289
13981
14124
14118
14107
14125
14116
409
276
14123
14113
424
442
438
14130
435
446
390
389
437
428
14111
14110
396
14095
14121
436
439
429
445
447
430
421
397
392
425
444
14132
14131
422
14106
14122
14129
14101
398
14105
14128
14115
453
14109
14114
448
441
450
449
469
473
458
457
472
14127
464
459
456
463
470
483
466
471
484
475
476
460
478
477
479
462
485
14119
492
490
495
510
507
480
527
474
481
498
524
568
491
482
501
494
488
528
508
566
546
506
511
496
565
489
560
509
567
564
573
522
514
572
553
551
571
574
519
14000
558
523
531
532
570
557
556
552
550
555
543
559
554
561
563
562
583
581
575
576
587
598
577
605
579
578
584
588
580
582
613
606
585
586
592
590
595
603
596
589
604
597
593
626
599
609
607
602
600
591
594
608
601
610
612
653
619
614
611
632
625
621
628
617
618
659
622
615
620
623
627
624
616
661
658
656
654
655
644
629
657
636
638
637
639
663
660
631
635
662
633
668
630
640
645
647
667
634
648
642
646
649
641
652
650
643
678
651
674
664
677
666
672
675
680
669
679
673
676
682
701
681
792
828
824
797
831
829
799
670
796
962
983
1026
975
994
1023
986
985
999
984
1058
1007
1019
998
1017
991
987
1015
1027
1018
14047
1118
1157
1160
1117
1149
1159
1189
1190
1152
1059
1016
1191
1119
1150
1192
1184
1158
1151
1792
1802
1805
1793
1785
1781
1786
1783
1791
1787
1788
1789
1799
1790
1806
1810
1796
1809
1803
1821
1818
1824
1834
1800
1808
1797
1794
1814
1804
1801
1795
1807
1798
1812
1847
1816
1817
1830
1837
1853
1813
1825
1811
1832
1833
1840
1842
1831
1846
1835
1823
1838
1828
1844
1836
1839
1819
1850
1826
1856
1841
1843
1827
1845
1855
1829
1973
1917
1849
1888
1944
1851
2000
1848
2003
2010
2001
1951
1986
2002
1964
1972
1885
1932
1983
1940
2014
1941
2013
1985
1976
2015
2047
2011
2112
2017
2122
2018
2121
2045
2042
2124
2046
2043
2341
2209
2268
2353
2309
2402
2321
2342
2375
2300
2383
2403
2414
2343
2404
2425
2417
2368
2406
2400
2374
2420
2412
2424
2456
2401
2504
2513
2411
2393
2501
2429
2508
2416
2488
2415
2518
2545
2536
2432
2505
2546
2507
2533
2521
2514
2492
2522
2540
2539
2537
3580
3545
3585
3549
3546
3550
3543
3575
3579
3612
3548
3547
3610
3578
440
3581
3577
3609
443
3638
3588
3582
3607
3606
3590
3594
3611
3660
3608
3662
3655
3661
3656
3650
3649
3648
3659
3651
3653
3642
3643
3654
3652
3668
3669
3670
3664
3680
3663
3693
3665
3683
3676
3671
3675
3688
3672
3684
3679
3666
3674
3667
3681
3698
3682
3678
3691
3687
3697
3703
3673
3710
3692
3694
3677
3700
3686
3685
3695
3696
3709
3702
3699
3704
3707
3701
3732
3713
3733
3708
3705
3716
3714
3718
3719
3711
3715
3706
3757
3742
3726
3720
3741
3724
3748
3728
3765
3745
3758
3778
3752
3738
3774
3769
3743
3759
3770
3747
3735
3737
3746
3767
3739
3750
3776
3771
3791
3751
3760
3794
3764
3756
3785
3779
3780
3787
3773
3782
3788
3777
3806
3802
3789
3793
3803
3775
3784
3823
3781
3804
3798
3826
3800
3817
3825
3834
3808
3797
3830
3811
3843
3805
3812
3807
3809
3816
3814
3848
3820
3819
3813
3847
3821
3829
3836
3841
3838
3835
3839
3840
3845
3844
3832
3842
3837
3851
3863
3859
3875
3846
3860
3866
3856
3858
3870
3850
3855
3854
3853
3852
3849
3864
3857
3861
3867
3873
3869
3868
3883
3865
3876
3880
3862
3884
3885
3887
3872
3886
3879
3874
3877
3878
3871
3881
3892
3882
3893
3888
3894
3889
3896
3891
3890
3917
3898
3907
3897
3895
3900
3903
3924
3899
3906
3911
3901
3923
3905
3914
3902
3928
3904
3909
1782
1784
3918
3910
3920
3908
3925
3916
3919
3913
3941
3921
3922
3929
3926
3940
3927
3942
3933
1815
3936
3934
3930
3937
3951
3938
3950
3932
3943
3948
3939
3956
3946
3949
3954
3945
3966
3952
3977
3982
3962
3957
3994
3958
3961
3959
3987
3955
3993
3953
3960
3979
3989
3983
3964
4018
3965
3992
3985
3999
3990
3986
3984
3995
4014
4011
4009
4019
4040
4025
4017
4052
4015
3996
4032
4045
4016
4027
4033
4028
4041
4031
4026
4021
4024
4037
4039
4056
4036
4042
4055
4043
4046
4022
4038
4034
4035
4049
4051
4060
4044
4063
4065
4058
4047
4059
4093
4057
4066
4054
4062
4053
4069
4078
4073
4068
4081
4067
4083
4064
4098
4077
4091
4090
4086
4101
4072
4076
4075
4074
4071
4079
4084
4070
4089
4103
4087
4085
4092
4088
4120
4094
4100
4116
4099
4133
4130
4102
4096
4122
4104
4097
4119
4115
4129
4126
4110
4113
4105
4114
4111
4095
4109
4106
4107
4135
4112
4108
4121
4125
4134
4123
4124
4136
4118
4139
4152
4128
4149
4147
4145
4127
4141
4132
4140
4150
4153
4131
4138
4151
4163
4137
4161
4142
4157
4154
4146
4144
4143
4169
4155
4166
4170
4148
4162
4159
4167
4186
4180
4165
4168
4158
4164
4156
4173
4160
4175
4179
4198
4176
4171
3592
4178
4196
4191
4172
4181
4184
4177
4182
4215
4199
4183
4203
4185
4190
4213
4188
4216
4195
4205
4214
4192
4194
4189
4193
4202
4204
4197
4201
4209
4226
4208
4211
4200
4210
4207
4212
4221
4223
4220
4217
4218
4229
4225
4222
4227
4239
4224
4235
4259
4228
4258
4230
4244
4231
4238
4242
4232
4240
4243
4280
4263
4247
4250
4245
4257
4271
4254
4260
4248
4264
4262
4256
4261
4272
3727
4279
4267
4270
4286
4282
4288
4300
4277
4274
4276
4275
4301
4863
4857
4825
4302
4720
4731
4754
4699
4693
4725
4831
4964
4747
4779
4952
4955
4958
4949
4957
4929
4961
4992
4951
4987
4990
4989
4983
4997
4995
5007
4981
5000
4999
4984
5006
5003
5002
4991
5001
4998
5022
5008
3810
5005
5049
5011
5009
5029
5013
5012
5021
5010
5015
5048
5033
5042
5016
5014
5044
5020
5027
5018
5024
5017
5023
5032
5055
5037
5031
5030
5035
5062
5040
5039
5064
5052
5043
5034
5046
5041
5038
5054
5045
5050
5047
5059
5056
5057
5053
5080
5058
5065
5072
5073
5061
5063
5077
5083
5074
5097
5066
5069
5089
5096
5070
5075
5084
5094
5091
5090
5088
5133
5098
5093
5109
5115
5105
5112
5095
5102
5101
5106
5104
5107
5127
5128
5126
5137
5129
5131
5134
5116
5161
5132
5130
5166
5141
5136
5149
5138
5168
5153
5139
5164
5152
5165
5160
5140
5155
5158
5172
5159
5156
5169
5171
5170
5187
5162
5163
5173
5192
5181
5189
5191
5185
5211
5197
5219
5223
5190
5210
5186
5222
5188
5206
5208
5201
5240
5212
5209
5213
5215
5243
5218
5205
5221
5217
5220
5229
5214
5224
5238
5237
5241
5242
5233
5252
5244
5251
4061
5245
5253
5247
5248
5246
5254
5259
5257
5260
5268
5279
5269
5270
5261
5264
5262
5265
5275
5267
5273
5274
5271
5276
5277
5280
5284
5278
4117
5283
5285
5286
5291
5289
5292
5294
5290
5306
5307
5297
5302
5309
5299
5303
5305
5320
5293
5314
5301
5296
5324
5313
5323
5308
5300
5310
5326
5316
5328
5312
5317
5322
5319
5311
5330
5337
5315
5325
5327
5321
5338
5333
5332
5329
5340
5334
5341
5346
5348
5356
5355
5342
5339
5336
5343
5331
5345
5357
5344
5359
5347
5335
5349
5352
5366
5353
5360
5364
5351
5354
5361
5370
5358
5362
5365
5363
5369
5367
5372
5368
5376
5396
5399
5378
5371
5385
5373
5375
5380
5398
5377
5374
5394
5381
5384
5383
5382
5387
5386
5379
5397
5392
5390
5420
5389
5393
5405
5400
5395
5403
5409
5406
5401
5408
5423
5407
5404
5424
5410
5431
5434
5419
5421
5430
5425
5416
5411
5414
5415
5417
5412
5428
5413
5418
5426
5427
5432
5440
5429
5422
5433
5436
5437
5441
5443
5442
5435
5439
5438
5446
5458
5453
5457
5469
5461
5452
5445
5450
5451
5448
5464
5459
5471
5456
5454
5455
5463
5480
5465
5468
5462
5467
5460
5482
5472
5488
5473
5470
5483
5486
5474
5475
5477
5489
5478
5485
5491
5484
5499
5501
5492
5487
5144
5146
5490
5496
5493
5494
5500
5147
5151
5502
5495
5503
5504
5497
5508
5507
5509
5174
5511
5505
5510
5175
5176
5506
5177
5178
5179
5180
5512
5182
5513
5526
5183
5516
5524
5184
5517
5531
5520
5514
5519
5523
5193
5194
5195
5528
5521
5522
5196
5525
5527
5529
5532
5554
5530
5534
5533
5216
5539
5540
5536
5562
5538
5543
5225
5541
5537
5535
5226
5548
5227
5545
5228
5546
5563
5542
5559
5544
5549
5560
5551
5571
5552
5561
5556
5565
5567
5553
5568
5576
5558
5582
5555
5566
5564
5575
5574
5572
5573
5578
5581
5557
5570
5569
5588
5583
5580
5590
5577
5579
5587
5598
5592
5589
5591
5597
5600
5609
5622
5594
5611
5593
5607
5605
5602
5604
5595
5624
5606
5619
5601
5627
5615
5608
5623
5603
5621
5642
5610
5614
5620
5657
5613
5626
5612
5639
5651
5645
5634
5629
5630
5637
5632
5647
5641
5625
5633
5636
5649
5640
5644
5648
5643
5658
5635
5653
5650
5638
5652
5655
5660
5659
5295
5673
5665
5663
5656
5672
5662
5298
5666
5664
5680
5654
5667
5661
5683
5676
5677
5671
5696
5688
5689
5674
5690
5679
5668
5681
5670
5700
5693
5669
5694
5682
5675
5687
5719
5697
5691
5706
5692
5708
5695
5699
5715
5698
5720
5702
5684
5685
5686
5701
5712
5704
5707
5736
5714
5716
5705
5723
5717
5730
5718
5721
5722
5731
5746
5732
5725
5751
5728
5733
5729
5724
5727
5755
5726
5737
5738
5753
5759
5739
5734
5740
5782
5744
5749
5742
5754
5748
5790
5747
5757
5761
5750
5791
5792
5752
5789
5793
5760
5762
5779
5813
5780
5811
5783
5758
5756
5784
5788
5787
5794
5781
5786
5795
5822
5815
5812
5820
5388
5816
5828
5814
5810
5391
5819
5851
5826
5837
5849
5823
5832
5825
5821
5824
5827
5818
5845
5867
5841
5857
5846
5402
5836
5852
5835
5839
5840
5855
5873
5848
5856
5838
5883
5864
5842
5874
5854
5858
5859
5868
5871
5860
5870
5877
5884
5872
5869
5886
5903
5878
5890
5898
5880
5888
5881
5887
5904
5908
5911
5895
5889
5893
5924
5905
5894
5909
5896
5913
5900
5901
5897
5892
5891
5899
5930
5907
5902
5910
5906
5921
5917
5927
5912
5925
5922
5915
5920
5926
5923
5937
5914
5918
5928
5939
5936
5943
5938
5931
5929
5935
5932
5934
5933
5940
5965
5944
5945
5980
5946
5959
5941
5953
5949
5969
5942
5963
5947
5952
5975
5950
5954
5955
5957
5962
5961
5956
5960
5974
5983
5972
5958
5973
5979
5971
5966
5968
5981
5994
5977
5998
5976
5985
5978
5986
5984
5987
5991
5982
5992
5990
5993
5995
5988
6030
6000
5989
6001
5997
6004
6039
6032
6029
6006
6003
6005
6033
6063
6043
6064
6031
6061
6040
6044
7027
6068
7033
6036
6062
6072
6065
6071
6075
6076
7001
7197
7219
7189
6995
7223
7229
7191
7221
7187
7441
7440
7418
7487
7445
7443
7386
7455
7492
7450
7508
7504
7477
7474
7472
7473
7503
7442
7495
7499
7475
7491
7497
7482
7515
7498
7521
7510
7524
7502
7577
7523
7530
7533
7566
7520
7519
7537
7526
7534
7494
7493
7550
7489
7512
7525
7571
7500
7501
7541
7539
7585
7490
7496
7561
7553
7603
7509
7516
7593
7505
7506
7552
7529
7584
7535
7598
7507
7522
7514
7618
7518
7531
7609
7513
7528
7527
7650
7774
7915
8008
8040
5710
5713
8067
8099
8070
8098
8084
8103
8094
8106
8073
8102
5745
8074
8066
8071
8135
8148
8134
8105
8137
8126
8116
8144
8158
8163
8132
8131
8133
8235
8169
8157
8242
8136
8147
8145
8168
8166
8156
8179
8165
8236
8159
8167
8253
8180
8233
8227
8164
8195
8177
8176
8246
8190
8237
8251
8232
8257
8243
8250
8247
8252
8249
8267
8263
8256
8264
8255
8275
8266
8261
8273
8260
8259
8262
8254
8282
8268
8270
8291
8258
8269
8272
8276
8265
8281
8271
8285
8279
8286
8288
8274
8293
8280
8277
8304
8290
8295
8301
8283
8287
8297
8294
8289
8299
8296
8298
8284
8300
8292
8303
8302
8791
10052
8847
8823
8879
10053
10056
10100
10068
10088
10063
10225
10095
10089
10193
10394
10398
10382
10908
10409
10904
10909
10936
10940
10960
10941
10992
11825
11826
11830
11473
11838
11839
11840
11841
11469
11474
11800
11818
11813
11821
11801
11481
11525
11843
11804
11822
11501
11557
11828
11505
11506
11513
11829
11827
11831
11850
11852
11833
11824
11832
11855
11835
11859
11860
11861
11837
11834
11747
11864
11836
11845
11848
11869
11842
11849
11846
11871
11872
11873
11875
11851
11844
11882
11884
11853
11887
11854
11857
11858
11891
11863
11862
11892
11893
11896
11847
11866
11867
11868
11901
11880
11881
11874
11877
11865
11878
11905
11883
11885
11906
11889
11907
11908
11909
11910
11886
11894
11890
11899
11900
11898
11879
11876
11895
11856
11897
11904
11912
11888
11915
11918
11921
11914
11911
11937
11925
11913
11916
11924
11923
11938
11939
11940
11941
11922
11919
11920
11942
11926
11933
11935
11934
11944
11936
11955
11946
11948
11956
11958
11957
11951
11950
11947
11945
11943
11953
11954
11974
11977
11984
11952
11986
11965
11967
11966
11969
11970
11972
11979
11968
11973
11983
11976
11985
11975
11978
11971
11981
12006
11980
11982
11987
11993
11996
11991
11994
11992
11989
12009
11997
11990
11988
11995
11999
11998
12000
12016
12018
12002
12005
12007
12004
12008
12001
12015
12014
12013
12012
12003
12017
12011
12010
12025
12023
12021
12030
12024
12026
12020
12027
7232
7264
12019
12022
12029
12039
12031
12037
12040
12036
12034
12041
12038
12032
12033
12035
12028
12043
12044
12042
12051
12050
12053
12047
12055
12048
12045
12049
12046
12054
12052
12058
12056
12063
12061
12060
12057
12059
12062
12064
12066
12070
12072
12068
12071
12067
12074
12078
12073
12065
12069
12076
12079
7511
12077
12081
12085
12083
12082
12086
12080
12084
12075
12087
12089
12090
12088
12091
12094
12093
12095
12092
12103
12102
12104
12110
12109
12107
12106
12108
12105
12096
12098
12099
12101
12097
12111
12114
12100
12118
12117
12121
12115
12113
12122
12120
12136
12142
12140
12126
12116
12139
12134
12119
12135
12127
12138
12112
12123
12146
12149
12130
12125
12141
12137
12124
12133
12143
12147
12131
12153
12129
12132
12128
12150
12164
12174
12161
12154
12170
12157
12151
12171
12159
12145
12148
12160
12165
12178
12162
12179
12175
12163
12172
12177
12144
12167
12173
12189
12182
12176
12168
12155
12152
12158
12188
12156
12181
12197
12194
12185
12169
12186
12180
12196
12192
12190
12191
12166
12195
12206
12204
12187
12202
12193
12203
12198
12183
12184
12207
12210
12201
12213
12221
12205
12223
12209
12208
12200
12222
12212
12211
12214
12217
12220
12215
12199
12218
7883
12216
12219
12230
12237
12229
12224
12226
12234
12225
12242
12228
12232
12227
12233
12236
12231
12238
12245
12235
12249
12263
12240
12241
8248
12239
12246
12251
12257
12248
12255
12253
12250
12252
12247
12261
12256
12254
12265
12270
12258
12260
12274
12259
12273
12262
12277
12272
12268
12264
12269
12290
12283
12271
12296
12267
12266
12278
12279
12286
12291
12284
12298
12280
12287
12282
12285
12289
12281
12292
12313
12288
12293
12304
12294
12301
12327
12297
12300
12295
12306
12305
12312
12302
12299
12303
12316
12308
12307
12323
12310
12314
12337
12333
12309
12320
12311
12319
12317
12321
12336
12330
12322
12338
12326
12344
12325
12339
12345
12329
12324
12334
12341
12350
12340
12328
12331
12335
12368
12332
12342
12348
12349
12366
12352
12343
12358
12367
12383
12370
12346
12371
12359
12365
12357
12361
12354
12380
12356
12351
12363
12372
12355
12362
12360
12378
12364
12393
12373
12381
12394
12382
12375
12374
12376
12377
12386
12387
12369
12396
12379
12392
12395
12390
12384
12423
12389
12388
12391
12398
12404
11903
12399
12397
12405
12401
12426
12422
11917
12411
12403
12409
12406
11927
11928
11929
11930
11931
12414
12407
12402
12419
12421
12412
12416
12413
12434
12437
12418
11949
12445
12410
12455
12408
12425
11959
12428
12415
12433
12424
12420
12435
12431
11960
11961
11962
11963
12430
12438
12427
12417
12458
12429
12443
12440
12432
12441
12436
12444
12442
12447
12446
12461
12439
12449
12477
12450
12452
12465
12457
12467
12463
12448
12488
12451
12453
12494
12468
12460
12454
12469
12456
12462
12471
12497
12459
12473
12466
12464
12480
12481
12474
12482
12478
12470
12479
12472
12499
12484
12476
12475
12486
12502
12506
12526
12514
12498
12490
12507
12495
12485
12483
12493
12487
12489
12505
12503
12491
12500
12492
12512
12496
12516
12504
12518
12517
12508
12510
12532
12501
12538
12513
12531
12535
12529
12530
12544
12546
12537
12527
12509
12525
12528
12541
12547
12524
12545
12543
12551
12552
12511
12536
12521
12539
12515
12540
12533
12534
12549
12523
12550
12522
12542
12553
12560
12555
12556
12573
12519
12554
12563
12592
12562
12568
12559
12570
12580
12575
12569
12584
12548
12574
12594
12589
12572
12557
12564
12586
12576
12571
12590
12565
12566
12561
12567
12605
12579
12558
12578
12596
12599
12615
12606
12582
12593
12581
12577
12611
12604
12591
12612
12588
12583
12595
12613
12617
12620
12600
12621
12597
12610
12602
12625
12618
12616
12585
12622
12619
12587
12598
12603
12609
12614
12601
12607
12646
12627
12632
12623
12608
12630
12629
12648
12652
12651
12644
12624
12650
12647
12643
12645
12631
12635
12637
12628
12626
12634
12649
12641
12633
12638
12636
12640
12653
12667
12689
12639
12668
12642
12669
12690
12672
12682
12658
12656
12678
12664
12663
12693
12655
12659
12654
12676
12657
12660
12661
12677
12694
12662
12670
12666
12674
12681
12683
12687
12680
12697
12688
12665
12673
12698
12691
12671
12675
12714
12700
12721
12703
12686
12725
12679
12684
12708
12722
12717
12692
12705
12695
12707
12696
12701
12699
12702
12704
12713
12724
12706
12741
12732
12711
12709
12710
12740
12820
12716
12745
12739
12712
12742
12806
12746
12809
12807
12719
12723
12728
12726
12715
12720
12727
12718
12816
12731
12734
12730
12736
12811
12817
12818
12822
12814
12819
12827
12729
12810
12825
12823
12735
12821
12836
12832
12738
12828
12733
12824
12835
12833
12837
12812
12737
12842
12815
12846
12813
12808
12834
12841
12838
12829
12831
12849
12826
12852
12851
12859
12850
12854
12857
12839
12830
12855
12843
12840
12860
12844
12847
12853
12845
12858
12865
12864
12880
12862
12863
12879
12861
12856
12315
12867
12872
12866
12878
12869
12868
12881
12870
12318
12873
12871
12911
12875
12910
12886
12882
12874
12889
12912
12896
12877
12876
12888
12884
12920
12893
12929
12890
12887
12883
12885
12899
12904
12891
12934
12895
12913
12892
12907
12347
12903
12894
12923
12906
12897
12914
12898
12909
12916
12900
12944
12905
12901
12908
12939
12902
12918
12932
12917
12921
12915
12961
12922
12924
12927
12931
12936
12919
12926
12930
12928
12938
12925
12937
12935
12941
12933
12949
12966
12951
12940
12953
12943
12948
12957
12950
12942
12945
12969
12955
12947
12959
12972
12956
12946
12952
12962
12974
12975
12954
12400
12960
12958
12967
12979
12973
12984
12981
12964
12977
12980
13003
12965
12993
12982
12963
12970
13005
12971
12968
12986
12978
12995
13000
12985
12987
12983
12988
13010
13001
12991
12992
12990
12989
12994
12998
12996
12999
13009
12997
13021
13015
13008
13002
13022
13020
13006
13004
13036
13017
13007
13011
13012
13016
13019
13034
13025
13013
13033
13014
13049
13018
13035
13023
13032
13028
13024
13051
13052
13044
13027
13030
13059
13026
13063
13029
13070
13038
13031
13053
13061
13040
13039
13043
13072
13069
13037
13054
13041
13068
13045
13067
13042
13050
13047
13046
13057
13055
13056
13048
13058
13073
13078
13064
13065
13082
13066
13084
13101
13060
13085
13076
13083
13075
13081
13086
13074
13071
13077
13062
13099
13080
13079
13089
13088
13090
13123
13104
13095
13102
13097
13093
13128
13091
13103
13130
13111
13092
13131
13094
13087
13105
12520
13107
13100
13098
13096
13116
13106
13150
13117
13140
13145
13122
13110
13114
13125
13115
13124
13113
13149
13120
13133
13155
12685
12848
12976
13108
13109
13112
13118
13119
13121
13127
13129
13132
13134
13135
13136
13137
13138
13139
13141
13142
13143
13144
13146
13147
13148
13151
13152
13153
13154
13103
13105
13106
13107
13108
13109
13110
13112
13113
13114
13115
13116
13117
13118
13119
1056
1173
1175
1179
4219
4187
10121
10153
2612
3542
2602
11902
11812
