627
644
1588
1589
1619
1651
1727
1731
1750
1751
1753
1754
1763
1769
1770
1771
1772
1773
1776
1779
1782
2441
2442
2445
2446
2447
2450
2451
2456
2477
2478
2479
2482
2483
2488
2494
2495
2496
2497
2499
2500
2502
2503
2504
2505
2506
2507
2508
2509
2510
14554
3880
8818
14553
12070
12073
12076
12077
12078
12079
12080
12081
12083
3946
3947
3948
3949
3950
3951
3953
3954
14229
14230
14232
14186
13708
13709
13711
13727
13728
13729
13732
13733
13734
13735
13736
13737
13739
13740
13741
13743
13744
13745
13746
13748
13749
13750
13751
13752
13755
13756
13759
13760
13762
13763
13766
13770
13772
13774
13778
13779
13780
13781
13782
13783
13784
13785
13786
13787
13788
13791
13792
13794
13795
13798
13802
13804
13806
8805
8808
8811
8812
8813
8814
8815
8816
628
643
13810
13811
13812
13813
13814
13815
13816
13817
13818
13819
13820
13823
13825
13827
13838
13840
13841
13842
13847
13848
13849
13851
13852
13853
13854
13855
13857
13859
13862
13870
13872
13873
13874
13875
13877
13880
14223
14224
13879
13881
13883
13884
14227
14228
13885
13886
13887
13896
13897
13899
13900
14184
14187
14188
14214
14215
14245
14246
14218
13902
13903
13904
13905
13906
13907
13908
13909
13910
13912
13913
13914
13764
13765
13767
13915
13916
13917
13918
13919
13768
13769
13775
13776
13790
13796
13797
13799
13800
13801
13928
13929
13931
13932
13934
13935
13936
13937
13938
13939
13940
13941
13942
13944
13946
13947
13948
13949
13950
13951
13953
13954
13955
13956
13957
13958
13959
13960
13963
13964
13966
13968
13969
13970
13972
13973
13974
13975
13977
13807
13808
13978
13979
13980
13981
13982
13983
13985
13986
13987
13988
13989
13990
13991
13992
13998
14000
14001
14002
14004
14005
14006
14007
14009
14010
14011
14012
14013
14014
14015
14016
14017
13822
13824
13836
14040
14041
14043
14044
14045
14048
14049
14189
14244
14192
14236
14237
14238
14147
14154
14157
14160
14161
14212
5978
5982
5984
5985
5986
5987
5988
5990
5991
5992
5993
5994
5995
5996
5997
5998
5999
6000
6001
6002
6003
6004
6005
6006
6007
6008
6009
6010
6014
6016
6017
6018
6019
6020
6023
6024
6025
6026
6027
6028
6029
13856
6032
6034
6035
6036
6037
6040
6042
6048
13868
6049
6050
6051
6052
6055
6056
6057
6058
6059
6060
6061
6064
6066
6067
6068
6069
6072
6074
6081
6084
6086
6085
6088
6089
6090
6091
6092
6093
6094
6095
6096
6097
6100
6104
6101
6105
6106
6108
6109
6110
6113
6116
6118
6120
6121
6122
6123
6124
6125
6126
6127
6128
6117
6129
6132
6136
6137
6138
6133
6140
6141
6142
6145
6151
6150
6167
6177
6180
6183
6182
13945
14413
14414
14415
14416
14191
14152
14155
14426
14156
14159
14427
14213
14429
14445
14446
14447
14448
14449
14453
6082
6083
14458
6098
6099
6111
6114
6115
14459
6130
6131
14461
6274
6275
6276
6277
6279
6280
6281
6284
6282
6286
6143
6144
6146
6147
6148
6149
6153
6154
6155
6288
6289
6290
6291
6157
6158
6159
6160
6162
6163
6164
6165
6166
6169
6170
6171
6173
6174
6175
6176
6178
6179
6181
6185
6186
6187
6298
6189
6190
6191
6192
14256
14259
14260
6299
6300
6304
14418
6306
6307
6308
6309
6311
6312
14419
14420
14250
14247
14504
14507
14430
6350
6351
6352
6353
6354
6357
6358
6360
6361
6364
6367
6368
6369
6370
6373
6374
6375
6376
6377
14450
14565
14572
14573
14574
14575
14576
14577
14578
14451
14452
14585
14586
14300
14301
14303
6466
6469
6472
6474
6475
6476
6477
6478
6479
6480
6482
14462
6483
6484
6488
6489
6287
14417
14421
15409
15410
14464
14472
14475
14496
14533
14500
14502
14506
14508
14509
14510
14511
14512
14513
14515
14540
14519
14522
14524
14541
14542
14544
14543
14545
14546
14526
14527
6362
6363
6365
6372
6378
6379
6381
7660
7682
7684
7685
7686
7687
7690
7691
7692
7693
7694
7696
7697
7699
7700
7701
7702
7705
7706
7709
7710
7714
7716
7717
7718
7719
7722
7723
7724
7725
7726
7728
7729
7731
7732
7733
7734
7737
7738
7741
7742
7743
7744
7745
7746
7747
7749
7751
7752
7753
7755
7756
7757
7758
7760
7761
7762
7776
7777
7778
7779
7781
7783
7784
7785
7787
7788
7789
7790
7792
7793
7794
14255
7808
7810
7811
7812
7813
7816
7817
7832
7839
7840
7842
7843
7844
7845
7848
14468
14470
14474
7849
14476
14477
14478
14479
14480
14481
7929
7930
7931
7932
7933
7934
7935
7936
7937
7938
7939
7940
7941
7950
7951
7952
7953
7954
7955
7957
7958
7959
7960
7961
7963
7964
7965
7966
14483
14487
7967
7968
7969
7970
7971
7972
7973
7982
7983
7984
7985
7986
7987
7989
7990
7991
14490
14492
7992
7993
14494
14495
7995
7996
7997
7998
7999
8000
8009
8020
8022
8025
8028
8029
7711
2501
13726
13758
13771
13773
13777
13803
13805
13809
13828
13830
13860
13911
13943
6022
6039
6045
6046
6054
6071
6077
6078
6080
6112
7834
7841
9778
9779
9780
9781
9782
9783
9784
9785
9786
9787
9788
9789
9790
8803
8804
8806
8807
8809
8810
8839
8840
8841
8842
8845
8847
8848
8849
8850
8851
8852
8853
8854
8855
8856
8858
8859
8860
8861
8862
8863
8864
8865
8866
8867
8868
8871
8872
8873
8874
8877
8879
8880
8881
8882
8883
8884
8885
8886
8887
8888
8889
8890
8891
8892
8893
8894
8895
8896
8898
8901
8928
8930
8933
8935
8936
8937
8938
8939
8940
8941
8943
9227
9243
9245
9259
9275
9277
9280
9281
9282
9283
9285
9286
9287
9291
9292
9293
9294
9296
9297
9300
9301
10139
11629
10141
11634
10142
11639
9410
9411
9418
9439
9440
9442
9443
9450
9471
7809
9538
9554
9555
9557
9558
9559
9565
9566
9570
9597
9598
9631
9633
9634
9637
9667
9669
9670
9671
9672
9673
9675
9676
9677
9678
9679
9680
9681
9682
9683
9684
9685
9686
9687
9688
9690
10070
10069
8843
8844
10071
10072
9722
8875
8876
9728
9729
9730
9731
9732
9733
9734
9735
9736
9737
9738
9739
9740
9741
9742
9743
9744
9745
9746
9747
9748
9749
9750
9751
9752
9753
9754
9755
9756
9757
9758
9759
9760
9761
9763
9764
9765
9766
9767
9768
9769
9770
9771
9772
9773
9774
9775
9776
9777
9432
9464
9994
9995
9996
9997
9999
9539
9561
9562
9563
9567
9571
9593
9594
9595
9599
10134
10135
9720
10159
10161
10166
10167
10171
10173
10174
10175
10177
10178
10179
10180
10182
10183
10185
10207
10209
10210
10211
10212
10214
10215
10216
10217
10242
10243
10244
10245
10248
10249
10184
10311
10312
10313
10314
10315
10316
10317
10318
10319
10320
10321
10322
10323
10324
10325
10326
10327
10328
10329
10330
10331
10332
10333
10335
10336
10337
10338
10339
10341
10342
10343
10344
10345
10346
10347
10348
10349
10350
10351
10352
10353
10354
10355
10356
10357
10358
10359
10360
10361
10362
10363
10364
10365
10367
10368
10369
10371
10372
10373
10374
10375
10378
10379
10380
10381
10382
10383
10384
10385
10386
10387
10388
10389
10390
10391
10392
10393
10394
10395
10396
10397
10398
10399
10400
10401
10403
10404
10405
10406
10407
10410
10411
10412
10413
10414
10415
10416
10417
10418
10419
10420
10421
10422
10423
10564
10565
10566
10567
10568
10569
10570
10571
10572
10573
10574
10575
10576
10577
10578
10579
10581
10589
10590
10591
10592
10594
10595
10596
10597
10598
10599
10600
10601
10602
10603
10604
10605
10606
10607
10608
10609
10610
10611
10612
10613
1864
1865
1868
1869
2498
10794
10795
10796
10797
10798
10800
10801
10802
10805
10808
10810
10811
10812
11035
11036
11037
1896
1897
11038
11040
11116
11117
11120
11129
11132
11133
11134
11135
11137
11138
11139
11140
11141
1941
1942
1945
1946
11224
11225
11256
11257
11274
11275
11276
11277
11278
11281
11282
11288
11289
10334
11306
10366
11307
11308
11309
11310
11313
11314
11477
11530
11532
11533
11534
11535
11536
11537
11538
11539
11540
11541
11542
11543
11544
11545
11546
11547
11548
11549
11550
11551
11552
11553
11554
10425
11556
11558
11562
11564
11565
11566
11567
11568
11569
11570
11571
11572
11573
11574
11575
11576
11577
11578
11579
11580
11581
11582
11583
11587
11588
11589
11590
11591
11592
8817
11593
11594
10580
11595
11596
11597
11598
11599
8819
11601
11602
11603
11604
8820
11605
11606
11607
11608
8821
11609
11610
11611
8822
11613
8823
11619
11620
8824
11621
11622
11623
11624
11625
11626
11627
11628
11630
11631
11633
11635
11636
11637
11638
11640
11641
11642
11643
8832
8833
8834
8835
8836
11862
11863
11866
11867
11868
11869
11870
11871
11892
11894
11895
11115
11118
11119
11898
11899
11900
11901
11902
11122
11123
11124
11903
11905
11920
11921
11922
11923
11924
11126
11127
11128
11131
11925
11187
11942
11943
11944
11946
11947
11948
11950
11951
11952
11953
11954
11955
11956
11957
11960
11961
11962
11963
11964
11966
11967
11968
11970
11971
11972
11973
11975
11979
12000
12002
12003
12004
12005
12007
12011
12041
12044
12045
12046
12047
12048
12049
12051
3935
3952
3955
3956
3957
3958
3959
3960
3961
3963
3964
3965
3967
3968
3969
3970
3972
3981
3984
3983
3979
3989
3988
3990
3991
3992
3993
3994
3974
3976
3986
3985
3987
3997
3998
3999
4000
4001
4002
4004
4013
4011
4016
4022
4023
4024
4025
4026
4015
4017
4018
4020
4029
4021
4006
4030
4031
4032
4019
4036
4038
4039
4040
4008
4042
4046
4052
4048
4055
4058
4064
4050
4068
4070
4071
4072
4074
4078
4080
4084
4377
4378
4379
4380
4381
4382
4383
4384
4385
4386
4082
4388
4390
4391
4392
4393
4394
4395
4402
4403
4404
4405
4406
4407
4408
4409
4410
4411
4412
4413
4414
4415
4416
4417
4419
4420
4421
4422
4423
11926
11927
4434
4435
4436
4437
4440
4441
4442
4443
11958
11959
4445
4448
4449
4451
4452
4453
4454
4455
4466
4467
4468
4469
4472
4473
4474
4475
4477
4487
4488
4490
4491
4492
4494
4495
4496
4498
4500
4499
12038
4503
4504
4505
4508
4510
4519
4520
4522
4523
4524
4526
4527
4528
4530
4531
4532
4535
4536
4537
4540
4542
3973
3975
3978
4544
4551
4005
4007
4010
4556
4558
4570
4571
4572
4573
4575
4576
4049
4051
4583
4054
4588
4631
4632
4081
4083
4086
4731
4750
4424
4425
4426
4756
4765
4767
4427
4444
4782
4456
4457
4458
4459
4788
4797
4799
4808
4819
4820
4476
4840
4489
4851
4852
4521
4940
4941
4942
4943
4944
4945
4947
4948
4949
4950
5041
5042
5043
5044
5045
5046
5047
5048
5049
5050
5051
5053
5056
5057
5058
5059
5062
5063
5064
5088
5089
5090
5091
5094
5095
5096
13839
13843
13845
13846
4732
13871
13878
13894
13901
10075
13926
13933
4803
10076
10143
5983
6015
4835
6103
6135
4867
6168
6233
6229
6234
4892
14428
4899
14460
4924
6380
6383
6384
6385
6386
6391
6392
6389
6390
6399
6393
6396
6405
6408
6409
6412
6414
6415
6416
6417
6418
6419
6420
6421
6422
6423
6424
6425
6426
6428
6429
6430
6437
6440
6441
6444
6446
6447
6448
6449
6450
6451
6452
6453
6454
6455
6456
6457
6458
6460
6461
6462
6465
6467
6139
7661
7663
7666
7668
7669
7670
7671
7672
7673
7674
7676
7677
7678
7695
7727
6355
6359
6382
6387
6394
6395
6397
6400
6401
6402
6403
6404
6406
6407
6410
6411
6432
6433
6434
6435
6436
6438
6439
6442
6443
7833
7942
7974
8024
9797
9798
9800
9807
9809
9830
9832
9839
9841
9863
9865
8857
8903
8904
8905
8906
8907
8908
8909
8911
9413
9414
9415
9416
9419
9429
9433
9434
9436
9437
9445
9446
9447
9448
9451
9461
9465
9466
9468
9469
9472
9473
9549
9556
9568
9581
9624
9625
9655
9663
9762
9985
9988
9829
2006
2009
2038
2041
10593
2004
2455
2487
2492
2007
2036
2023
2040
2024
2025
2027
2028
2008
11479
2039
8828
2021
3982
4014
4033
2053
2061
4065
4428
4429
2085
4432
4438
4447
4460
4461
4464
4470
2124
4479
4480
4481
4484
4485
4493
4497
4501
4502
4512
4513
4516
4517
4525
4529
4533
4534
10424
4834
4866
4891
4898
4923
4946
4951
4952
4972
5358
5359
5362
5363
5364
5365
5368
5369
7831
7944
7947
7976
7979
8021
8023
13876
13789
13821
13898
13930
13952
13962
13965
13984
13997
14422
14424
14425
14454
14456
14457
6431
6463
13753
13754
7748
7780
9791
9792
9793
9795
9796
9799
9801
9802
9803
9804
9806
9808
9810
9811
9812
9814
9816
9817
9818
9820
9824
9825
9826
9827
9828
9831
9833
9834
9835
9836
9838
9840
9842
9843
9844
9845
9846
9848
9849
9850
9852
9847
9876
9877
8846
8869
8878
8913
8914
8918
8919
8921
8922
8923
8926
8945
8946
8950
8951
8953
8954
8955
8958
8967
8968
8985
8988
9934
9935
9937
9938
9940
9941
9942
9943
9944
9945
9946
9948
9949
9950
9951
9118
9119
9124
9125
9150
9151
10026
10027
10028
10029
10031
10033
10036
9585
9586
9587
9588
9589
9590
9591
9600
9623
9626
9629
9632
9656
9657
9658
9661
9666
9689
9691
9692
9694
9698
9699
9701
9702
9703
9704
9705
9707
9709
9708
9710
9711
9712
9713
9714
9715
9716
9717
9718
9719
9721
9723
9724
9726
9794
1618
9813
9815
8870
1650
9879
9880
9886
9887
9918
9919
9564
9925
9926
9596
9611
9612
9613
9614
9615
9616
9617
9618
9619
9620
9621
9622
9628
9630
9980
9981
9643
9644
9645
9646
9647
9648
9649
9650
9651
9652
9653
9654
9982
9983
9984
9989
9991
9662
10001
10004
10005
10007
10008
10011
10012
10133
10165
2457
2458
2489
2490
2493
10803
10806
10807
10809
10813
10814
10815
10816
10817
10818
10819
10820
10821
10822
10823
10824
10825
10826
10827
10829
10830
10831
10832
10833
10834
10835
10836
10837
10838
10839
10840
10841
10842
10848
10849
10850
10851
10852
10853
10854
10855
10856
10857
10858
10859
10861
10862
10863
10865
10866
10867
10868
10869
10871
10872
10870
10873
10874
10899
10900
10902
10903
10908
10931
10932
10934
10935
10940
10945
10949
10950
10955
10958
10977
10981
10982
10987
10990
11008
11186
11188
11192
11199
11202
11203
11205
11206
11207
11209
11210
11211
11212
11215
11216
11217
11218
11221
11222
11226
11227
11228
11229
11231
11234
11235
11237
11238
11239
11241
11242
11243
11244
11247
11248
11249
11250
11253
11254
11258
11259
11260
11261
11263
11264
11272
11273
11279
11280
11283
11284
11285
11287
11291
11292
11295
11296
11305
11311
11312
11531
9992
11563
11584
11585
11586
11600
11612
11614
11615
11616
11617
11618
8826
11632
8827
8829
8831
9908
8837
8838
9909
9911
9912
11864
11896
3995
4027
4037
4069
14173
4430
4431
4462
4463
4482
4483
4486
10583
10584
10585
10586
10587
10588
4514
4515
4518
10864
4804
4805
4810
4836
4837
4841
4842
11142
11143
11146
11147
4973
5052
5060
5061
5092
5093
5519
5520
5521
5522
5524
5525
5526
5523
5527
5528
13844
14179
6102
6134
10015
10016
10017
14431
14434
14435
10020
10021
10023
10024
10037
10039
10040
10043
10044
10047
10049
10050
10051
9553
10052
14463
10057
10058
9957
10059
10060
10061
10063
9958
10064
10065
10066
10067
10068
7949
7981
4809
6172
6470
6471
6473
6481
6485
6486
6487
6490
6491
6492
6493
6494
6495
6497
6498
6499
6500
6501
6502
6503
6504
6505
6506
6507
6508
6509
6510
6511
6512
6513
6514
6515
6516
6517
6518
6519
6520
6521
6522
6523
6524
6525
6526
6527
6531
6534
6539
6545
6547
6548
6549
6550
6551
6552
6553
6555
6556
6557
6558
6559
6563
6566
6571
6577
6579
6580
6581
6582
6583
6584
6585
6587
6588
6589
6590
6591
6592
6593
6594
6595
6596
6597
6598
1758
6604
6605
6606
6607
6608
6609
6610
6611
6612
6613
6614
6615
6616
6617
6619
6620
6621
6622
6624
6625
6626
6627
6628
6629
6630
6636
6637
6638
6639
6640
6641
6642
6643
6644
6645
6646
6647
6648
6649
6651
6652
6653
6654
6656
6657
6660
6661
6662
6665
6804
6805
6806
6807
6808
6809
6810
6811
6815
6840
6841
6842
6843
6847
6865
6866
6867
6870
6871
6872
6873
6874
6875
6876
6878
6879
6881
6882
6891
6892
6893
6894
6895
6896
6897
6898
6899
6902
6903
6904
6905
6906
6907
6908
6910
6911
6912
6913
6914
6915
6916
6917
6918
6919
6920
6921
6922
6923
6924
6925
6926
6927
6928
6929
6930
6931
6932
6933
6935
6936
6937
6938
6934
6944
6945
6946
6947
6948
6949
6950
6951
6952
6953
6954
6955
6956
6957
6958
6959
6960
6961
6962
6963
6964
6965
6967
6966
6968
6969
6970
6986
7018
7021
6468
7048
7049
7050
7051
7052
6542
6543
6544
6546
6554
6574
6575
6576
6578
6586
7064
7066
7067
7070
6599
6600
6601
6602
6618
6623
6631
6632
6633
6634
6650
7080
7081
7082
7083
6655
7084
7096
7098
7099
7102
6868
6890
6900
6939
6940
6941
6942
6943
6971
6972
6973
6974
6975
6989
7068
7071
7100
7103
7105
7131
7137
7163
14455
14423
334
349
353
354
356
366
381
385
400
656
657
664
665
667
671
675
676
688
689
696
697
699
703
733
776
799
808
831
845
848
861
877
880
893
896
897
903
906
907
909
910
912
913
914
919
921
925
928
929
935
938
939
941
942
944
945
946
951
953
957
960
961
962
992
993
994
1047
1050
1079
1082
1322
1360
321
322
324
394
765
11113
8931
8932
8934
8897
8899
8900
8902
6366
6398
8929
6107
6356
6388
1591
1592
1595
1596
1597
1599
1600
1601
1602
1603
1604
1605
1606
1607
1609
1611
1613
1615
1616
1620
1621
1622
1624
1625
1626
1627
1628
1630
1631
1632
1633
1634
1635
1636
1637
1638
1639
1641
1643
1645
1647
1648
1652
1653
1654
1656
1657
1658
1659
1660
1662
1663
1664
1665
1666
1667
1668
1670
1671
1672
1675
1681
1684
1687
1693
1694
1725
1726
1728
1729
1732
1733
1752
1756
1760
1761
1764
1765
1766
1820
6230
6464
6496
6541
6573
6869
6883
6884
6885
6886
6888
6889
6901
6976
6977
6978
6979
6980
6981
6982
6983
6984
6985
6987
6988
6990
6991
6992
6993
6994
6995
6996
6997
6998
7001
7002
7008
7009
7010
7011
7012
7013
7014
7015
7016
7017
7020
7022
7023
7024
7025
7026
7027
7028
7029
7030
7033
7034
7041
7043
7045
7046
7047
7053
7054
7055
7056
7063
7065
7069
7073
7075
7077
7078
7079
7085
7086
7087
7088
7095
7097
7101
7104
7108
7109
7110
7112
7113
7114
7115
7116
7119
7121
7123
7124
7132
7133
7136
7140
7141
7142
7144
7145
7146
7147
7148
7151
7153
7155
7156
7164
7165
7168
7170
7659
645
646
9537
9560
9569
9592
1938
1939
1940
1969
1970
1971
1972
6999
7000
7019
7031
7032
7035
7036
7037
7039
7040
7042
7044
7072
7074
7076
11907
11908
11910
11911
11912
11914
11915
11916
11919
5989
6038
6070
1884
6199
6313
1973
1974
6316
6319
1977
1978
6330
6331
6336
6337
6338
6341
6343
6344
6345
1995
11906
7825
7828
7836
7837
7956
7988
1759
1762
1822
1823
1841
1842
1843
1844
1845
1846
1847
1848
1849
1850
1854
1855
1859
1860
1861
1862
1891
1892
1893
1894
6194
6195
6196
6197
6198
6201
6202
6203
6205
6206
6207
1923
1924
1925
6225
6227
1926
6314
1927
1929
1934
6346
6347
1937
1943
1944
1947
1955
1956
1957
1958
1959
6349
1961
1966
1975
1976
1979
1996
1999
2000
2001
2443
2444
2448
2449
2452
2453
2459
2460
2461
2462
2463
2472
2473
2474
2475
2476
2480
2481
2484
2485
2491
2511
2525
2527
2528
2569
2575
2576
2601
2607
2608
7826
7827
7829
2628
2629
7838
2630
2631
2660
2661
2662
2663
2664
2665
2666
2667
2668
2670
2671
2672
2673
2674
2675
2676
2677
2678
7945
7946
7948
2683
2686
7977
7978
7980
2697
2698
2699
2700
2701
2702
2703
2705
2706
2711
2714
2716
2717
2729
2730
2731
2732
2733
2734
2735
2737
2738
2743
2746
2750
2748
2749
2753
2752
2764
2765
2766
2774
2775
2777
2778
2779
2784
2785
2792
2793
2794
2795
2796
2797
2798
2806
2807
2809
2810
2811
2818
2821
2822
1730
2825
2826
2828
2829
2831
2832
2833
2838
2839
2840
2843
2842
2850
2853
2854
2857
2858
2861
2860
2863
2864
2870
2865
2872
2871
2874
1900
1901
2875
1916
2880
2883
2885
2884
1948
1949
1950
1951
2886
1980
1981
1982
1983
2889
2899
2906
2570
2908
2911
3076
2602
3091
3123
3134
3127
3135
3128
3136
3138
2704
3139
3137
3143
3142
3140
3141
2718
2719
3144
3145
2736
3148
3147
3149
3150
3151
3152
2751
3155
3163
2767
2768
3165
2769
2770
2771
2772
2773
2776
2780
2781
2782
2783
2790
2791
3168
3171
3170
2799
2800
2801
2802
2803
2804
2805
3172
3169
3173
3175
3176
3174
2808
3177
3179
3180
3181
3182
3183
3184
2812
2813
2814
2815
2823
3187
2824
2827
3195
2830
2834
3197
3201
3202
2835
2836
2837
2844
2845
3203
3204
3205
3206
3207
3208
3209
3210
3213
3214
3212
2855
3215
3216
3217
2856
2859
2862
3219
3218
3220
2866
2867
2868
2869
3221
3222
3224
3226
3227
3228
3229
3230
3231
3233
3234
3235
3236
3237
3238
3239
3240
3241
3242
3244
3245
3246
3247
2876
3248
3249
3250
3251
3252
3253
3254
2877
3256
3258
3259
3260
3261
3262
3263
3265
3267
3269
3270
3272
3273
3274
3275
3276
3277
3279
3280
3281
3282
3283
3284
3289
3291
3292
3294
3297
3299
3301
3302
3306
3307
3308
3309
3311
3312
3313
3314
3074
3315
3316
3317
3321
3323
3324
3326
3329
3330
3333
3332
3334
3335
3336
3337
3338
3339
3341
3340
3342
3343
3345
3344
3346
3347
3348
3349
3350
3351
3354
3146
3361
3362
3364
3365
3355
3367
3366
3368
3369
3370
3371
3153
3372
3154
3156
3157
3158
3159
3160
3373
3374
3161
3162
3164
3166
3167
3375
3377
3376
3378
3379
3380
3381
3382
3383
3386
3392
3394
3393
3396
3178
3185
3397
3398
3399
3400
3401
3402
3387
3186
3188
3189
3190
3191
3192
3403
3404
3407
3193
3194
3406
3405
3408
3409
3410
3196
3198
3199
3200
3411
3412
3413
3415
3416
3417
3414
3418
3419
3420
3421
3422
3423
3424
3425
3426
3428
3429
3430
3431
3432
3433
3434
3223
3225
3435
3436
3437
3438
3439
3440
3442
3443
3444
3445
3232
3447
3448
3449
3450
3451
3452
3453
3446
3454
3455
3459
3464
3255
3257
3467
3468
3527
3526
3528
3529
3530
3264
3266
3268
3271
3534
3535
3536
3537
3538
3539
3540
3541
3542
3543
3544
3545
3278
3546
3547
3285
3286
3548
3549
3550
3551
3287
3553
3554
3555
3556
3557
3288
3558
3559
3560
3561
3562
3566
3290
3293
3295
3296
3298
3300
3303
3567
3568
3569
3570
3571
3572
3573
3574
3310
3575
3576
3577
3578
3579
3580
3581
3582
3583
3584
3586
3587
3588
3590
3591
3592
3594
3595
3318
3319
3320
3322
3596
3597
3598
3599
3600
3601
3602
3325
3327
3603
3604
3605
3606
3607
3608
3331
3609
3610
3613
3616
3618
3619
3620
3622
3623
3624
3626
3627
3629
3630
3628
3631
3632
3633
3634
3635
3636
3637
3638
3639
3640
3641
3642
3648
3649
3650
3651
3652
3653
3654
3655
3656
3657
3658
3659
3661
3662
3663
3664
3665
3667
3666
3668
3669
3670
3671
3672
3673
3674
3675
3676
3677
3678
3679
3660
3680
3681
3682
3683
3684
3685
3686
3687
3688
3352
3353
3689
3690
3691
3693
3694
3695
3696
3697
3698
3699
3700
3701
3702
3703
3704
3705
3706
3707
3708
3709
3710
3711
3692
3712
3713
3714
3715
3716
3717
3718
3719
3720
3721
3722
3363
3724
3725
3726
3727
3729
3731
3732
3733
3723
3735
3736
3737
3738
3739
3740
3741
3743
3744
3745
3746
3747
3748
3749
3750
3751
3752
3753
3754
3769
3770
3771
3772
3773
3775
3782
3801
3802
3803
3806
3807
3814
3833
3834
3835
3838
3839
3840
3842
3384
3385
3843
3845
3846
3847
3848
3849
3850
3851
3852
3853
3858
3859
3862
3878
3879
3881
3882
3883
3884
3885
3395
3890
3891
3894
3937
3977
3980
3996
4003
4009
4012
4028
4034
4043
4044
4047
4053
4056
4057
4060
4063
4066
4075
4076
4079
4085
4418
4433
4439
4446
4450
4465
4471
4478
4633
4634
4635
4636
4638
4640
4641
4642
4643
4644
4645
4646
4647
4648
4650
4651
4652
4654
4665
4666
4667
4668
4670
4672
4673
4674
4675
4676
4677
4681
4682
4683
3427
4684
4685
4686
4687
4690
4691
4692
4693
4696
4699
4700
4702
4703
4704
4705
4706
4707
4708
4709
4713
4714
4715
4716
4717
4718
4719
4722
4723
4724
4725
4728
3441
4734
4735
4740
4741
4744
4745
4746
4747
4748
4749
4751
4752
4753
4754
4755
4757
4758
4759
4760
4761
4763
4764
4766
4772
4773
4776
4777
4778
4779
4780
4781
4783
4784
4785
4786
4787
4789
4790
4791
4792
4793
4795
4796
4798
4802
4806
4807
4816
4817
4818
4829
4838
4839
4848
4849
4850
3531
3532
4861
4864
4865
4868
3533
4875
4876
4879
4880
4883
4896
4897
4900
4907
4908
4911
4912
4915
3563
3564
3565
4939
5979
3585
3589
5981
6011
6013
6021
6030
6031
6033
6041
6044
3593
6053
6062
6063
6065
6073
6076
6152
6184
6200
6208
6211
6212
6213
6215
6216
6217
6219
6220
6221
6222
6223
6224
6226
6228
6232
6235
6236
6237
6238
3617
6239
6240
6242
6243
3621
6244
6245
3625
6247
6248
6249
6251
6252
6253
6254
6255
6256
6258
6259
6260
6261
6262
6264
6266
6267
6268
6269
6270
6271
6272
6273
6305
6332
8006
8007
8008
8010
8011
8013
8014
8015
8019
9431
3971
9463
9493
9498
9499
9500
9501
9503
4639
4671
4811
4812
4813
4814
4815
9610
9627
4843
4844
4845
4846
4847
10136
10137
10138
10144
10145
10146
10147
10149
10151
10160
10163
10164
10168
10169
10170
10376
10408
10439
10441
10442
10443
10446
10447
10799
11200
11201
11204
11208
11213
11214
11219
11220
11223
11230
11232
11233
11236
11240
11245
11246
11251
11252
11255
11262
11271
11286
11475
11476
11482
11484
11485
11486
11487
11488
11489
11490
11492
11493
11494
11498
11499
11500
11502
11503
11505
11506
11507
11508
11509
11511
6257
6265
11514
11516
11517
11518
11519
6340
11520
11521
11522
11524
11526
11865
11897
11918
8003
13712
13713
13714
13716
13717
13718
13719
13720
13721
13722
13723
13724
13725
13742
13757
13967
13971
13976
13999
14003
14008
9496
14559
14591
14592
14604
14605
14624
14636
14637
9609
9725
15422
10582
11189
11193
15436
15437
15442
15443
11265
11266
11267
11268
11269
11270
15496
15500
15503
15507
15508
15509
15510
15511
15512
15513
15521
15522
15523
15524
15525
15526
15527
15528
15532
15535
15539
15540
15541
15542
15543
15544
15545
15552
15553
15554
15557
15558
15568
15576
15584
15585
15586
15589
13710
13995
13996
15411
15414
15417
15418
15419
15420
15421
15424
15425
15426
15428
15429
15430
15431
15433
15434
15435
15438
15439
15440
15441
1783
1784
15444
15445
15446
15447
15448
15449
1786
1790
1791
1785
15450
15456
14021
14024
14025
14029
14030
14035
14038
14039
14042
5980
6012
6209
6210
6214
6218
6318
6320
6321
6322
6323
14726
14727
14728
14729
14758
14759
14760
14761
14792
14793
14796
15674
15675
15676
15677
15678
15679
15680
7771
7772
7803
7804
7807
1676
1677
1678
1679
1680
1685
1686
1691
1696
1695
1697
1698
1699
1700
1702
1703
1704
1707
1708
1709
1710
1711
1712
1713
1716
1717
1718
1719
1723
1755
1757
1767
1768
1774
1775
1778
1780
1781
1787
1788
1789
1792
1793
1794
1795
1796
1797
1798
1799
1800
1801
1804
1805
1806
1807
1811
1812
1825
1826
1827
1828
1829
1830
1831
1832
1833
1836
1837
1838
1839
1852
1695
5082
5087
6292
6324
6529
6532
6533
6535
6536
6537
6538
6560
6561
6564
6565
6567
6568
6569
6570
6603
6635
6664
6667
6670
6671
6672
6674
6675
6676
6677
6678
6679
6682
6683
6848
6877
6880
6887
6909
7704
1991
1992
8912
8944
1993
8971
8982
9420
9421
9422
9423
9425
9427
9428
9430
9435
9438
9452
9453
9454
9455
9457
9459
9460
9462
9467
9470
9474
9506
9674
9706
9857
9861
9889
9893
9895
9897
1989
10370
10377
10402
10409
10828
10860
10880
10884
10886
10888
2093
10910
10911
10912
10916
10918
10920
10941
10942
10943
10956
10965
10967
10999
11114
11197
11198
11290
11559
11904
11909
11929
11930
11931
11932
11933
11934
11936
11938
11939
11940
11941
11965
13994
6342
6528
10997
9837
9858
8927
8947
8949
8957
8959
8961
8962
8963
8964
8966
8993
8994
8995
8996
9134
9137
9547
9548
9550
9551
9579
9580
9582
9583
9641
9642
9664
9668
9890
12054
11041
11042
11043
11044
11047
11048
11049
11050
11053
11056
11058
11059
11060
11063
11065
11066
11067
11070
11072
11073
11074
11077
11079
11081
11084
11085
11086
11087
11088
11089
11090
11091
11093
11096
11099
11104
11105
11106
11109
11111
11121
11125
11190
11191
11194
11195
11196
4041
4073
4954
4958
4964
4965
4967
4968
4969
13895
13927
6043
6075
9805
4062
2573
2574
2591
2596
2597
2598
2599
2605
2606
2623
2625
2707
7791
2564
2565
2566
2567
2454
2464
2465
2466
2467
2468
2469
2470
2471
2486
2512
2513
2514
2515
2516
2517
2518
2519
2520
2521
2522
2523
2524
2526
2529
2530
2531
2532
2533
2534
2535
2536
2537
2538
2539
2540
2541
2542
2543
2544
2545
2546
2547
2548
2549
2550
2551
2552
2553
2554
2555
2556
2557
2558
2559
2560
2561
2562
2563
2578
2579
7759
2586
2590
2592
2593
2594
2595
2610
2611
2618
2622
2624
2669
3089
3090
3092
3121
3122
3124
4035
4067
4506
4507
4509
4511
4538
4539
4541
4543
4701
4711
4712
4721
4726
4729
4730
4733
4736
4737
4738
4739
4742
4743
7736
4768
4769
4770
4771
4774
4775
5079
6119
6204
6283
6285
6294
6297
6326
6329
6339
6371
8915
8917
8920
8942
8952
8970
8974
8980
8981
8983
8984
9114
9115
9127
9128
9131
9132
9135
9136
9138
9141
9142
9143
9146
9147
9153
9158
9161
9162
9165
9166
9169
9170
9171
9175
9179
9181
9182
9183
9185
9201
9202
9203
9207
9211
9213
9214
9215
9217
9218
9219
9222
9223
9224
9225
9240
9249
9250
9251
9254
9255
9256
9257
9272
9504
9505
9540
9541
9544
9545
9572
9573
9576
9577
9860
9864
9868
9873
9936
9990
9993
9998
10000
10002
10006
10009
10010
10014
10022
10025
10030
10032
10034
10038
10041
10042
10046
10340
10804
10843
10875
10909
10946
10957
10959
10960
10962
10963
10964
10966
10968
10970
10971
10972
10973
10978
10988
10989
10991
10992
10994
10995
10996
10998
11000
2031
11002
11003
11004
11005
11112
11935
11937
13761
13793
14020
14023
14026
14031
14034
14037
14047
14052
14055
14056
14058
14144
14145
14167
14172
14176
14177
14193
14199
14204
14205
14208
14240
14465
14466
14467
14469
14471
14484
14485
14486
14488
14493
14497
14498
14499
14501
14503
14516
14517
14518
14520
14525
14658
14659
14663
15451
4882
15454
15455
15498
15499
15501
15506
4914
15530
15531
15533
15538
15555
15556
15559
15560
15561
15562
15563
15564
15565
15566
15567
15569
15570
15571
15572
15573
15574
15575
15577
15578
15579
15580
15581
15582
15583
15587
15588
15591
15592
15593
15594
15595
15596
15597
15598
15599
15600
15601
15602
15603
15604
15605
15606
15607
15608
15609
15610
15611
15612
15613
15614
15615
15616
15618
15622
15623
15624
15626
15627
15628
15629
15631
15632
15633
15634
15635
15636
15637
15638
15640
15641
15648
15650
15654
15655
15656
15657
15658
15659
15660
15661
15663
15664
15665
15666
15667
15668
15669
15670
15672
15673
8910
9660
9693
11928
6688
6692
6693
6694
14482
6697
6762
6763
6766
14514
15617
15625
15644
15645
15646
15647
15649
9928
6689
6760
629
630
631
632
633
634
635
636
637
638
639
642
647
649
651
653
654
655
658
659
660
661
662
666
668
670
672
674
677
679
681
682
683
685
686
687
690
691
692
693
694
698
700
702
704
710
711
713
714
715
718
719
723
724
727
728
736
742
743
745
747
746
750
751
755
756
759
760
770
771
772
775
778
779
781
783
787
788
791
792
793
794
796
797
802
803
804
807
810
811
813
9960
815
819
820
823
824
825
826
828
829
868
869
872
898
900
901
902
904
905
911
915
918
920
930
932
933
934
936
937
943
947
950
952
1055
1056
1057
1058
1059
1060
1062
1068
1070
1075
1076
1080
1081
1083
1086
1087
1092
1094
1097
1099
1100
1106
1109
1112
1124
1126
1129
1131
1132
1138
1141
1144
1296
1323
1324
1325
1326
1327
1328
1361
2130
5038
5039
5040
7662
7664
7665
7667
7675
7680
7681
7683
7688
7689
7698
7703
7707
7712
7713
7715
7720
7721
7730
7735
7739
7943
7962
7975
7994
8001
8002
8004
8005
8012
8017
8018
8026
8027
8031
8032
8033
8034
8036
8037
8038
8041
8042
8044
8050
8049
8052
8053
8054
8055
8056
8057
8058
8059
8060
8061
8063
8064
8065
8066
8067
8068
8069
8070
8071
8072
8073
8074
8075
8076
8077
8078
8079
8080
8082
8083
8084
8085
8086
8087
8088
8089
8090
8091
8092
8093
8094
8095
8096
8097
8098
8099
8100
8101
8102
8103
8104
8105
8106
8107
8108
8109
8110
8111
8112
8114
8115
8116
8120
8121
8122
8123
8124
8125
8126
8127
8130
8131
8132
8133
8134
8138
8139
8266
8267
8268
8269
8270
8271
8272
8273
8274
8275
8276
8277
8278
8279
8280
8281
8282
8283
8284
8285
8286
8287
8288
8289
8290
8291
8292
8293
8294
8295
8296
8297
8298
8299
8300
8301
8302
8303
8304
8305
8306
8307
8308
8309
8310
8311
8312
8313
8314
8315
8316
8317
8318
8319
8321
8322
8323
8324
8326
8320
8325
8327
8328
8329
8330
8331
8332
8333
8334
8335
8336
8337
8338
8339
8340
8341
8342
8343
8344
8347
8350
8351
8352
8353
8354
8355
8356
8357
8358
8359
8360
8361
8362
8363
8364
8365
8367
8366
8368
8369
8370
8371
8372
8373
8374
8375
8376
8382
8383
8384
8386
8387
8389
8385
8388
8390
8392
8391
8394
8395
8396
8399
8400
8402
8404
8405
8406
8408
8407
8409
8411
8410
8413
8414
8416
8415
8417
8418
8419
8420
8421
8422
8425
8426
8423
8424
8427
8428
8431
8432
8434
8437
8439
8441
8436
8438
8440
8442
8443
8445
8446
8447
8449
8448
8452
8453
8456
8458
8459
8461
8460
8462
8463
8464
8466
8465
8467
8469
8468
8473
8471
8470
8475
8472
8476
8478
8474
8479
8481
8480
8484
8485
8488
8490
8491
8492
8493
8494
8497
8498
8499
8495
8496
8500
8503
8501
8502
8504
8505
8506
8513
8514
8507
8508
8512
8510
8511
8515
8516
8517
8518
8519
8520
8526
8527
8528
8529
8530
8531
8532
8533
8534
8535
8536
8537
8539
8540
8538
8541
8542
8543
8544
8545
8546
8547
8548
8549
8554
8555
8550
8551
8552
8561
8562
8563
8564
8565
8566
8567
8568
8571
8572
8573
8569
8574
8570
8575
8578
8586
8582
8583
8585
8587
8588
8591
8592
8598
8600
8599
8601
8603
8605
8602
8604
8610
8606
8614
8615
8617
8618
8619
8620
8623
8624
8630
8631
8632
8633
8634
8635
8636
8637
8638
8640
8641
8642
8644
8645
8646
8647
8649
8650
8651
8652
8653
8656
8657
8660
8663
8669
8672
8673
8674
8676
8677
8678
8679
8681
8682
8683
8684
8685
8688
8689
8692
8695
640
650
8701
8704
8706
8707
8708
8709
8711
8712
8713
8715
8718
8717
8719
8721
8722
8720
8723
8724
8725
8726
8727
8728
8729
8730
8731
8732
8733
8734
8735
8736
8739
8740
8738
8741
8743
8744
8745
8747
8749
8750
8751
8752
8753
8754
8755
8756
8757
8758
8759
8760
8761
8762
8763
8764
8765
8767
8772
8773
8769
8774
8775
8776
8777
8778
8779
8780
8781
8782
8783
8784
8785
8786
8787
8788
8789
8790
8792
8791
8794
8793
8795
8797
8798
8799
8801
8825
8830
8925
8796
9121
2126
8030
8062
8345
8346
8348
8349
8393
9665
9695
9696
9697
9700
9727
8576
8577
8579
8580
8581
8584
8607
8608
8609
8611
8612
8613
8616
8639
8643
8648
8655
8670
8671
8675
10003
10013
10035
10045
8680
8687
10048
10054
10055
10062
8702
8703
10896
10969
11001
11557
11560
11561
12053
12056
12058
12059
12062
12084
12085
12088
12090
12091
12096
12098
12099
12100
12103
12115
8766
8768
12118
12119
12120
12121
12123
12126
12127
12128
12130
12131
8770
8771
12132
12135
12147
12150
12151
12152
12153
12155
12158
12159
12163
12167
12169
12170
12412
12413
12550
12553
12554
12572
12574
12575
12576
12578
12579
12580
12581
12582
8800
12585
12586
8802
12803
12804
12805
12806
12808
12809
12810
12811
12812
12823
12824
12826
12827
12830
12831
12832
12833
12834
12835
12836
12837
12838
12840
12841
12842
12843
12844
12855
12856
12858
12859
12862
12863
12869
12872
12874
12875
12873
12877
12878
12881
12883
12905
12906
12904
12907
12909
12910
12913
12916
12918
12919
12920
12921
12923
12931
12932
12934
12933
12938
12942
12963
12964
12966
12965
12969
12970
12973
12974
13422
13424
13423
13427
13428
13426
13425
13430
13431
13429
13432
13433
13435
13434
13436
13442
13443
13485
13486
13512
13544
13577
13580
13583
13584
13585
13589
13592
13586
13591
10053
13615
13612
13609
13616
13618
13617
13619
13624
13623
13641
13646
13647
13648
13649
13650
13651
13652
13653
13655
13656
13654
12052
12086
12094
12110
12111
12112
12113
12114
13673
12142
12143
12144
12145
12146
13679
13680
13681
13678
13682
13686
13684
13683
13685
13687
13688
13697
12551
13696
13701
13700
13702
13703
12583
13704
13705
13707
12813
12814
12815
12816
12825
12828
12829
12845
12846
12847
12848
13882
12857
12860
12861
12915
12937
12941
12946
12949
12950
12955
12956
12957
12958
12959
12978
12981
12982
13437
13438
13439
13440
13441
8965
8975
8976
8979
8986
8989
8991
8997
8998
8999
9000
9007
9008
9011
9012
9013
9014
9018
9020
9021
9023
9030
9032
9034
9036
9039
9040
9041
9042
9047
9051
9052
9062
9064
9066
9068
9071
9072
9073
9074
9079
9083
9084
9094
9106
9108
13513
13545
13587
13640
13643
13644
13672
13675
4953
4955
4956
4957
4959
13676
4961
4971
4975
4976
4977
4978
4979
4980
4981
4982
4983
4984
4985
4986
4987
4988
4989
4990
4991
4992
4993
4994
4995
4996
4997
4998
4999
5001
5002
5003
5004
5005
5006
5007
5008
5009
5010
5011
5012
5013
5014
5015
5016
5017
5018
5019
5021
5023
5024
5025
5026
5027
5028
5029
5030
5031
5033
5034
5035
5036
5037
5055
13850
7750
7754
7770
7773
7775
7782
7786
7802
7805
8
9
12
15
18
21
26
40
41
44
47
50
53
58
14675
9476
9502
9508
9017
1370
1374
9035
9038
1384
1388
1398
9048
1402
1406
9067
9070
1452
1455
9080
1469
1470
1471
1474
9100
1485
1486
1487
1506
1517
1518
1519
1536
1538
1540
1542
1543
1557
1483
1556
1568
1570
1572
1574
1575
1515
10241
10246
10252
10253
10256
10257
10258
10259
10260
10261
10262
10271
10272
10273
10274
10275
10277
10278
10280
10281
10284
10285
10288
10289
10290
10291
10292
10293
10294
10303
10304
10305
10306
10307
10309
10310
13730
13731
5677
5678
5679
5680
5681
5682
5683
5684
5694
5695
5699
5700
5702
5703
5704
5705
4974
5977
6317
14707
14742
14774
7768
7800
2604
1366
1467
1473
1488
1489
1490
1491
1499
1505
1520
1521
1522
1523
3789
3821
6348
6658
6659
6663
6666
6669
6681
6673
6685
6687
6696
6691
6695
6761
6759
6764
6775
6777
6782
6776
6779
6778
6780
6781
6783
6803
7130
7162
5672
5673
5674
5675
5676
5697
0
1
2
3
4
5
6
7
10
11
13
14
16
17
20
22
23
27
30
29
28
25
31
32
36
35
37
39
38
42
34
33
43
45
46
48
49
52
54
55
56
57
59
60
61
62
63
323
325
326
327
329
330
332
335
338
393
391
395
396
397
398
399
401
402
403
404
405
409
407
408
406
411
412
413
414
415
416
417
418
423
425
426
427
428
429
430
431
432
433
434
435
436
437
438
439
440
441
443
444
445
446
447
448
451
454
455
456
457
459
465
460
461
462
463
464
467
468
469
470
473
474
475
476
477
478
479
480
483
486
487
488
489
491
492
493
494
495
496
497
499
505
506
500
501
502
507
509
510
508
511
589
591
621
623
663
669
678
695
701
707
706
712
720
721
725
731
732
735
738
739
744
752
753
757
761
762
763
764
767
768
773
774
769
780
782
785
786
789
790
795
798
800
2572
801
805
806
812
814
817
818
821
827
822
830
833
832
836
837
838
839
840
841
842
843
846
844
847
849
850
851
852
853
856
857
859
860
864
865
870
871
874
873
875
876
879
878
881
882
883
884
885
888
889
891
892
899
908
916
917
922
923
924
926
328
927
931
940
948
949
954
956
955
958
959
1046
1043
1045
1051
1048
1053
1054
1077
1078
1085
1920
1952
6530
6562
6690
5080
5085
5111
5112
5117
5122
5125
5129
5130
5121
5133
5135
5136
5139
5128
5132
5131
5134
5142
5144
5145
5146
5150
5149
5151
5154
5157
5161
5162
5153
5165
5167
5171
5164
5160
5163
5166
5168
5174
5176
5177
5178
5182
5183
5181
5201
5194
5206
5238
5193
5226
5245
5248
5249
5250
5255
5225
5265
5272
5273
5274
5275
5276
5277
5279
5280
5282
5283
5286
5287
5218
5297
5304
5305
5306
5307
5308
5309
5311
5312
5315
5318
5319
5321
5323
5324
5326
5327
5330
5331
5332
5333
5336
5337
5186
5344
5350
24
5347
5351
5353
5355
5356
5217
5185
449
450
458
466
481
482
490
498
5224
7708
7740
5216
7769
7774
7801
7806
5184
9819
9851
9917
9933
9965
12037
12039
12040
12036
12042
12043
12063
12069
12068
12071
12072
12074
12075
12082
12097
12101
12095
12102
12105
12106
12109
12117
12122
12124
12125
12129
12133
12134
12138
12139
12141
12149
12154
12156
12157
12160
12161
12162
12164
12165
12166
12168
12171
12172
12174
12175
12177
12179
12180
12181
12182
12183
12185
12186
12187
12188
12189
12191
12192
12190
12193
12194
12195
12199
12198
12196
12197
12200
12201
12202
12203
12204
12206
12207
12209
12211
12212
12213
12214
12217
12218
12219
12220
12221
12222
12223
12224
12225
12226
12227
12235
12237
12243
12245
12246
12247
12248
12250
12251
12253
12254
12256
12257
12258
12259
12267
12269
12275
12277
12278
12279
12280
12282
12283
12285
12286
12289
12290
12291
12292
12293
12294
12295
12297
12298
12299
12300
12301
12302
12303
12304
12305
12310
12315
12316
12313
12317
12318
12321
12322
12324
12323
12325
12326
12327
12329
12330
12331
12332
12333
12334
12335
12336
12338
12342
12345
12347
12348
12349
12350
12351
12352
5114
12355
12359
12364
12365
12415
12416
12417
12418
12419
12420
12421
12422
12423
12424
12425
12426
12427
12428
12429
12430
12431
12432
12433
12434
12435
12436
12437
12438
12441
12442
12443
12444
12445
12446
12447
12448
12449
12450
12451
12452
12453
12454
12455
12456
12457
12458
12459
12460
12461
12462
12463
12464
12465
12467
12466
5188
5189
5190
5192
12468
12469
12470
12473
12475
12474
12476
12477
12478
12479
12480
12481
12527
12529
12530
12532
12534
12535
12537
12538
12544
12546
12547
12548
12549
12552
12558
12559
12561
12562
12564
12565
12570
12567
12571
12577
12584
5220
5221
5222
12590
12591
12593
5233
12594
12596
12597
12599
12602
12603
12604
12606
12607
12618
12620
12621
12623
12624
12625
12626
12619
12636
12637
12638
12650
12652
12653
12656
12655
12657
12658
12668
12669
12670
12678
12651
12654
12710
5320
5322
12622
12745
12746
12748
12751
12752
12759
12760
12763
12764
12766
12767
12777
12778
12780
12783
12784
12791
12792
12795
5352
5354
12796
12798
12799
12800
12801
12802
12839
12867
12868
12871
12884
12885
12886
12887
12888
12889
12890
12891
12892
12894
12895
12899
12900
12903
12917
12922
12926
12927
12928
12935
12939
6315
12943
12944
12945
12948
12951
12954
12960
12967
12971
12975
12976
12977
12980
12983
12986
12988
12992
12994
12995
12996
12997
12998
13000
13001
13003
13004
13002
13005
13006
13007
13008
13010
13011
13012
13014
13013
13015
13017
13018
13019
13020
13021
13023
13024
13026
13027
13028
13029
13030
13032
13033
13034
13035
13036
13037
13038
13039
13040
13042
13047
13046
13043
13045
13044
13049
13050
13051
13053
13052
13055
13057
13058
13059
13060
13061
13062
13063
13064
13065
13066
13067
13069
13070
13072
13073
13074
13075
13076
13077
13078
13079
13081
13082
13083
13085
13086
13087
13090
13089
13091
13092
13093
13094
13095
13096
13097
13098
13099
13101
13104
13420
13421
13445
13453
13454
13456
13488
13505
13506
13507
13510
13511
13514
13515
13517
13520
13522
13525
13526
13528
13529
13533
13534
13535
13537
13538
13539
13543
13542
13546
13547
13557
13558
13560
13561
13565
13566
13567
13569
13568
13572
13573
13575
13620
13590
13594
13622
13629
13626
13645
13642
13674
13677
13837
12104
12107
12108
12136
13869
12137
12140
12215
12314
12346
14261
14262
14264
14268
14269
14270
14273
14276
14277
14280
14278
14282
14283
14286
14284
14287
14288
14289
14297
14305
12639
14308
14309
14312
14314
14310
14315
14316
12671
14320
14318
14319
14321
14329
12738
12770
12807
12952
12984
13022
13054
13056
13068
13088
13100
13102
13444
13446
13449
13452
13455
13457
13458
13459
13460
13484
13487
13489
13490
13491
13492
13588
13621
14164
14196
14216
14220
14222
14225
14248
14252
14254
14257
14279
14311
14072
14073
14075
14076
14077
7830
4916
4920
19
51
73
76
87
88
89
91
92
102
104
105
108
119
120
121
123
124
135
136
137
144
146
167
168
169
176
178
209
210
212
238
241
242
244
266
298
333
343
355
357
359
361
362
365
364
367
370
375
386
410
2892
2894
442
472
471
503
504
524
532
527
529
533
534
537
535
531
556
559
561
563
564
565
566
567
569
581
584
6241
586
590
622
592
594
624
626
648
680
705
709
737
741
360
855
834
858
866
887
890
968
964
974
966
967
969
970
971
972
975
977
978
990
979
991
996
999
998
1000
1001
1003
1004
1002
1006
1009
1011
1010
1014
1016
1017
1019
1018
1020
1021
1022
1023
1027
1024
1029
1032
1035
1034
1036
1038
1039
1040
1037
1049
1042
1044
1052
1061
1071
1064
1066
1067
1069
1072
1074
1084
1088
1089
1090
1091
1093
1096
1095
1101
1102
1107
1103
1104
1110
1111
1266
1269
1272
1273
1275
1274
1276
1277
1279
1280
1281
1282
1283
1302
1299
1285
1298
1286
1303
1300
1304
1305
1308
1309
1310
1312
1311
1313
1314
1315
1317
1318
1334
1319
1331
1330
1335
1332
1336
1337
1340
1342
1341
1343
70
72
85
117
138
139
140
141
149
170
171
172
173
181
1392
221
223
1393
253
255
256
257
259
260
271
272
273
274
275
276
277
285
288
289
291
303
304
305
306
307
308
309
1810
1815
1816
1818
1813
1814
1817
1885
1962
384
2032
2033
4873
4901
4893
4905
4925
5081
5084
5113
5116
5147
5141
5126
5124
5137
5143
5140
5158
5148
5156
5172
5169
5173
5175
5179
5180
5204
5236
5251
6278
6293
6295
6296
6310
6325
6327
6328
9635
9638
9639
9659
10150
10152
10156
10308
12991
1352
1356
15642
4869
10276
8978
12176
12178
12184
12205
12208
12210
12216
12228
12229
12233
12234
12236
12238
12239
12240
12242
12244
12249
12252
12255
12266
12268
12270
12271
12272
12274
12276
12281
12284
12287
12288
12296
12306
12307
12308
12309
12311
12312
12319
12320
12328
12337
12339
12340
12341
12343
12344
12353
12354
12356
12357
12358
12360
12361
12362
12363
12366
12376
12377
12378
12379
12380
12381
12382
12383
12384
12385
12386
12387
12388
12389
12390
12392
12393
12394
12395
12396
12397
12398
12408
12409
12410
12411
12414
12709
12901
12936
12940
12968
12972
13009
13041
13474
13475
13476
13570
13579
13595
13596
13597
13598
13599
13601
13602
13611
13627
13628
13630
13631
14798
14912
14913
14915
14916
14918
14919
14920
14921
14923
14924
14925
14926
14927
14929
14930
14931
14932
14933
14934
14935
14936
14937
14938
14939
14940
14941
14943
14944
14945
14947
14948
14950
14951
14952
14953
14955
14956
14957
14958
14959
14961
14962
14964
14965
14966
14967
14968
14969
14970
14971
14972
14973
14975
14976
14977
14978
14979
14980
14981
14982
14983
14984
14985
14986
14987
14988
15169
15172
15174
15175
15173
15176
15177
15178
15179
15180
15181
15182
15185
15198
15201
15204
15205
15206
15207
15208
15209
15210
15211
15212
15213
15214
15217
15230
15232
15233
15235
15236
15238
15240
15242
15243
15245
15246
15247
15248
15249
15250
15251
15252
15254
15255
15256
15257
15258
15259
15260
15262
5187
5191
15264
15265
15267
15268
15270
15272
15274
15275
5219
5223
15277
15278
15279
15280
15281
15282
15283
15284
15286
15287
15288
15289
15290
15291
15292
15294
15296
15297
15298
15299
15300
15301
15302
15322
15324
15325
15327
15328
15329
15330
15331
15332
15333
15334
15354
15356
15357
15359
15370
15378
15402
15459
15460
15467
15468
15471
15489
15490
15491
15492
15493
15494
15495
15643
15681
15683
15684
15692
15694
15695
15696
15697
15709
15711
15712
15713
15715
15716
15724
15726
15727
15728
15729
15741
15743
15747
15773
15779
15805
15808
15840
10263
10295
15880
15892
15912
15921
15924
15943
15944
15975
15976
12173
12367
12368
16017
16019
12369
12370
16020
16022
16023
16024
16026
16027
16028
16029
16030
16049
16051
16052
16054
16055
16056
16058
16059
16060
12677
16061
16062
16071
16076
16078
16079
16080
16081
16082
16085
16088
16091
16103
16108
16110
16111
16112
16113
16114
16120
16117
13472
13473
16123
13477
16064
16092
16336
16338
16086
16340
16341
16342
16093
16090
16083
16344
16345
16346
16347
16348
16118
16096
16094
16368
16116
16370
16372
16373
16374
16122
16376
16377
16115
16378
16379
16380
16126
16095
16393
16125
16127
16124
16425
16450
16451
16452
14797
15377
15698
15699
15700
15701
15730
15731
15732
15733
15756
15771
15788
15803
15889
15893
15894
15895
15896
15925
15926
15927
15928
15936
15968
16084
5120
5138
5152
5170
5257
5289
16343
12057
12060
12061
12087
12089
12092
12093
12953
12985
12989
13080
13578
13600
13604
13605
13610
673
641
777
784
809
816
1028
1030
1031
1065
1033
1041
1063
1073
1268
1264
1265
1267
1278
1270
1291
1292
1289
1288
1293
1271
1287
1284
1301
1294
1295
1316
1321
1333
5213
5254
7118
7127
7122
7125
7126
7129
7128
7134
7135
7150
7154
7157
7158
7161
7160
7159
7166
7167
7171
7178
7182
7183
7186
7185
7187
7189
7192
7191
7194
7195
7197
7219
7221
7223
7224
7226
7242
7227
7244
7246
7245
7249
7250
12600
13478
13481
14241
14233
1290
7196
6844
8748
9424
9456
1871
1872
1873
1874
6087
6812
8716
11891
11893
7005
7006
7038
1870
7003
5565
5577
5579
5580
5581
5583
5584
5595
5596
5597
5598
5599
5609
5611
5612
5613
5615
5616
5627
5628
5629
5630
5631
5654
5655
5657
5658
7821
10976
5530
5533
5542
5545
5546
5562
14053
14057
14061
14062
14067
14071
14070
14074
6246
6250
7818
10944
9947
14018
14019
14050
14051
14087
14102
14103
14105
14104
14106
14107
14108
14119
14125
14129
14131
14134
14135
14136
14137
14138
14139
14140
14141
14914
14917
14928
14946
14949
14960
15186
15199
15218
15231
15234
15239
15244
15261
15263
15266
15271
15276
15293
15295
15305
15306
15307
15310
15312
15308
15309
15311
15313
15314
15315
15316
15317
15318
15319
15320
15321
15323
15326
15338
15337
15339
15340
15341
15342
15343
15344
15345
15347
15348
15346
15349
15352
15350
15351
15355
15353
15360
15358
15361
15362
15364
15365
15376
15387
15390
15392
15393
15394
15396
15397
15403
15408
15427
15463
15469
15474
15682
15685
15714
15717
15749
15753
15764
15765
15767
15768
15770
15775
15781
15785
15797
15796
15799
15800
15802
15807
15809
15810
15812
15811
15813
15815
15843
15841
15842
15844
15845
15847
14942
15911
16011
16018
16021
16025
16043
16050
16053
16057
16077
14963
16128
16134
16129
16137
16138
16135
16133
16132
16130
16136
16141
16139
16142
16144
16149
16143
16146
16145
16150
16151
16152
16154
16153
16155
16156
16157
16158
16160
16159
16161
16162
16164
16166
16165
16167
16169
16168
16335
16339
16349
16350
16351
16352
16353
16354
16355
16356
16360
16359
16357
16358
16361
16363
16367
16371
16375
16382
16384
16381
16386
16383
16385
14974
15237
15241
15253
15269
15273
15285
16409
15371
15379
15382
15385
15386
15388
15389
15452
15453
15457
15458
15461
15462
15465
15466
15470
15472
16418
16416
16417
15473
15475
15476
15477
15478
15479
15480
15481
15482
15484
15485
15486
15487
16441
16448
16444
16449
15766
15798
15879
16109
16131
16163
16332
16364
16387
16388
16389
16390
16391
16392
16394
16395
16396
16397
16398
16399
16400
16401
16402
16403
16404
16405
16406
16407
16408
16410
16411
16412
16413
16414
16415
16419
16420
16421
16422
16423
16424
16426
16427
16428
16429
16430
16431
16432
16433
16434
16435
16436
16437
16438
16439
16440
16442
16443
16445
16446
16447
64
65
66
67
68
71
77
78
79
84
86
90
93
97
98
99
100
103
106
107
109
110
111
116
118
122
125
126
127
128
129
130
131
133
134
142
143
148
150
151
154
155
159
160
161
162
163
165
166
174
175
180
182
183
186
187
188
189
190
191
192
194
196
197
198
199
200
202
203
204
205
211
213
214
215
220
224
226
228
229
234
235
236
237
240
243
245
246
247
252
258
261
262
263
264
265
267
268
269
270
284
286
287
290
295
296
297
299
300
301
302
316
320
348
350
352
358
380
382
389
390
392
421
422
424
513
514
517
518
520
521
522
523
525
526
528
530
536
538
539
540
541
542
543
545
546
549
550
552
553
554
555
557
558
560
562
568
570
571
572
573
574
575
577
708
716
722
726
734
740
748
754
758
766
2167
2173
2174
2175
2176
2177
2178
2179
2180
2181
2182
2183
2184
2185
2186
2187
2188
2189
2190
2197
2198
2199
2200
2201
2202
2203
2204
2205
2206
2207
2208
2209
2210
2211
2212
2213
2214
2215
2216
2217
2218
2219
2220
2221
2222
2229
2230
2231
2232
2233
2234
2235
2236
2237
2238
2239
2240
2241
2242
2243
2244
2245
2246
2247
2249
2250
2251
512
515
2252
2253
2254
2255
2256
2257
2258
2259
2260
2261
2262
2263
2264
2265
2266
2267
2268
2269
2270
2271
2272
2273
2274
2275
2276
2277
2278
2279
2281
2282
2283
2284
2285
2286
2287
2288
2289
2290
2291
544
547
2292
2293
2294
2295
2296
2297
2298
2299
2300
2301
2302
2303
2304
2305
2306
2307
2308
2309
2310
2311
2312
2314
2316
2317
2318
2319
2320
2322
2323
2324
2326
2321
2325
2327
2328
2329
2332
2333
2334
2335
2336
2337
2338
2339
2340
2341
2342
2343
2344
2345
2346
2348
2349
2350
2351
2352
2355
2353
2354
2356
2364
2440
2739
2755
2756
2757
2759
2760
2761
2762
2763
2787
2788
2789
2841
2846
2873
2878
2881
2882
2887
2890
2891
2913
2914
2918
2919
2922
2923
2944
2945
2946
2947
2950
2951
2952
2953
2954
2955
2956
2958
2960
2961
2962
2964
2967
2969
2970
2971
2973
2974
2975
2976
2977
2978
2979
2982
2983
2984
2985
2986
2987
2988
2990
2992
2993
2994
2996
2999
3001
3002
3003
3005
3006
3007
3026
3027
3072
3073
3328
3360
3507
3508
3509
3510
3511
3512
3513
3514
3515
3516
3517
3518
3519
3520
3521
3522
3523
3524
3525
3552
3611
3614
3615
3755
3756
3757
3759
3760
3761
3763
3764
3765
3768
5123
5127
5155
5159
5211
5243
5258
5262
5266
5270
5290
5294
5298
5302
12672
12674
12675
12679
12682
12683
12690
12693
2149
2150
2151
2152
2153
12698
12699
12700
12703
12704
12706
12707
12711
12714
12715
12722
12725
12730
12731
12732
12735
12736
12768
2313
13639
13671
2758
13829
13831
13832
13833
13835
13861
13863
13864
13865
13867
12747
6686
6765
6784
6816
7172
7173
7174
7176
7177
7179
7180
7181
7184
7188
7190
7193
7198
7199
7200
7201
7203
7204
7205
7206
7208
7209
7211
7212
7213
7215
7216
7217
7220
7222
7225
7230
7231
7233
7235
7236
7239
7248
7265
7267
7268
7280
7296
7297
7298
7315
7316
7323
7324
7328
7329
7330
7347
7348
7355
7356
7476
7477
7478
7479
7480
7481
7482
7484
7485
7486
7487
7488
7489
7491
7492
7493
7494
7495
7497
7498
7499
7500
7501
7502
7506
7508
7510
7512
7513
7514
7515
7516
7517
7518
7519
7520
7521
7523
7524
7525
7526
7527
7529
7530
7531
7533
7534
7538
7540
7542
7544
7545
7546
7547
7548
7549
7550
7551
7552
7553
7554
7576
7577
7578
7579
7580
7581
7582
7583
7584
7585
7586
7587
7588
7589
7591
7592
7594
7595
7598
7599
7600
7601
7602
7605
7606
7607
7608
7609
7610
7611
7612
7613
7614
7615
7616
7617
7618
7619
7620
7621
7622
7623
7624
7625
7626
7627
7628
7630
7631
7632
7634
7635
7636
7637
7639
7641
7648
7649
7650
7651
7652
7653
7654
7655
7656
7657
7658
6684
6798
6830
7228
7229
7255
7256
7258
7281
7287
7288
7290
7532
7593
7642
7643
7644
7645
7646
6680
6698
6701
6702
6703
6704
6705
6706
6707
6708
6709
6710
6711
6712
6713
6714
6715
6716
6717
6718
6719
6720
6721
6722
6723
6724
6725
6726
6727
6728
6729
6730
6731
6734
6732
6733
6735
6736
6737
6738
6739
6741
6740
6742
6743
6744
6745
6747
6748
6746
6750
6751
6752
6753
6754
6755
6749
6756
6757
6758
6767
6768
6769
6770
6771
6772
6773
6774
6802
6834
6835
6836
6837
6838
6839
7169
7202
7210
7214
7218
2568
2577
2581
2584
2600
9885
10881
10893
10905
10913
10925
6668
10928
6699
6700
9902
9905
15891
14092
14093
14095
14094
14096
14097
14098
14100
14099
14101
14124
14126
14127
14128
14130
14132
14133
15184
15216
15412
15432
15464
15758
15790
15794
16087
15878
15890
15384
15910
15404
15226
1012
15762
1013
1015
1025
1026
1114
1115
1117
1116
1118
1119
1120
15874
1121
1122
1123
1125
1127
1128
1133
1134
1135
1136
1142
1139
15919
15374
1143
1146
1147
1148
1149
1150
1151
1152
1153
1154
1156
1157
1158
1159
1160
1161
1253
1254
1255
1256
1257
1258
1259
1260
1261
1262
1306
1307
1338
1339
1344
1355
1357
1359
1363
1364
1365
1368
1369
1373
1376
1387
1389
1391
1395
1396
1397
1400
1401
1405
1409
1410
1411
1412
1413
1414
1415
1416
1417
15923
1418
1419
1442
1443
1444
1445
1446
1447
1448
1450
1449
15922
1451
1454
1456
1457
1458
1459
1466
1468
1472
1475
1476
1477
1478
1479
1480
1481
1482
1484
1493
1494
1498
1500
1501
1502
1503
1504
1507
1508
1509
1510
1511
1512
1513
1514
1516
1526
1525
15887
1532
1533
1534
1535
1537
1539
1541
1544
1545
1552
1553
1549
1546
1569
1571
1573
1576
1577
1584
1585
1578
1581
3914
3915
3916
3917
3918
3919
3920
3925
3921
3922
3926
3927
3928
3931
3932
3933
15906
15183
15194
15215
15372
15373
15375
15380
15381
15405
15406
15407
15413
15416
3923
3924
7286
7490
7503
7504
7505
7507
7522
7535
7536
7537
7539
7596
7597
7603
7604
7640
7647
7679
15909
15876
15920
14022
14028
14033
14036
14054
14060
14063
14065
14066
14068
14069
14079
15873
15935
15937
15888
15875
15877
6786
6787
6788
6789
15969
6790
6792
6793
6794
6795
6800
6801
6818
6819
6820
6821
6822
6824
6825
6826
6827
6832
6833
15903
15905
15907
7252
7254
7282
7284
15303
15335
15483
15590
16334
16365
16366
15908
16119
15193
15195
15225
15227
16333
10270
10302
10265
10266
10267
10268
10269
10297
10298
10299
10300
10301
69
74
75
101
278
279
281
283
310
311
313
315
576
580
582
583
585
587
588
593
595
597
598
599
600
601
602
603
604
605
606
607
608
609
612
613
614
615
616
617
618
619
620
625
596
1877
1878
1879
1880
1881
14580
7004
7007
4913
1496
14668
14676
14700
14708
1495
1527
1528
1531
5066
5098
12375
12407
12568
965
981
982
985
988
989
4881
12032
12033
12064
12065
13834
13866
14084
14088
14090
14091
14110
14116
14120
14122
14123
14142
14146
14148
14149
14150
14151
14153
14158
14162
14163
14165
14168
14169
14170
14171
14174
14175
14178
14180
14181
14182
14183
14185
14190
14194
14195
14197
14200
14201
14202
14203
14206
14207
14209
14210
14211
14217
14219
14221
14226
14231
14234
14235
14239
14242
14243
14249
14251
14253
14258
14263
14266
14267
14271
14298
14299
15686
15710
15718
15719
15720
15721
15722
15723
15744
15745
15748
15742
15750
15751
15752
15754
15759
15769
15772
15774
15776
15777
15780
15782
15783
15784
15786
15791
15801
15804
15806
15837
15839
15869
15871
16006
16010
16031
16032
16033
16038
16042
16063
15383
15415
15488
15520
15687
15688
15689
15690
15691
15872
15904
717
749
10140
10172
11644
11646
11647
11650
11652
11653
11654
11657
11658
11659
11660
11662
11664
11665
11667
11668
11669
11670
11672
11673
11674
11675
11676
11680
11681
11682
11684
11685
11686
11687
11689
11690
11691
11692
11694
11696
11697
11699
11700
11701
11702
11704
11705
11706
11707
11708
11666
11716
11718
11719
11720
11721
11722
11723
11724
11725
11726
11717
11734
11735
11698
11736
11737
11738
11739
11740
11742
11743
11748
11750
11751
11752
11753
11754
11755
11756
11757
11758
11679
11749
11766
11767
11768
11769
11770
11771
11772
11711
11774
11775
11776
11777
11778
11779
11780
11781
11782
11783
11784
11785
11786
11787
11788
11789
11790
11791
11794
11727
11710
11792
11793
11795
11760
11728
11678
11796
11798
11800
11802
11759
11804
11805
11806
11808
11809
11810
11811
11812
11813
11814
11815
11816
11817
11818
11819
11820
11821
11822
11823
11824
11825
11826
11827
11828
11830
11832
11833
11834
11836
11837
11838
11845
11846
11847
11848
11849
11850
11851
11852
11853
11854
11855
11856
11857
11858
11859
11860
11861
11877
11887
11888
11889
11890
12483
12484
12485
12486
12487
12488
12489
12490
12492
12493
12494
12495
12496
12497
12498
12499
12500
12501
12502
12503
12504
12505
12506
12507
12508
12509
12511
12512
12513
12514
12515
12516
12517
12518
12519
11712
12520
12521
12522
12524
12525
12526
12528
12531
12533
12536
12539
12540
12541
12543
12545
11744
12930
12962
13105
13106
13107
13108
13109
13110
13112
13114
13115
13116
13117
13118
11729
13120
13121
13122
13124
13126
13127
13128
13129
13130
13131
13132
13133
13134
13135
13136
13137
13138
13139
13140
13142
13143
13144
13145
11761
652
684
13146
13147
13148
13149
13152
13153
13154
13156
13158
13159
13160
13161
13162
13163
13164
13165
13166
13167
13169
13170
13168
13171
13172
13174
13175
13176
13177
13178
13179
13180
13181
13184
13186
13187
13188
13190
13191
13193
13192
13194
13196
13198
13199
13201
13202
13203
13204
13205
13197
13206
13207
13208
13209
13210
13211
13212
13213
13216
13214
13215
13218
13219
13220
13222
13223
13224
13225
13226
13228
13230
13231
13233
13234
13235
13236
13237
13238
13239
13229
13240
13241
13242
13243
13244
13245
13246
13247
13249
13248
13250
13251
13252
13253
13254
13255
13256
13258
13259
13260
13261
13263
13262
13266
13267
13270
13274
13273
13275
13276
13277
13278
13282
11645
11648
13279
13280
13283
13281
13284
11649
13285
11655
13286
13287
13288
11677
13290
13291
13292
11709
11713
13293
13294
13295
13298
13299
11714
11715
13302
11730
11731
11732
11733
11741
11745
11746
11747
13305
13306
13307
13308
13309
13310
13312
13311
13313
13314
13315
11762
13316
13317
13318
13319
13320
11763
11764
11765
11773
13322
13323
13324
13325
13326
13327
13328
13329
13330
13331
13332
13333
13334
13336
13335
13337
13338
13339
13340
13342
13343
13344
13345
11797
11799
11801
11803
13346
13347
13348
13349
13350
11807
13351
13352
13353
13354
13355
13356
13357
13358
13359
13360
13361
13362
13363
13364
11829
13365
13366
13367
13368
13369
13370
11831
11835
13371
13372
13374
13375
13378
13382
11839
13387
13388
13389
13390
13391
13392
13393
13394
13403
13404
13410
13414
13419
12482
12491
12510
12523
12542
13123
13125
13155
13157
13189
13195
13221
13227
13257
13264
13265
13268
13269
13271
13289
13296
13297
13300
13301
13303
13321
13395
13396
13397
13402
13405
13406
13407
1559
1565
1564
1563
4546
4560
4559
4591
4592
4593
4594
4595
4596
4597
4598
4599
4600
4602
4603
4604
4605
4606
4607
4609
4610
4613
4615
4608
4618
4620
4614
4612
4624
4625
4626
4627
4629
4649
4619
4617
4621
4622
4623
4630
4628
4653
4655
4656
4657
4658
4659
4660
4661
4662
4663
4664
4870
4902
5067
5071
5075
5076
5083
5086
5099
5103
5115
5107
5118
5108
5119
5196
5197
5195
5199
5200
5203
5202
5205
5207
5208
5212
5210
5198
5215
5209
5214
5227
5228
5229
5230
5231
5232
5235
5234
5237
5240
5239
5241
5242
5260
5244
5246
5247
5252
5281
5292
5253
5268
5267
5264
5269
5256
5259
5261
5263
5271
5284
5278
5288
5285
5291
5300
5293
5295
5303
5299
5310
5296
5301
5313
5339
5340
5329
5316
5335
5314
5317
5325
5328
5342
5345
5341
5346
5348
5349
5357
5360
5361
5367
11525
11528
11529
12116
12148
12273
13016
13048
13461
13462
13496
13493
13464
13494
13607
13638
13660
13661
13659
13662
13670
13691
13692
13698
13694
13693
4557
4589
4590
4601
4611
12241
8129
8403
8412
8435
8444
8710
8742
8117
8128
963
973
995
997
1005
3929
14868
14880
14881
14893
14894
14896
14897
14898
14900
14741
14773
14824
14825
14828
14829
14830
14848
14849
14866
4710
5576
5582
5585
5608
5610
5614
5617
5640
5645
5646
5647
5648
5649
5650
5651
5578
5641
5642
5643
5644
5652
132
152
164
184
5429
5430
5432
5439
5448
5450
5454
5456
5457
5458
5459
5460
5461
5462
5463
5464
5466
5467
5468
5469
5472
5473
5480
5481
5482
5483
5484
5486
5488
5489
5490
5491
5492
5493
5494
5495
5496
5498
5499
5500
5501
5504
5505
5506
5509
5510
5512
5513
5514
5515
5516
5517
5518
6813
6814
6845
6846
9491
5431
5437
5434
5436
5438
5440
5441
5449
5451
5452
5453
5455
5465
5470
5471
5485
5487
5497
5502
5503
5511
8659
8661
8664
8665
8668
8691
8693
8696
8697
8698
8700
8705
8654
8666
8686
835
854
863
867
886
895
7823
15191
15223
16140
6413
6445
145
153
177
185
222
254
331
336
337
339
340
341
342
344
345
346
347
351
363
368
369
371
372
373
374
376
377
378
379
383
388
420
519
551
578
610
1320
1375
1407
1492
1497
1524
1529
1530
1550
1551
1582
1583
5716
516
14667
14699
548
16073
16105
16453
3730
3734
5706
5707
5710
5711
5712
5713
5719
11527
729
730
862
894
12050
13593
13625
7106
7138
986
987
1587
1669
1673
1674
1683
1689
1690
1692
1701
1705
1706
1715
1721
1722
1724
1819
1851
5000
5020
5022
5032
5054
8969
8972
8973
8977
8987
8990
9001
9002
9003
9004
9005
9009
9016
9019
9022
9024
9025
9026
9027
9031
9037
9043
9044
9045
9046
9049
9050
9053
9054
9055
9056
9057
9058
9059
9060
9061
9063
9065
9069
9075
9076
9077
9078
9081
9082
9085
9086
9087
9088
9089
9091
9092
9093
9095
9096
9097
9098
9099
9101
9102
9104
9105
9107
9110
9109
9111
9113
9409
9412
9426
9441
9444
9458
1738
14307
14313
14317
14322
14323
14324
14328
14330
14331
14332
14337
14339
14335
14344
14345
14347
14348
14349
14350
14352
14354
14355
14356
14357
14358
14359
14360
14361
14362
14369
14371
14376
14377
14379
14380
14381
14382
14384
14386
14387
14388
14389
14390
14391
14392
14393
14394
1744
1737
1739
1740
1741
1747
9028
9029
9033
1803
1809
1835
14333
14363
14364
14365
14366
14367
14395
14396
14397
14398
14399
14400
14401
14402
14403
14404
14405
14406
14407
14408
14409
14410
14432
14433
14436
14437
14438
14439
14440
14441
14442
14851
14878
14883
14850
14861
14882
4574
5529
5561
5559
5625
4930
4931
4932
4933
4934
4935
4936
4937
4962
4963
4966
9006
9010
9015
9870
9875
9882
9907
15505
15537
4917
1777
3938
3941
3944
3945
4821
4822
4823
4824
4825
4826
4827
4828
4831
4853
4854
4855
4856
4857
4858
4859
4860
4863
4872
4889
4890
4904
4921
4922
4938
1560
1567
9822
9854
9867
6540
6572
15621
15653
2154
2155
2158
2159
2160
2161
2164
2168
2171
2172
2438
2439
2938
2941
2315
2357
2331
2347
2358
2359
2360
2361
2363
3008
1876
1882
1883
10148
2055
2058
2059
2063
2067
2069
2074
2076
2077
2087
2090
2091
2095
2099
2101
2106
2108
2109
2112
2113
2117
2118
2121
2122
2144
2145
10947
10948
10951
10952
10953
10954
10961
10974
10975
10980
10983
10985
10986
10993
11006
11007
4919
10984
10979
3129
3130
3131
3132
3133
3612
3643
3644
3645
3646
3647
8377
8378
8380
8381
8523
8524
8590
8593
8594
8596
8597
8622
8625
8626
8628
8629
8916
13699
8118
8379
8595
8627
1902
1903
1905
1907
1908
1909
1910
1911
1912
1913
1914
1915
1917
1930
1965
1967
1968
1998
2030
3126
8948
9821
9853
9856
9859
9862
9866
9869
9871
9872
9874
9878
9881
9883
9884
9888
9891
9892
9894
9896
9898
9899
9900
9901
9903
9904
9906
9910
9913
9914
9915
9916
9930
9962
1875
10844
10847
10876
10879
10882
10883
10885
10887
10889
10890
10891
10892
10894
10895
10897
10898
10901
10904
10906
10907
10914
10915
10917
10919
10921
10922
10923
10924
10926
10927
10929
10930
10933
10936
10937
10938
10939
1904
1906
1928
1931
1933
1935
1936
1960
1963
2643
2644
2645
2646
2651
2654
11009
11010
11011
11012
11015
11016
11017
11018
11034
11039
11068
11069
11071
11075
11076
11078
11080
11098
11100
11101
11102
11103
11107
11108
11110
11130
2636
2638
2639
2640
2642
11083
11092
11094
11095
11097
15497
15529
12391
2120
2141
2143
2371
2384
2391
2392
2386
2387
2401
2402
2403
2404
2418
2419
2416
2423
2424
2609
2613
2616
2679
2681
2685
2687
2689
2688
2690
2708
2709
2710
2712
2713
2715
2740
2741
2742
2744
2745
2747
2912
2915
2916
2921
2943
2940
7590
7638
2119
2135
7107
7139
8040
8043
8045
8046
8047
8051
2142
2156
2365
2366
2367
2369
2370
2372
2385
2388
2389
2390
2417
2420
2421
2422
7629
8035
8039
4762
4794
9120
9123
452
453
484
485
984
3728
4090
4091
4093
4094
4097
4103
4106
4098
4105
4102
4109
4111
4110
4119
4120
4121
4122
4124
4125
4126
4127
4129
4130
4134
4135
4137
4138
4141
4142
4143
4151
4152
4153
4154
4156
4157
4159
4158
4166
4169
4172
4173
4175
4176
4178
4179
4181
4182
4183
4184
4186
4174
4185
4198
4187
4201
4204
4205
4206
4207
4208
4210
4211
4213
4214
4215
4216
4218
4219
4224
4225
4217
4228
15502
15534
4227
4226
4229
4230
4231
4243
4234
4248
4251
4247
4256
4257
4250
4260
4253
4255
4258
4261
4262
4263
4259
4266
4275
4059
4061
4087
4088
4089
4092
4095
4282
4279
4160
4161
4162
4163
4164
4165
4167
4168
4170
4171
4177
4180
4188
4189
4190
4191
4192
4193
4194
4195
4196
4197
4285
4199
4200
4202
4203
4209
4212
4287
4220
4221
4222
4223
4303
4232
4235
4236
4237
4238
4239
4240
4241
4242
4244
4245
4246
4249
4252
4254
4264
4302
4267
4268
4326
4335
4269
4270
4271
4272
4273
4274
4276
4352
4353
4355
4356
4359
4358
4361
4362
4363
4364
4365
4368
4369
4371
4372
4373
4374
4375
4376
4387
4397
4396
4277
4278
4280
4281
4283
4284
4286
4294
4295
4296
4297
4298
4299
4300
4301
4304
4305
4306
4307
4308
4309
4310
4311
4312
4313
4314
4315
4316
4317
4318
4319
4327
4328
4329
4330
4331
4332
4333
4334
4336
4337
4338
4339
4340
4341
4342
4343
4344
4345
4346
4347
4348
4349
4350
4351
4354
4357
4360
4366
4367
4370
4389
4398
4399
9543
9575
10186
10187
10192
10194
10195
10202
10205
10206
10218
10219
10427
10428
10429
10430
10431
10449
10450
10451
10474
10475
10479
10481
10482
10478
10483
10563
11977
11989
12009
12021
13113
13141
13173
13200
13232
13523
13548
13549
13554
13555
4400
4401
10426
10497
10498
10499
10500
10501
10502
10504
10505
10506
10508
10509
10510
10511
10514
10515
11294
11297
11298
11299
11300
11301
11302
11303
11304
13516
14032
14046
14064
14078
14080
14081
14082
14083
14085
14086
14089
14109
14112
14113
14114
14115
14117
14118
14121
15824
15825
15856
15857
15822
2128
2129
2127
2123
2132
2136
2139
2140
2248
2280
2330
2362
15831
2909
4616
4871
4903
4970
15823
15830
15834
15854
15855
15862
15863
15866
2373
2374
2375
2376
2405
2406
2407
2408
1007
5378
5381
5410
5413
2926
2924
2917
6301
6302
6303
6333
6334
6335
9952
9216
9220
9221
9226
9228
9229
9230
9231
9232
9233
9234
9235
9236
9237
9238
9239
9241
9242
9244
9246
9247
9248
9252
9253
9258
9260
9261
9262
9263
9264
9265
9266
9267
9268
9269
9270
9271
9273
9274
9276
9278
9279
9284
9288
9289
9290
9295
9299
9303
9312
9313
9314
9315
9316
9317
9318
9319
9320
9321
9322
9323
9324
9325
9326
9327
9328
9329
9331
9332
9333
9335
9348
9603
9606
9607
9920
9921
9924
9927
10221
10225
10226
10227
10228
10230
10232
10234
10236
10237
10238
10240
10614
10615
10617
10618
10622
10643
10644
10694
10696
10703
10705
10708
10709
10723
10726
10727
10728
10735
10737
10740
10741
10756
10762
10757
10763
10760
10766
10773
10769
10768
10770
10764
10765
10767
10771
10772
10774
10775
10776
10781
10782
10777
10780
10778
10779
10783
10788
10789
10792
11064
11082
11150
11151
11154
11156
11158
11159
11160
11162
11163
11164
11169
11172
11170
11182
11183
11293
11315
11316
11317
11318
11319
11320
11321
11322
11323
11324
11325
11326
11327
11329
11330
11337
11340
11350
11351
11361
11362
9302
11369
11372
9334
9602
11382
11383
9408
9601
9605
10224
10235
10239
10616
10621
10623
10642
10656
10657
10658
10659
10695
11155
11157
11161
11165
11166
11167
11171
11173
11174
11175
11178
11179
11328
11331
11332
11333
11334
11335
11336
11338
11339
11341
11342
11343
11344
11345
11346
11347
11348
11349
11360
11363
11364
11365
11474
11366
11367
11368
11370
11371
11373
11374
11375
11376
11377
11378
11379
11380
10630
10633
10675
10676
9959
10662
10665
9953
9956
11381
10624
10625
10626
10627
10628
10629
10631
10632
10634
10635
10636
10637
10638
10639
10671
10672
10673
10674
10663
10640
10641
10660
10661
10664
10666
10667
10668
10669
10691
10670
14724
14748
14751
14756
14780
14783
7835
12617
12649
3779
1422
1424
1425
1426
1427
1441
4139
4140
5731
5735
5736
5737
5751
5760
5762
5764
5763
5765
5767
5768
5771
5772
5774
5776
5779
5780
5781
5782
5783
5784
5785
5786
5787
5788
5790
5791
5792
5794
5795
5796
5797
5799
5800
5803
5804
5806
5808
5811
5814
5813
5812
5815
5816
5817
5818
5819
5820
5822
5823
5824
5826
5827
5828
5829
5830
5831
5832
5833
5836
5837
5839
5840
5841
5842
5844
5843
5846
5855
5856
5859
5860
5858
5861
5863
5862
5864
5865
5952
5953
5954
5955
5956
5957
5958
5959
5960
5961
5962
5963
5964
5965
5966
5967
5968
5969
5970
5971
5972
5973
5974
5975
5976
7819
7820
7822
7824
7850
7851
7852
7853
7854
7856
7857
7860
7862
7863
7865
7866
7871
7874
7876
7875
7878
7879
7881
7882
7884
7897
7893
7894
7895
7898
7899
7900
7901
7902
7903
7906
7907
7908
7910
7911
7914
7913
7916
7925
7926
7927
1408
1420
1423
1434
1435
1436
1437
1438
1439
4107
4108
5729
5825
5857
7855
7858
7859
7861
7877
7880
7909
7912
7763
7766
7767
7795
7798
7799
5558
5543
5557
5560
5662
5663
5686
5687
5689
5690
8737
9365
9397
9608
9304
10620
10702
10706
10713
10715
10718
10719
10722
10724
10732
10734
10738
10745
10744
10746
10747
10750
10751
10845
10877
11392
11393
11395
11394
11396
11397
11400
11401
11405
11406
11409
11410
11416
11419
11422
11423
11424
11425
11426
11427
9336
11420
11429
11432
11433
11437
11438
11441
11442
11448
11451
11452
11454
11455
10679
10680
10682
10683
10684
10685
10690
10692
10647
9306
9338
9350
9353
9357
9358
9359
9360
9361
9362
9363
9367
9368
9369
9371
9372
9373
9374
9391
9392
9393
9394
9395
9399
9400
9401
9403
9404
9405
9406
9604
9636
10648
10619
10650
10651
10652
10653
10700
10712
10714
11428
9479
9517
10208
14556
14521
15189
15197
2068
2100
15188
15190
15192
15220
15221
15222
15224
15229
2895
2896
2897
2898
2900
2901
2902
2903
2904
2905
2907
2910
3075
3456
3457
3458
3460
3461
3462
3463
3465
3466
3471
3480
3481
3483
3482
3484
3485
3486
3487
3488
3489
3490
3492
3491
3493
3494
3495
3496
3497
3498
3499
3500
3501
3502
3503
3504
3505
3506
3470
3474
3475
3476
3477
3478
3479
3762
3766
3475
3469
3472
3473
3476
3477
3478
3479
6047
3469
3472
3473
3767
6079
4884
4888
15993
15996
15999
16000
15945
15951
15952
15961
15964
15967
15977
15983
15984
15708
15740
15746
15778
14989
15021
15067
15071
15072
15079
15081
15082
15083
15084
15096
15098
15099
15103
15104
15123
15125
15136
15155
15157
15763
15795
16072
16104
16170
16171
16173
16183
16186
16182
16191
16192
16195
16209
16210
16211
16212
16213
16214
16222
16224
16227
16241
16242
16243
16244
16245
16246
16258
16254
16257
16259
16277
16278
16286
16289
16290
16291
16279
14990
16310
16318
16320
16311
16329
16337
16369
15022
15040
15047
15049
15050
15051
15052
15064
15066
15068
15070
15100
15102
15116
15148
16207
16239
16260
16261
16262
16263
16271
16292
16293
16294
16295
16303
16309
9477
9485
9483
9478
9480
9487
9488
9509
9492
9494
9495
9497
9511
9512
9510
9519
9520
9515
9524
9526
9525
9527
9529
9530
9532
9533
9534
9535
9536
10433
10432
10434
10435
10436
10437
10445
10438
10440
10452
10448
10466
10464
10465
10468
10472
10467
10469
10470
10471
10473
10477
10480
10484
10516
10512
10513
10517
10522
10525
10518
10520
10526
10527
10544
10545
10548
10549
10550
10552
10554
10557
10558
10559
10560
10561
10562
12055
2680
7237
7238
7240
7241
7269
7270
7272
7273
7382
9523
9528
9531
10496
10503
10507
10523
10524
10528
10529
10530
10531
10532
10533
10534
10535
10536
10537
10538
10539
10540
10541
10542
10543
10546
10547
10555
10556
10521
10553
4887
9144
9159
9305
9309
9310
9311
9337
9341
9342
9343
9345
9346
9347
9351
9352
9354
9355
9366
9398
10229
10231
10233
10748
10749
10761
10793
11353
11354
11355
11356
11357
11359
11385
11386
11387
11388
11389
11391
11404
11412
11414
11415
11436
11444
11446
11447
11456
11457
11458
11459
11461
11462
11463
11464
11465
11466
11468
11469
11470
11471
11473
11491
11495
11496
11497
10678
10687
10688
10689
10693
10697
10698
10699
10701
10717
10720
10721
10725
10646
10729
10655
10730
10731
10707
10710
10716
10733
10739
10742
2965
2966
2997
2998
11403
11435
10677
9364
9396
10681
980
983
10645
10649
10736
10704
10711
10743
1734
1735
1736
1742
1743
1745
1746
1748
1749
7117
7120
7149
7152
5073
5074
5077
5078
5105
5106
5109
5110
8398
8397
2893
3086
8429
8430
9126
9130
9139
9140
9160
9163
9172
9190
9191
9192
9193
9194
9195
9197
9198
9204
11878
11879
11880
11881
11882
11883
11884
11886
11885
9298
9330
9640
10654
10686
10755
10787
11398
11399
11402
11417
11418
11421
11430
11431
11434
11449
11450
11453
11408
11411
11443
10753
10754
10785
10786
11136
11144
11168
11176
4886
11440
4918
4885
13657
13658
13689
13690
12573
12605
1590
1593
1594
1598
1608
1610
1612
1614
1617
1640
1644
1642
1646
1649
1682
3886
3888
3896
3900
3903
3904
3906
3907
3908
3910
3911
3930
3934
3936
3939
3940
3942
3943
3962
3966
8477
8509
8521
8522
8553
8556
8558
8559
14685
14717
14732
14736
14737
14747
14764
14768
14769
14779
14784
14789
14816
14821
14867
14899
14872
14904
9308
9339
9340
9378
9379
9383
9384
9387
10056
10073
10074
10077
10078
10083
10084
10085
10086
10087
10080
10089
10090
10091
10092
10093
10094
10088
10096
10100
10102
10095
10098
10101
10099
10097
10103
10105
10104
10108
10106
10111
10113
10109
10110
10112
10114
10115
10116
10119
10117
10118
10121
10122
10123
10124
10125
10126
10127
10128
10129
10130
10131
10132
10153
10154
10155
10157
10158
10162
10189
10193
10196
10197
10198
10199
10201
10203
10204
10758
10759
10790
10791
11046
11051
11054
11055
11352
11358
11384
11390
11407
11439
11460
11467
11472
9307
9380
9377
9382
9375
9385
9386
9389
9390
9407
10079
10081
10082
10107
10200
10752
10784
11413
11445
5556
5593
12758
12790
4800
4832
15002
15001
15003
15004
15005
15006
14922
14954
15007
15008
15009
15010
15011
15012
15013
15014
15015
15016
15017
15018
15019
15020
15023
15024
15025
15026
15027
15028
15029
15030
15031
15032
15035
15033
15034
15036
15038
15037
15041
15039
15043
15042
15044
15045
15046
15053
15054
15055
15056
15063
15065
15069
15073
15074
15075
15076
15077
15078
15085
15086
15087
15088
15095
15097
15101
15105
15106
15107
15108
15110
15111
15112
15114
15113
15115
15118
15117
15121
15122
15124
15128
15130
15131
15129
15134
15132
15133
15135
15137
15138
15139
15140
15142
15143
15144
15145
15146
15147
15149
15150
15153
15154
15160
15156
15163
15161
15162
15165
15164
15120
15119
15166
15167
15168
15126
15200
15151
15152
15158
15219
15187
15304
15336
15639
15630
15760
15792
15814
15816
15662
15819
15671
15826
15827
15828
15829
15832
15833
15835
15836
15846
15848
15851
15755
15858
15859
15860
15861
15864
15865
15787
15867
15868
15817
15820
15821
15849
15852
15853
16172
16148
16178
16180
16181
16184
16187
16188
16175
16179
16147
16177
16176
16174
16190
16189
16197
16196
16194
16198
16199
16206
16208
16215
16216
14996
16217
16219
16218
16221
16220
16226
16228
16231
16230
16229
16238
16240
16250
16247
16248
16249
16252
16273
16274
16276
16280
16251
16253
16284
16256
16265
16264
16268
16269
16302
16281
16275
16285
16305
16306
16308
16312
16296
16297
16316
16287
16288
16301
16300
16325
16307
16313
16317
16321
16322
16319
16330
16324
16323
16327
16331
16362
14994
14993
14992
14991
14995
14997
14998
14999
15000
15109
15141
16185
16193
16223
16225
16255
16270
16272
16304
16326
16328
15048
15080
15363
15395
16282
16267
16283
16315
16299
16314
15159
15127
16204
16236
4564
4565
4568
14672
14669
14677
14680
14681
14684
8401
8433
7814
7846
3905
14534
9486
12022
11013
11019
11990
11992
11995
11996
12024
12027
12028
12035
12067
14302
14306
14326
14327
14334
14336
14338
14340
14341
14342
14343
14346
14351
14353
14370
14372
14373
14374
14375
14383
14378
14411
14385
14412
14444
14443
14111
14143
5551
5552
5553
5554
5555
8135
12673
12705
12864
12865
12866
12870
12876
12880
12882
12879
12893
12896
12897
12902
12898
12914
12911
12908
12912
13031
13084
12993
12999
13025
12779
12987
12990
2583
2588
2614
2617
2637
2620
2619
2589
2634
2621
2612
2626
2615
2633
2580
2582
2585
2587
2627
2648
2649
2647
2641
2652
2655
2656
2657
2684
2658
2659
1840
1863
1895
3081
3077
3080
3078
3079
3084
3083
3082
3085
3088
3093
3087
3094
3095
3097
3096
3099
3098
3103
3102
3104
3100
3101
3108
3109
3107
3114
3113
3112
3115
3125
3116
3119
3117
3118
3120
3111
3110
2632
2635
2650
2653
2682
2062
2066
2098
2094
3106
6785
6817
4679
13923
80
81
158
95
82
83
113
112
114
157
115
147
193
179
195
206
201
207
208
216
217
218
219
225
227
230
231
232
233
239
248
249
250
251
282
293
294
314
318
319
579
611
2005
2022
2026
2037
2052
2056
2084
2088
2162
4680
2786
2754
5377
5379
5380
5382
5383
5384
5385
5386
5387
5388
5389
5392
5400
5370
5372
5371
5374
5375
5373
5402
5405
5406
5407
5408
5409
5411
5412
5414
5390
5393
5415
5394
5416
5391
5396
5397
5398
5417
5418
5419
5420
5424
5427
5428
5421
5425
5404
5399
5422
5401
5403
5423
5426
5433
5435
5507
5508
4697
9552
9584
9823
9855
9969
9923
9932
9975
9931
9939
9963
9972
9976
9974
9977
9967
9968
9970
9971
9955
9964
9978
9979
10846
10878
11021
11014
11023
11024
11025
11026
11027
11028
11029
11030
11032
11033
11057
11061
11062
4689
4694
4698
8016
8048
94
96
156
292
317
5376
5395
9966
11020
11022
11031
11052
1098
1108
1113
1130
1140
1145
1174
1175
1176
1177
1178
1179
1180
1181
1182
1183
1184
1185
1186
1206
1207
1208
1209
1226
1227
1210
1211
1212
1213
1214
1215
1216
1217
1218
1219
1221
1220
1222
1223
1224
1225
1228
1230
1229
1231
1233
1232
1234
1236
1237
1238
1239
1240
1243
1241
1244
1245
1251
1247
1248
1249
1250
1263
1252
2437
2720
2722
2721
2949
3000
2968
3004
2972
2981
8142
8145
8146
8148
8149
8150
8152
8154
8155
8157
8158
8161
8162
8163
8164
8137
8143
8147
8144
8165
8168
8170
8171
8172
8173
8174
8178
8151
8159
8180
8181
8182
8184
8185
8177
8186
8187
8189
8190
8194
8195
8166
8169
8176
8175
8179
8183
8196
8197
8200
8201
8191
8192
8193
8204
8205
8207
8212
8213
8198
8202
8199
8216
8217
8220
8210
8203
8206
8208
8226
8227
8229
8209
8228
8211
8232
8214
8218
8219
8215
8236
8237
8239
8233
8222
8224
8221
8244
8223
8245
8225
8234
8230
8231
8235
8248
8249
8252
8238
8240
8241
8247
8242
8243
8246
8250
8253
8251
8256
8257
8258
8260
8261
8262
8254
8255
8259
8263
8265
8264
8451
8455
8457
8483
8487
8489
8589
8621
12680
12712
14690
14691
14695
14791
14803
14823
14835
14852
14853
14855
14854
14856
14857
14863
14869
14875
14876
1990
1994
2948
2980
8136
8140
8153
2928
2929
2930
2933
2934
2942
2939
3016
3039
3034
3038
3058
3036
3048
3059
3066
3068
3070
3071
5536
5538
15619
15620
15651
15652
16001
16065
16066
16067
16070
16068
16069
16097
16100
16098
16101
16099
16102
2925
2927
1105
1137
1372
1404
1555
1554
1586
3889
3892
3893
3897
3899
3901
4637
4720
2133
2131
2138
2134
2137
2146
2147
2723
2148
2692
2571
2725
2727
2693
2694
2696
2728
2691
2603
2724
2726
2695
2817
2847
2816
2819
2820
2848
14662
14694
14713
14734
14740
14766
14772
8450
8454
8482
8486
8525
8557
8560
12929
12961
9521
10223
14531
1922
1954
1997
2029
3811
3856
3857
3860
3758
11045
11840
11841
11842
11843
11872
11873
11874
11875
1867
11917
11980
4906
1853
14655
14660
14654
14664
1720
1714
1688
3359
3777
3780
3786
3798
13893
13920
13961
13889
14027
1821
6797
6799
7094
7111
7058
14619
14587
7815
7796
14623
14631
14628
14629
1824
4801
4833
10264
10296
15757
15789
15793
15761
2019
3774
7509
7541
7543
7575
7574
7511
7558
7563
7560
7559
7557
7561
7562
7565
7566
7568
7570
12230
4567
11982
14557
13399
13497
13498
13499
13500
13501
13398
13400
13502
13509
13541
5879
5881
5890
5891
5889
5894
5907
5905
5914
5919
5922
5887
5915
5900
5921
5901
5920
5892
5923
5883
5888
5937
5934
5932
5902
5926
5933
5946
7864
7869
5726
5947
6193
6156
5939
6161
6188
7883
7870
7915
7892
7867
7924
5724
5721
12587
12556
12609
12601
12555
12557
12569
12610
5734
12588
12608
12589
12627
12628
12632
12631
12629
12640
12642
12630
12660
12659
12634
12663
5720
12666
12641
12635
12681
12661
5752
12662
12684
5753
12688
12664
5756
12667
5758
12686
12676
5867
5870
12685
12687
12716
12717
12691
12689
12734
12694
5886
12708
12696
12721
12720
12719
12702
12741
12713
5895
5896
12733
5897
12695
5898
5899
12697
12701
12728
12742
12723
12727
12718
12726
12749
12750
5925
12729
12753
5927
5928
5929
5930
5931
12762
12756
12794
12754
12755
12797
12765
12782
12787
12785
12773
5951
12781
12788
12774
12786
7868
7885
7887
7888
7889
7890
7891
7917
7919
7920
7921
7922
7923
6791
6823
6796
6828
6831
6829
14723
14755
14562
14523
14536
14909
1890
9117
4929
12633
12665
13826
3887
1623
7765
14579
11976
14304
14674
9417
8690
1348
1347
1362
1399
1379
1378
1358
1834
1430
1377
1390
1432
1382
1403
1421
1580
1429
1866
1548
14549
10222
14568
1886
1887
1889
1856
12066
10444
11483
11555
11913
11481
11185
11876
12013
11945
12012
11981
12010
11969
11985
11994
3895
12018
12016
4045
12019
12023
12026
12015
4894
4910
4909
14560
13738
14566
4926
4927
9489
14678
14688
14563
14603
11983
14589
14590
14325
11997
9481
14595
9484
11993
9542
14613
7904
14581
14622
14538
7872
7847
14632
14505
7873
14547
14532
7928
14646
14652
14537
2065
2097
2060
4561
4562
2092
4569
4563
2125
4578
9973
4566
5338
5343
14528
11999
14491
9987
3776
1629
7057
11986
5732
5738
5739
5742
5743
5868
5869
5871
5909
5877
5744
5882
5911
5906
5880
5884
5941
5910
5745
5904
5908
5903
5936
5942
5938
5748
5940
5943
5935
5885
5878
5893
5924
5696
5728
9112
11998
11991
11988
12020
12031
12008
12025
12034
12029
12030
13119
13111
13552
13401
14489
14569
11984
11949
11978
13892
12014
14555
13922
12017
13891
6427
14551
14584
11478
14558
10213
9546
10220
1898
9475
9514
9518
9574
9449
9516
9522
1661
6231
14564
14530
9961
11145
13921
11987
10247
3898
10181
11480
13858
9986
11480
13890
1367
13747
13888
14548
11974
8714
14552
13715
13925
10176
13925
12006
14473
11974
14548
4878
14529
8746
1858
11987
4862
8658
13888
13890
4830
8694
13858
4077
4727
14539
1888
14535
14561
7061
1655
1964
8662
14550
14552
8081
13747
9482
8667
8699
14550
1953
14539
14567
9578
14567
14529
14588
14570
11145
3902
4874
1899
14583
5366
14588
14473
7797
10176
14582
4928
7059
8113
7060
14571
7062
2089
2116
7089
7091
7092
7093
7143
8924
8960
8992
9116
9954
9922
9929
1802
1808
1857
2002
2003
2010
2011
2012
2013
2014
2015
2016
2017
2018
2020
2034
2035
2042
2043
2044
2045
2046
2047
2048
2049
2050
2051
2054
2057
2064
2070
2071
2072
2073
2075
2078
2079
2080
2081
2082
2083
2086
2089
2114
2115
2116
4960
5065
5068
2157
2165
3869
3874
3875
2166
3876
2957
2959
2991
2989
3865
3867
3873
3871
3872
3877
14782
14786
14788
14790
14794
14795
14609
14615
14620
7764
14594
14596
14599
14621
14625
14630
14635
14640
14643
14645
14649
14650
14651
14653
13924
7764
8956
9122
9129
9133
9145
9148
9149
9152
9154
9155
9156
9157
9164
9167
9168
9173
9174
9176
9177
9178
9180
9184
9186
9187
9188
9189
9196
9199
9200
9205
9206
9208
9209
4877
4895
13924
12925
12924
