0
1
2
3
4
5
6
7
17
18
21
22
15305
15310
15325
516
517
518
527
535
537
541
542
543
544
545
546
548
549
550
553
554
555
556
557
558
559
567
569
573
574
575
576
577
579
578
580
581
582
583
584
585
587
619
766
13152
13157
13162
13167
764
765
894
893
895
896
897
898
899
900
901
1066
1089
1090
1091
1092
1093
1095
1096
1098
1101
1102
1119
1121
1122
1123
1124
1125
1127
1128
1130
1133
1134
1135
1136
1139
1150
1151
1152
1153
1154
1155
1157
1158
1159
1163
1164
1165
1167
1170
1172
1173
1174
1184
1175
1177
1179
1180
1181
1182
1185
1186
1187
1189
1190
1191
1193
1195
1196
1197
1199
1202
1204
1205
1206
1207
1209
1211
1212
1261
1277
13277
1278
1281
1282
1285
1287
1288
1301
1289
1290
1291
1293
1294
13282
1302
1303
1305
1306
1307
1309
1310
1311
1313
1314
1304
1308
1317
1319
538
1320
1321
1322
1323
13287
1333
1334
1335
1337
1338
1339
1341
1342
1343
1344
1346
1336
1340
1357
1358
1359
1360
1361
1376
1378
1389
1391
1390
1392
1393
1425
1438
1439
1457
16
19
20
536
539
540
570
1470
1471
15363
15364
15365
11773
11774
11775
13353
11776
11777
11778
11779
11780
11783
11784
15084
15086
15088
15089
15090
15093
15095
15097
15100
15101
15096
15098
15099
15104
15125
568
571
572
590
591
593
594
622
623
625
626
15126
15127
15133
15128
15129
15130
15131
15132
15134
15136
15140
15138
12797
12798
15146
12799
15151
15155
15157
15152
15153
15154
15156
15158
15159
15184
15189
15202
15204
15205
15194
15195
15196
15197
15198
15199
15200
15206
634
637
15209
15210
15215
15208
15211
15207
15213
15216
15217
15218
15219
15214
15221
15224
15223
15225
15226
15227
15228
15229
15230
15231
15232
15234
15236
15239
15241
15243
15244
15246
15247
903
15255
15256
15257
15258
1094
15259
15261
15270
15274
15275
15276
15278
15279
11420
11423
11424
1097
1126
1129
15265
11425
11426
11427
11428
11429
11430
11432
11433
11434
11436
11437
11438
11439
11441
11452
11455
11471
11474
1160
1192
11503
11506
13267
1229
11581
11582
11583
11585
11586
11587
11588
1245
1246
11591
11592
11595
11596
11597
11598
11599
11600
11601
11602
15102
15103
15105
15135
15137
15139
15201
15203
11603
11604
11605
11606
11607
11610
11611
11612
15335
11613
11617
11618
15341
15342
11725
15345
15346
15355
11731
11732
11729
11730
15359
3598
3603
3630
3635
3659
3676
4166
4167
4168
4171
4173
4174
4175
4177
4179
4183
4185
4189
4191
4195
4196
4198
4199
4200
4204
4205
4206
4207
4209
4211
4215
4217
4221
4223
4231
12430
4299
4381
4383
4395
4398
4400
4404
4406
4408
4413
4415
4420
4424
4427
4433
4434
4440
4443
12674
12675
12676
12677
12680
12681
12682
12683
12684
12685
12686
12687
12688
12689
12706
12707
12708
12709
12715
12712
12713
12714
12716
12717
12718
12719
12720
12721
12736
12737
12741
12742
12748
12751
12765
12766
12767
12768
12769
12773
12774
12780
12783
4599
4601
4605
4609
4610
4613
4615
4620
4622
4624
4625
4626
4627
4628
4629
4630
4634
4636
4637
4641
4642
4645
4647
4656
4657
4658
4659
4660
4661
4662
4666
4668
4669
4680
4684
4688
4689
4696
4697
4700
4710
4712
4716
4720
4721
11650
12958
11735
11736
11737
11738
11741
11742
11743
12990
13010
13011
13013
13014
13015
13028
13018
13019
12362
12364
12365
12366
12367
12368
12363
12369
12370
13086
13087
13088
13089
12371
13090
13091
13092
13093
12372
13094
12373
3658
3668
3671
12262
12263
4172
4176
4208
4298
4300
4380
4382
4386
4389
4391
4393
4394
4412
4414
13120
13121
13122
13123
13124
13125
13128
13129
13130
13131
13132
13133
13135
13141
13146
13149
13153
13154
13155
13156
13160
13161
13163
13164
13165
13173
13178
13181
12395
13218
13219
13220
13221
13224
13225
13226
13227
13229
13230
13234
13235
13237
13238
13240
13241
13242
13243
13247
13250
13252
13253
13254
13255
13256
13258
13259
13265
13266
13271
13273
13274
13278
13281
13284
13285
13286
13288
12413
13293
13296
13298
13299
13303
13290
13291
13294
13304
13316
13315
13317
13318
13319
13320
13321
13322
13325
13328
13332
13335
13333
13337
13348
13345
13347
13349
13350
13351
13352
13354
13357
13360
13605
13604
13607
13608
13611
13614
13617
13618
13748
13770
13769
13802
13801
13924
13927
14038
14039
14040
14041
14042
14043
14044
14045
14046
14047
14062
14054
14055
14058
14059
14065
14070
14071
14072
14073
14074
14075
14076
14077
14078
14079
14080
14084
14085
14087
14088
14089
14090
14093
14094
14095
13262
13272
14562
14563
14570
14571
14604
14605
14606
14607
14609
14610
14611
14612
14613
14614
14617
14618
14619
14636
14637
14638
14639
14641
14642
14643
14644
14645
14646
14649
14650
14651
14653
14654
14655
14656
14657
14658
14666
14667
14670
14659
14660
14661
14662
14663
14664
14665
14669
14674
14671
14672
14673
14675
14676
14677
14681
14682
14678
14679
14680
14683
14684
14685
14686
14687
14688
14689
14690
14691
14692
14693
14694
14695
14696
14697
14698
14699
14702
14706
14701
14703
14704
14705
14707
14708
14713
14714
14709
14710
14711
14712
14715
14716
14724
14717
14718
14719
14720
14721
14722
14723
14725
14726
14727
14728
12381
12384
12394
12397
12400
12403
13249
13260
13261
13264
14729
14730
14749
14750
14751
14752
14753
14754
14755
14757
14761
14762
15358
6724
15020
15022
15023
15024
15031
15026
15027
15030
15034
15039
15044
15045
15047
15048
15049
15050
15052
15054
15061
15063
15064
15056
15057
15058
15065
15068
15069
15066
15067
15076
15077
15079
15080
15081
15082
15106
15108
15109
15110
15111
15112
15113
15114
15115
15116
15117
15118
15119
15120
15121
15123
15122
15124
15141
15142
15143
15144
15145
15147
15148
15149
15150
15160
15161
15162
15165
15163
15164
15166
15168
15170
15173
15172
15174
15177
15178
15183
15176
15181
15186
15175
15179
15185
15187
15192
15191
15193
15182
7022
7025
15267
15269
15271
15273
15287
15288
15289
15290
15291
15293
15296
15297
15303
15299
15301
15306
15304
15309
15313
15314
15319
15322
15323
15324
15326
15327
15328
15329
15331
15332
15338
15333
15336
15337
15354
15356
15357
15759
15761
15762
15763
15765
15766
15767
15768
15769
15770
15776
15777
15778
15779
15780
15781
15782
15783
15784
15785
15786
15787
15788
15789
15791
15793
15794
15795
15797
15798
15799
15800
15801
15802
14756
15808
14759
15811
15813
13292
15025
15028
15029
13297
15032
15035
15036
15829
15830
15038
15833
15040
15041
15042
15834
15838
15839
15043
15046
15840
15070
15071
15072
15073
15074
15075
15078
15843
10
15300
11
12
13
14
28
55
56
57
58
59
60
61
515
519
520
521
522
15107
15167
15169
15171
15771
15772
15773
15803
15804
15805
15817
523
524
525
526
528
529
530
532
533
534
547
552
560
561
562
564
565
566
780
786
787
793
794
792
812
818
819
824
825
826
843
844
862
861
863
1061
1156
1161
1162
1166
1168
1169
1171
1176
1178
1188
1194
1198
1200
1201
1203
1208
1210
1226
1227
1228
1230
1231
1232
1234
1250
1251
1252
1253
1254
1255
1257
1258
1259
1260
1262
1263
1264
1266
1345
1347
1348
1349
1350
1367
1370
1371
1372
1373
1375
1377
1379
1380
1381
1382
1383
1384
1385
1386
1387
1388
1399
1402
1403
1404
1405
1407
1408
1411
1412
1413
1440
1443
1444
1445
1812
1817
1968
1969
1972
1973
1974
1978
1980
1981
1982
1983
1984
1985
1986
1989
1992
1993
1994
1995
1996
1997
1998
1999
2000
2002
2003
2004
2005
2006
2007
2008
2009
2016
2017
2018
2025
2026
2027
2028
2029
2030
2031
2032
2034
2035
2036
2037
2038
2039
2040
2041
2048
2087
2089
2090
2091
2094
2095
2129
2131
2132
2134
2135
2136
2137
2138
2140
2143
2144
2145
2146
2147
2148
2149
2150
2151
2152
2153
2154
2155
2156
2157
2158
2159
2160
2161
2162
2163
632
1146
1147
1809
1976
1979
2164
2166
2167
2168
2169
2170
2172
2175
2176
2203
2204
2206
2207
2208
2219
2220
2224
2226
2227
2228
2229
2230
2233
2234
2235
2236
2238
2239
2240
2241
2244
2248
2260
2262
2263
2266
2272
2273
2276
2280
2292
2294
2295
2298
2304
2305
2306
2308
2309
2310
2311
2312
2316
2317
2318
2319
2320
2321
2323
2324
2327
2329
2330
2332
2333
2334
2336
2337
2338
2340
2341
2342
2343
2344
2348
2349
2350
2351
2352
2353
2355
2356
2359
2361
2362
2364
2365
2366
2368
2369
2456
2458
2463
2488
2490
2495
2500
2503
2504
2510
2511
2519
2532
2535
2536
2542
2543
2588
2589
2590
2591
2594
2620
2621
2622
2623
2624
2627
2628
2633
2636
2637
2640
2641
2654
2655
2656
2659
2660
2690
2691
2755
2766
2767
2770
2771
2787
2798
2799
2802
2803
2820
2821
2822
2823
2825
2826
2827
2829
2830
2831
2832
2833
2852
2853
2854
2855
2857
2858
2859
2861
2862
2863
2864
2865
2885
2886
2889
2890
2897
2917
2918
2921
2922
2995
2996
2997
2998
3001
3002
3003
3004
3007
3008
3009
3011
3012
3014
3015
3016
3017
3018
3020
3021
3022
3023
3024
3025
3026
3027
3028
3029
3030
3031
3032
3033
3034
3035
3036
3037
3038
3039
3040
3041
3043
3044
3046
3047
3048
3049
3050
3052
3053
3054
3074
3075
3078
3085
3106
3107
3110
3117
3137
3138
3142
3144
3145
3146
3147
3148
3150
3151
3155
3157
3158
3159
3160
3161
3167
3169
3170
3172
3174
3175
3176
3177
3178
3179
3180
3182
3183
3185
3187
3188
3189
3190
3191
3192
3193
3194
3195
3196
3197
3198
3199
3200
3220
3221
3222
3223
2222
2225
2307
2339
3102
3134
3140
3143
3153
3156
3226
3232
3235
3239
3242
3245
3254
3255
3258
3264
3291
3292
3293
3296
3331
3335
3336
3338
3339
3340
3341
3342
3345
3348
3349
3350
3351
3352
3353
3354
3363
3367
3368
3370
3371
3372
3373
3374
3377
3380
3381
3382
3383
3384
3385
3386
3408
3440
3450
3520
3522
3523
3524
3525
3526
3528
3529
3530
3531
3537
3538
3539
3541
3542
3543
3544
3545
3546
3547
3548
3549
3550
3551
3552
3554
3555
3556
3557
3558
3560
3561
3562
3563
3569
3570
3571
3573
3574
3575
3576
3577
3578
3579
3580
3581
3582
3583
3601
3633
4169
4170
4178
4180
4181
4182
4186
4187
4188
4190
4192
4193
4201
4202
4210
4212
4213
4203
4214
4218
4219
4184
4220
4222
4216
4379
4397
4399
4401
4402
4403
4405
4407
4411
4418
4419
4421
4422
4423
4426
4429
4430
4442
4445
4446
4598
4600
4602
4603
4604
4608
4611
4612
4614
4617
4621
4623
4631
4632
4633
4639
4640
4643
4644
4646
4649
4652
4653
4654
4655
4663
4664
4665
4692
4693
4694
4695
4699
4703
4724
4725
4726
4727
4728
4729
4731
4732
4735
4736
4737
4738
4739
4740
4741
4742
4743
4744
4745
4746
4747
4749
4750
4751
4752
4754
4755
4756
4757
4758
4759
4760
4761
4762
4763
4764
4765
4767
4768
4769
4770
4753
4771
3392
3402
3405
3412
3418
3421
3424
3434
3437
3444
3677
3709
4766
4772
4773
4774
4775
4776
4777
4778
4779
4781
4782
4783
4784
4786
4787
4788
4789
4790
4791
4792
4793
4810
4813
4819
4820
4821
4822
4823
4825
4851
4852
4853
4854
4855
4857
4859
4860
4861
4862
4863
4864
4865
4866
4867
4868
4869
4870
4871
4872
4873
4874
4875
4876
4877
4878
4879
4880
4881
4883
4884
4885
4886
4887
4888
4889
4890
4891
4892
4893
4894
4895
4896
4897
4898
4899
4900
4901
4902
4903
4904
4905
4906
4907
4908
4909
4910
4911
4912
4913
4915
4916
4917
4918
4919
4920
4921
4922
4923
4924
4925
4926
4927
4939
4942
5014
5017
5026
5027
5028
5029
5030
5031
5032
5034
5036
5037
5092
5093
5094
5121
5124
5125
5128
5129
5130
5133
5134
5135
5139
5141
5142
5143
5144
5145
5166
5167
5185
5186
5187
5188
5191
5192
5217
5218
5219
5220
5223
5224
5316
5319
5404
5414
5436
5443
5504
5507
5524
5525
5528
5529
5530
5532
5533
5534
5536
5539
5556
5557
5560
5561
5562
5564
5565
5566
5568
5569
5570
5571
5572
5574
5575
5576
5577
5580
4930
4933
4934
5581
5597
5600
4958
4962
4965
4966
5601
5602
5603
5604
5606
5607
5608
5609
5612
5613
5629
5632
5635
5137
5654
5140
5664
5667
5146
5169
5195
5211
5214
5215
5718
5719
5720
5721
5724
5725
5726
5935
5936
5937
5938
5939
5940
5227
5941
5942
5943
5944
5947
5243
5948
5949
5951
5953
5954
5955
5246
5247
5248
5249
5956
5957
5958
5959
5256
5960
5961
5962
5963
5964
5966
5967
5968
5969
5970
5971
5974
5975
5985
5272
5275
5986
5987
5988
5989
5990
5991
5992
5993
5994
5995
5996
5997
5998
5999
6000
6001
5276
5278
5279
5280
5281
5288
5304
5307
5308
5310
5311
6002
6003
6006
6007
6010
6015
6016
6018
6019
6039
6040
6041
6044
6048
6050
6872
6873
6876
6877
6889
6890
6904
6905
6908
6909
7176
7177
7179
7180
7181
7192
7208
7209
7211
7212
7213
7224
7233
7236
7237
7240
7265
7268
7269
7272
11421
11443
11453
11580
11584
11616
11652
11653
11785
12264
12265
12266
12267
12268
12269
12272
12273
12276
12352
12353
12354
12355
12356
12359
12360
12361
12374
12375
12382
12383
12385
12386
12387
12388
12389
12390
12391
12392
12393
6051
6053
6055
6056
6725
6730
6815
6818
6880
6883
12398
12405
12408
12429
12432
12433
12441
12465
12473
12507
12508
12509
12510
12539
12540
12541
12542
12547
12551
12552
12564
12565
12566
12567
12568
12569
12570
12573
12574
12579
12583
12584
12596
12597
12598
12599
12600
12601
12602
12605
12606
12690
12691
12722
12723
12740
12743
12744
12747
12749
12752
12753
12754
12755
12756
12757
12758
12761
12762
12763
12764
12772
12775
12776
12779
12781
12784
12785
12786
12787
12788
12790
12789
12793
12794
12795
12796
12806
12807
12808
12809
12811
12812
12816
12817
12823
12826
12838
12839
12840
12841
12843
12844
12848
12849
12855
12858
12950
12951
12959
12960
12982
12983
13029
13030
13033
13034
13116
13119
13126
13127
13134
13143
13158
13159
13166
13175
13223
13228
13231
13232
13233
13236
13239
13244
13245
13248
13251
13246
12434
12435
12461
12462
12464
12484
12516
12544
12557
12558
12559
12560
12561
12563
12576
12589
12590
12591
12592
12593
12595
12928
13257
13289
13323
13329
13330
13331
13334
13338
13339
13340
13341
13342
13343
13344
13355
13361
13717
13718
13720
13716
13723
13724
13726
13727
13749
13750
13752
13755
13756
13758
13759
13834
13835
13836
13837
13840
13841
13873
14081
14082
14096
14097
14108
14110
14113
14114
14169
14294
14295
14296
14297
14298
14299
14300
14301
14302
14320
14321
14322
14324
14326
14327
14328
14329
14330
14331
14364
14366
14367
14368
14371
14372
14373
14377
14379
14380
14381
14382
14383
14427
14428
14429
14430
14459
14460
14461
14462
14583
14584
14585
14586
14587
14588
14589
14590
14591
14592
14593
14594
14595
14112
14173
14375
14378
15233
15240
15266
15407
15242
15264
15268
1237
1238
1239
1242
1269
1270
1271
1274
1280
1284
1312
1316
1283
1315
4607
5402
5434
5440
5441
5442
5444
5445
5446
5447
5448
5474
5476
5475
5478
5479
5477
5480
6891
4606
5201
12436
13150
13151
13182
13183
13190
13186
13187
13188
13189
13191
13192
13193
13196
13194
13195
13199
13200
13197
13198
13202
13204
13203
13205
13206
13208
13209
13210
13211
13215
13222
12426
12458
12466
12467
12468
14201
14209
14210
12548
12580
14213
14229
14233
14236
14241
14242
14245
14239
14265
14268
14271
14292
15235
15237
15272
14205
14208
14240
7178
7210
15835
15760
15790
15792
12376
12402
14608
14615
14616
14640
14647
14648
14668
14700
15021
15053
15085
15260
15292
15775
15810
15814
15815
15821
15807
15822
15819
15816
15826
15842
15263
15295
4698
4701
4730
4733
4748
4780
4882
4914
4941
12406
12407
12692
12693
12694
12697
12698
12699
12700
12701
12702
12703
12724
12725
12726
12729
12730
12731
12732
12733
12734
12735
12738
12739
12770
12771
5233
13142
13144
13145
13148
13174
13176
13177
13180
5973
6005
15238
1542
1543
1548
1549
1580
1581
1601
1604
1619
1620
1624
1626
1627
1628
1629
1630
1633
1636
1651
1652
1656
1658
1659
1660
1661
1662
1667
1671
1672
1674
1675
1676
1677
1679
1680
1683
1684
1685
1686
1687
1688
1689
1690
1693
1694
1715
1716
1717
1718
1719
1720
1721
1722
1725
1726
1768
1769
1770
1771
1774
1775
1776
1622
4635
4638
4667
1625
1654
1657
1747
1759
1779
5965
1791
12378
12379
12410
12411
12414
12415
12416
12417
12419
12448
12449
12451
13095
13096
13268
13300
13673
13674
13721
13753
13765
13797
14100
14104
14106
14332
14333
14334
14336
14339
14340
14341
14345
14346
14347
14348
14349
14350
14351
12428
12460
13100
13102
13892
13895
14343
1415
1447
7175
7196
7197
7198
7199
7200
7202
7203
7205
7207
7228
7229
7230
7231
7232
7234
7235
7264
7266
7267
11472
11477
11480
11482
11483
11486
11504
11509
11512
11514
11515
11518
11520
11521
11522
11523
11524
11527
11528
11556
11559
11560
12404
5245
853
854
855
856
902
914
915
916
917
918
919
920
921
922
923
924
925
928
929
930
931
932
934
936
940
933
942
943
944
945
946
947
948
949
950
951
952
953
954
955
956
957
978
979
980
981
982
985
986
1351
1352
1353
1748
1780
1814
1987
1988
2001
2010
2011
2012
2013
2015
2019
2020
2033
2042
2043
2044
2045
2047
2049
2050
2053
2054
2055
2056
2057
2058
2059
2060
2062
2063
2065
2067
2077
2080
2081
2082
2085
2086
2088
2092
2114
2115
2178
2180
2181
2182
2184
2185
2186
2187
2188
2189
2190
2192
2193
2194
2195
2196
2197
2198
2200
2201
2202
2210
2212
2213
2214
2216
2217
2218
2221
2232
2271
2303
2314
2322
2326
2328
2346
2354
2358
2360
3010
3013
3042
3045
3079
3080
3081
3082
3084
3086
3087
3091
3096
3097
3111
3112
3113
3114
3116
3118
3119
3123
3128
3129
938
3333
3334
3365
3366
3521
3532
3533
3534
3535
3540
3553
3564
3565
3566
3567
3572
5193
5225
5702
5705
5707
5709
5710
5730
5734
5737
5739
5741
5742
5834
5835
5836
5837
5838
5839
5840
5841
5842
5843
5844
5845
5846
5849
5850
5852
5855
5856
5857
5859
5861
941
5862
5863
5864
5865
5866
5867
5868
5869
5870
5871
5872
5873
5874
5875
5899
5900
5903
5904
5905
5906
5907
5908
5909
5910
5931
5932
6726
6727
6728
6729
6731
6732
6733
6734
6735
6736
6737
6739
6740
6742
6743
6744
6745
6747
6748
6749
6750
6751
6752
6753
11445
11447
11481
11513
11526
11532
11538
935
11539
11541
11558
11564
11570
11571
11573
11574
11575
11578
11579
1100
1132
1137
1140
1141
12148
12161
12164
12165
1354
1355
1356
12193
12196
12197
12249
12250
12252
12253
12254
12255
12281
12282
12284
12285
12286
12287
12289
12293
12295
12304
12321
12325
12327
12336
12673
12678
12679
12695
12696
12704
12705
12710
12711
12727
12728
12805
12824
12837
12856
12882
12883
12914
12915
12932
12933
12964
12965
13326
13358
13885
13888
13889
13890
13894
13896
13897
13898
13899
13900
13901
13902
13903
13904
13905
13907
13908
13910
13913
13914
13916
13920
13921
13922
13926
13928
13929
13930
13931
13932
13933
13934
13935
13936
13937
13939
13940
13942
13945
13946
13948
14049
14053
14732
14735
14741
14745
14746
14758
15812
15823
15844
5698
6746
12166
12227
12259
13039
13040
13041
13044
13042
13043
13045
13048
13046
13047
13050
13051
13060
13061
13074
13084
13085
13117
13118
11782
11788
11793
11794
11796
11797
11800
11801
11802
11804
11805
11806
11807
11808
11814
11809
11810
11811
11812
11815
11817
11820
11816
11825
11826
11828
11829
11832
11833
11834
11836
11837
11838
11840
11841
11842
11843
11844
11845
11847
11850
11851
11853
11854
11855
11856
11857
11858
11859
11861
11862
11864
11868
11869
11894
11896
11468
11839
3679
11872
11874
11875
11876
11877
11879
11882
11883
11885
11886
11887
11888
11889
11890
11891
11893
11900
11904
11905
11912
11915
11920
11924
11925
11926
11928
11930
11931
11944
11947
11952
11956
11957
11958
11960
11962
11963
11964
11971
11972
11973
11975
11978
11980
11981
11982
11984
11985
11986
11987
11988
11989
11990
11991
11992
11993
11994
11995
11997
11998
11999
12003
12004
12005
12007
12010
12012
12013
12014
12016
12017
12018
12019
12020
12021
12022
12023
12024
12025
12026
12027
12029
12030
12031
12032
12037
12038
12040
12041
12042
12043
12053
12056
12059
12060
12061
12063
12064
12069
12070
12072
12073
12091
12092
12093
12095
12099
12101
12103
12104
12105
12106
12113
12114
12115
12116
12119
12120
12121
12145
12146
12147
12977
12980
12981
13012
13016
13032
13037
13684
13766
13779
13800
13827
13830
13038
13858
13869
13870
13871
13872
13874
13875
13876
13877
13878
13879
13880
13881
13906
13909
13911
13912
13915
13917
13918
13919
13923
13925
13938
13941
13943
13944
13947
13949
13950
13951
13952
13953
13954
13955
13956
13957
13958
13959
13960
13961
13962
13963
13964
13965
13966
13967
13968
13969
13970
13992
13993
13994
13995
13996
13997
13998
13999
14000
14001
14002
14003
14004
14005
14006
14007
14008
14009
14010
14011
14012
14013
14014
14015
14037
14048
14050
14051
14052
14056
14057
14060
14061
14063
14064
14066
14067
14068
14069
14083
14091
14092
15828
6042
6043
6045
6046
6047
6049
6052
6054
12603
12604
12607
12608
12609
12610
12611
12612
12613
12614
12615
12616
12617
12618
12619
12620
12621
12622
12623
12624
12625
12626
12627
12628
12629
14431
14432
14433
14434
14435
14436
14437
14438
14439
14440
14441
14442
14443
14444
14445
14446
14447
14448
14449
14450
14451
14452
14453
14454
14455
14456
14457
14458
14463
14464
14465
13275
14561
14564
14565
14566
14567
14568
14569
14572
14573
14574
14575
14576
14577
14578
14579
14580
14581
14582
14596
14597
14598
14599
14600
14601
14602
14603
14635
14652
6468
6469
6470
6471
6472
6473
6474
6475
6476
6477
6478
6479
6480
6481
6482
6483
6505
6506
6507
6508
6509
6510
6511
6512
6513
14731
14733
14734
14736
14737
14738
14739
14740
14742
14743
14744
14747
14748
14760
14780
6601
6602
6603
6604
6798
6799
6800
6801
6802
6803
6804
6805
6806
6807
6808
6809
6810
6811
6812
6813
6814
6816
6817
6819
6820
6821
6822
6823
6824
6825
6826
6827
6828
6829
6830
6831
6832
6833
15017
15018
15019
15033
15037
15051
15055
15059
15060
15062
6892
6893
6894
6895
6896
6897
6898
6899
6900
6901
6902
6903
6906
6907
6910
6911
6912
6913
6914
6915
6916
6917
6918
6919
6920
6921
6922
6942
6943
6944
6945
6946
6947
6948
6949
6950
6951
6952
6953
6954
6955
6956
6957
13302
6968
6969
6970
6971
6972
6973
6974
6975
6976
15180
15188
15190
7011
7012
7013
7014
7015
7016
7017
7018
7019
7020
7021
7023
7024
7026
7027
7028
7029
7030
7031
7032
7033
7034
7035
7036
7037
7038
7039
7040
7041
7042
7043
7044
7045
7046
7047
7048
7049
7050
7051
7052
7053
7054
7055
7056
7057
7058
7059
7060
7061
7062
7063
7064
7065
7066
7067
7068
7069
7070
7071
7072
7073
7074
7075
12802
12803
12804
15262
7091
7092
7093
7094
7095
7096
7097
7098
7099
12810
15294
15298
15302
12813
15307
15308
12814
15311
15312
12815
15316
15317
15318
15321
12818
15334
12819
15339
12820
7158
7159
7160
7161
7162
7163
7164
7165
7166
7167
12821
12822
15353
7182
7183
7184
7185
7186
7187
7188
7189
7190
7191
7193
7194
7195
7201
7204
7206
7214
7215
7216
7217
7218
7219
7220
7221
7222
7223
7225
7226
7227
7238
7239
7241
7242
7243
7244
7245
7246
7247
7248
7249
7250
7251
7252
7253
7270
7271
7273
12842
12845
12846
12847
12850
12851
12852
12863
12864
12865
12866
12867
12868
12869
12870
12871
12872
12873
12874
12875
12876
12877
12878
12879
12880
12881
12884
12885
12886
12887
12888
12889
12890
12891
12892
12893
12894
12895
12896
12897
12898
12899
12900
12901
12902
15764
12903
12904
12905
15774
12906
12907
12908
12909
12910
15796
12911
12912
15806
12913
15809
15820
12916
15824
15825
15827
12917
15831
15832
12918
15836
15837
12919
15841
12920
12921
12922
12923
12924
12925
12926
12927
12929
12930
12931
12934
12935
12936
12937
12938
12939
12940
12941
12942
12943
12944
12945
12946
12947
12948
12949
12952
12953
12954
12955
12956
12957
12961
12962
12963
12966
12967
12968
12969
12970
12971
12972
12973
12974
12975
12976
12828
15433
12829
13054
13062
13063
13066
13067
13068
13069
13073
11860
11863
11865
11866
11867
11895
11897
11898
11873
11892
11899
11922
11954
3076
3077
3088
3108
3109
3120
3267
3268
3269
3270
3271
3272
3273
3274
3275
3276
3277
3278
3279
3286
3287
3290
3299
3300
3301
3302
3303
3304
3305
3306
3307
3308
3309
3310
3311
3332
3343
3346
3347
3364
3375
3378
3379
12107
12108
12109
12110
12111
12112
12139
12140
12141
12142
12143
12144
3252
4197
4416
4448
4450
4451
4452
4454
4455
4453
4458
4456
4464
4466
4472
4474
4475
4477
4478
4479
4480
4481
4482
4483
4484
4485
4488
4489
4490
4491
4492
4493
4494
4495
4498
4499
4500
4502
4503
4504
7076
7077
7078
7079
7080
7082
7083
7084
7085
7088
7100
7101
7102
7103
7104
7105
7106
7107
7109
7110
7111
7113
7114
7115
7116
7118
7126
7127
7128
7129
7130
7133
10867
10879
10882
10887
10892
10895
10902
10903
10914
10919
11026
11027
11033
11035
11037
11038
11041
11057
11058
11059
11092
11124
11137
11160
11161
11164
11167
11169
11175
11192
11193
11196
11199
11206
11208
11209
11211
11212
11215
11216
11238
11240
11241
11243
11244
11247
11248
11270
11272
11273
11302
11304
11305
11330
11339
11340
11357
11358
11359
11362
11371
11372
11389
11390
11391
11392
11393
11394
11395
11396
11397
11398
11400
11401
11402
11404
11405
11406
11408
11407
11409
11411
11440
4432
4447
4459
4461
4462
4465
7119
1060
3597
3629
2014
2046
2125
2120
2128
2139
2171
2231
2247
2279
2442
2441
2457
2474
2473
2489
2761
2762
2793
2794
2834
2835
2866
2867
3019
3051
6738
6741
4194
4785
4824
4856
1145
1149
1148
3715
12198
5213
1235
1236
1240
1243
1244
1267
1268
1272
1275
1276
1286
1318
1574
1575
2066
2068
2075
2076
2116
2117
2118
2119
2121
2122
2123
2124
2126
2127
2130
2133
2142
2165
2174
2177
2191
2199
2209
2223
2265
2269
2270
2297
2301
2302
2454
2459
2460
2461
2462
2464
2467
2469
2471
2472
2486
2491
2492
2493
2494
2496
2497
2498
2499
2502
2528
2529
2530
2531
2534
2692
2693
2696
2697
2728
2729
2746
2747
2748
2750
2751
2752
2753
2754
2756
2759
2760
2763
2764
2765
2768
2769
2772
2773
2774
2775
2776
2777
2778
2779
2780
2781
2782
2783
2784
2785
2786
2788
2791
2792
2795
2796
2797
2800
2801
2804
2805
2806
2807
2808
2809
2810
2811
2812
2813
2814
2815
2816
2817
2819
2848
2849
2851
2892
2994
3104
3355
3356
3359
3362
3387
3388
3391
5972
6004
12149
12150
926
958
1777
1778
5598
5630
5847
5901
5902
5933
5934
6606
6612
6613
6615
6619
6627
6631
6632
6635
6636
6638
6644
6645
6647
6651
6834
11484
11516
12489
12521
6658
12443
12475
12588
4812
4818
4850
7472
7490
7504
7522
7536
7627
7629
7633
7474
7635
7498
7495
7517
7473
7488
7489
7643
7645
7497
7500
7502
7503
7505
7507
7508
7511
7512
7649
7652
7653
7514
7515
7516
7654
7656
7518
7519
7520
7521
7527
7529
7530
7659
7661
7532
7534
7535
7668
7537
7665
7669
7672
7667
7539
7540
7543
7544
7546
7547
7548
7549
7673
7675
7677
7550
7551
7552
7553
7560
7562
7566
7568
7681
7684
7570
7572
7575
7685
7686
7576
7582
7687
7717
7718
7719
7720
7584
7724
7729
7725
7585
7592
7594
7728
7598
7600
7602
7604
7734
7737
7738
7739
7607
7608
7744
7628
7630
7753
7764
7765
7768
7770
7771
7772
7773
7776
7756
7755
7787
7785
7634
7796
7797
7800
7802
7803
7804
7805
7788
7816
7767
7834
7848
7799
7856
7866
7882
7883
7887
7888
7890
7892
7893
7894
7895
7896
7897
7898
7899
7900
7902
7903
7914
7915
7919
7920
7922
7924
7925
7926
7927
7928
7929
7930
7931
7932
7934
7935
7936
7941
7944
7946
7950
7951
7952
7953
7954
7955
7956
7957
7960
7961
7962
7963
7966
7967
7968
7982
7983
7984
7985
7986
7987
7988
7989
7992
7993
7994
7995
7998
7999
8000
8001
8002
8003
8032
8033
8034
8035
8038
8042
8045
8051
8066
8067
8068
8072
8083
8084
8085
8086
8088
8089
8092
8093
8146
8152
8154
8158
8166
8174
8170
8177
8178
8186
8184
8190
8192
8195
8196
8197
8198
8200
8201
8210
8215
8216
8217
8218
8220
8223
8224
8227
8228
8247
8229
8230
8248
8249
8232
8233
8250
8252
8258
8255
8257
8263
8261
8260
8262
8264
8267
8265
8266
8268
8270
8271
8282
8283
8281
8286
8287
8290
8289
8292
8295
8293
8294
8297
8296
8299
8298
8302
8300
8322
8303
8323
8324
8321
8334
8340
8341
8344
8345
8339
8335
8347
8350
8351
8354
8353
8355
8352
8356
8343
8333
8366
8372
8373
8342
8365
8376
8377
8371
8379
8367
8382
8374
8383
8385
8386
8404
8375
8405
8410
8411
8417
8418
8421
8422
8423
8424
8426
8425
8429
8430
8433
8436
8437
7636
8442
8443
8448
8450
8451
8452
8453
8454
8455
8456
8458
8460
8459
8463
8464
8465
8466
8467
8468
8469
8470
8471
8472
8473
8475
8476
8479
8480
8482
8483
8484
8485
8486
8487
8488
8490
8491
8492
7637
8495
8496
8497
8498
8499
8500
8501
8502
8503
8504
8505
8507
8508
8511
8514
8517
8518
8616
8617
8637
7640
8641
7641
7660
7662
7666
7723
7726
8653
8654
8657
7745
7747
7749
7751
7752
8658
8661
8662
8663
8664
8667
8682
8668
8665
8666
8684
8685
7774
7777
7779
7781
7783
7784
7806
7809
8689
8686
8690
7841
8693
8694
8695
8699
8700
8696
8701
8697
8698
8705
8704
8707
8708
8710
8715
8729
8730
8727
8731
8732
8734
8735
8737
8736
8739
8740
8742
8747
8749
8754
8755
8761
8762
8759
8763
8764
8766
8767
8779
8780
8781
8783
8788
8835
8836
8837
8839
8842
8843
8845
8849
8851
8852
8853
8854
8856
8857
8858
8860
8861
8862
8863
8864
8865
8866
8867
8868
8869
8871
8874
8875
8877
8881
8883
8884
8885
8886
7943
8888
8889
8890
8892
8893
7949
8894
8895
8896
8898
8900
8901
8899
8906
8905
8903
8907
8908
8909
8910
7981
8911
8912
8913
8914
8915
8916
8917
8918
8919
8921
8922
8923
8924
8925
8926
8927
8928
8930
8932
8933
8931
8938
8935
8937
8939
8028
8940
8941
8942
8030
8943
8944
8945
8946
8947
8948
8949
8950
8951
8953
8954
8956
8955
8957
8039
8958
8959
8960
8961
8962
8963
8967
8966
8969
8052
8970
8972
8060
8973
8062
8974
8978
8975
8979
8986
8987
8984
8990
8992
8993
8994
8995
8998
9001
8999
9004
9002
9005
9006
9025
9007
9010
9011
9028
9029
9030
8145
8147
9034
9035
9036
9037
8153
9038
9039
9040
9041
9043
9044
8155
8159
9045
9047
8162
9049
9051
8167
8171
9054
9055
9057
9060
8179
9061
9062
9066
9067
9068
9069
9070
9071
8185
8187
9072
9073
9075
9076
9077
8191
9079
9081
9083
9086
9087
9088
9089
9090
9091
9092
9093
9094
9095
9096
9098
9099
9101
8221
8222
9105
9106
9107
9108
9109
9110
9111
9113
9116
9120
9121
9122
9123
9124
9126
8253
9125
9127
8254
9128
9130
9131
9133
9137
9138
9139
9140
9141
9142
9143
9145
8278
9148
9154
9155
9156
9153
9159
9160
9157
9158
9161
9162
9164
9163
9165
9166
9167
9168
9172
9169
9170
8325
8326
9171
9173
9177
9174
9175
9179
8330
9119
9180
9176
9181
9182
8336
9178
9183
8338
9186
9187
9188
9185
9189
9190
9191
9192
9193
9194
9195
8357
9196
9197
8358
9198
9200
9201
9199
9202
9204
9203
8362
9205
9151
9207
8368
9206
9209
9208
8370
9210
9211
9212
9213
9214
9215
9217
9218
9219
9220
9221
9222
9223
9224
9226
9227
9225
9228
9229
9230
9231
9232
9233
9234
9235
9237
9238
9239
9258
9259
9260
9261
9262
9263
9264
9265
9266
9267
9269
9271
9270
9273
9275
9278
9279
9280
9281
9282
9283
9284
9285
9286
9288
9289
9290
9303
9304
9305
9306
9307
9309
9311
9314
9313
9312
9315
9316
9317
9318
9320
9321
9322
9323
9328
9329
9330
9332
9333
9331
9335
9336
9337
9338
9339
9341
9343
9344
9345
9346
9347
9348
9349
9350
9351
9352
9353
9354
9355
9357
9358
9359
9360
9362
9361
9365
9364
9366
9367
9368
9370
8449
9372
9371
9373
9374
9375
9376
9377
9378
9379
9380
9381
9382
9386
9387
8457
9389
9390
9391
9393
9394
9396
9397
8462
9398
9399
9400
9402
9403
9404
9405
9406
9407
9408
9409
9410
9411
9412
9413
9414
9415
9416
9417
9418
9427
9428
9429
9430
9433
9434
9435
9436
9437
9438
9439
9324
9440
9441
9442
9443
9444
8481
9445
9446
9447
9448
9449
9450
9469
9507
9508
9325
9310
9509
9510
9512
9514
9515
9516
9517
9518
9519
9308
9342
9340
8489
9526
9528
9532
9535
9536
9537
9538
9539
9540
9530
9529
9533
9534
9541
9542
9543
9531
9544
9545
9547
9552
9553
8494
9558
9559
9560
9561
9562
9564
9565
9566
9568
9569
9570
9571
9572
9573
9574
9575
9576
9577
9579
9584
9585
9590
9591
9592
9593
9594
9596
9597
9598
9600
9601
9603
9604
9606
9605
9607
9608
9609
9610
9611
9612
9613
9614
9615
9616
9617
9620
9622
9623
9624
9625
9628
9632
9633
9635
9636
9637
9638
9639
9640
9641
9642
9643
9619
9644
9645
9646
9647
9648
9649
9652
9654
9656
9655
9657
9660
9665
9664
9666
9667
9668
9669
9671
9675
9651
9691
9692
9693
9694
9696
9697
9695
9698
9699
9707
9709
9713
9715
9716
8638
8642
9723
9724
9725
9726
9727
9728
8645
9733
9737
9739
9742
9743
8648
9745
8650
8652
9747
9748
8655
9751
9752
9753
9755
9756
8687
9757
9760
8702
8706
9765
8738
9769
9771
9774
9775
9777
9779
9780
9783
9784
9785
9787
9788
9789
8983
9796
9798
9797
9799
9100
9112
9114
9115
9117
9118
9132
9144
9146
9147
9149
9150
9152
9184
9392
9527
9546
9548
9549
9550
9551
9563
9567
9578
9580
9581
9582
9583
9595
9599
9602
9618
9621
9626
9627
9629
9630
9631
9634
9650
9653
9658
9659
9661
9662
9663
9674
9706
9708
9710
9714
9717
9722
9729
9750
9754
9759
9761
9782
9786
9791
9793
9801
9802
9803
9805
9808
9809
9810
9811
9813
9820
9823
9828
9829
9830
9831
9833
9834
9835
9837
9840
9841
9842
9843
9845
9852
9855
9861
9864
9893
9896
9944
9976
9984
9994
9997
10001
10009
10013
10016
10026
10029
10033
10041
10045
10118
10119
10120
10123
10126
10128
10131
10132
10142
10146
10147
10150
10151
10152
10155
10158
10160
10163
10164
10174
10176
10177
10178
10179
10180
10181
10182
10183
10184
10185
10186
10187
10188
10189
10190
10191
10197
10199
10200
10202
10203
10205
10206
10208
10209
10210
10211
10212
10213
10214
10215
10216
10217
10218
10219
10220
10221
10222
10223
10229
10231
10232
10234
10235
10239
10237
10238
10240
10243
10244
10251
10255
10256
10264
10269
10271
10272
10275
10276
10283
10287
10288
10296
10301
10303
10368
10371
10378
10379
10392
10396
10400
10403
10410
10411
10424
10428
10435
10437
10440
10446
10447
10448
10449
10451
9825
10135
10138
10170
9804
9806
9814
9836
9838
9846
10167
10192
10193
10194
10195
10196
10478
10479
10480
10483
10481
10198
10201
10207
10224
10225
10226
10227
10228
10230
10233
10492
10262
10270
10294
10302
10305
10309
10311
10315
10316
10520
10522
10319
10321
10322
10341
10343
10347
10348
10351
10353
10354
10363
10375
10570
10393
10397
10407
10584
10585
10588
10425
10429
10432
10434
10602
10442
10443
10616
10452
10453
10617
10454
10455
10456
10457
10620
10458
10459
10627
10625
10626
10628
10629
10630
10631
10633
10638
10637
10644
10648
10656
10653
10659
10657
10658
10660
10661
10662
10663
10665
10670
10669
10676
10680
10685
10693
10694
10695
10696
10698
10699
10707
10700
10460
10725
10726
10727
10728
10730
10731
10461
10462
10463
10464
10466
10467
10469
10472
10474
10475
10758
10484
10485
10486
10487
10488
10759
10763
10766
10767
10768
10489
10490
10770
10491
10493
10494
10495
10496
10499
10774
10775
10776
10778
10777
10779
10781
10780
10783
10787
10788
10791
10790
10795
10505
10798
10799
10800
10802
10508
10807
10806
10808
10809
10810
10813
10811
10812
10815
10818
10512
10819
10821
10820
10824
10829
10830
10517
10523
10524
10525
10526
10527
10528
10531
10850
10851
10852
10853
10537
10856
10540
10861
10544
10862
10549
10571
10575
10589
10599
10603
10607
10621
10624
10632
10634
10650
10651
10654
10664
10666
10682
10683
10686
10692
10701
10703
10704
10705
10713
12556
10724
10732
10733
10735
10736
10737
10739
10745
10754
10755
10756
10772
10782
10786
10804
10814
10831
10863
2757
2789
3083
3115
5277
3089
3121
5115
5116
5117
5118
5119
5120
5197
5198
5199
5200
5203
5212
5229
5230
5231
5232
5235
5244
5250
5251
5259
5263
5265
5266
5268
5271
5273
5274
5282
5291
5295
5297
5298
5300
5303
5305
5306
5312
5313
5314
5318
5320
5321
5322
5323
5324
5385
5386
5388
5392
5397
5398
5399
5401
5405
5406
5309
5407
5408
5409
5410
5411
5412
5417
5418
5420
5424
5429
5430
5431
5433
5437
5438
5439
5452
5453
5456
5459
5461
5464
5465
5466
5484
5485
5488
5491
5493
5496
5497
5498
5573
5578
5579
5599
5605
5610
5611
5614
5615
5617
5618
5619
5621
5622
5625
5626
5631
5633
5638
5639
5640
5641
5644
5645
5646
5647
5650
5661
5662
5665
5670
5671
5672
5673
5676
5677
5678
5679
5693
5694
5696
5697
5699
5701
5706
5711
5715
5716
5717
11446
11448
11449
11451
11456
11457
11460
11487
11488
11489
11492
11519
12825
12827
12830
12831
12834
12853
12854
12857
12859
12860
12861
12862
13971
13973
13974
13977
13979
13980
13981
13982
13983
14170
14171
14172
14175
14176
14177
14178
14179
14181
14182
14184
14185
14187
14188
14189
14190
14191
14193
14194
14195
14196
14197
14198
14202
14203
14204
14207
14214
14215
14216
14217
14220
14221
14222
14223
14226
14232
14246
14264
14293
14325
15395
15396
15397
15385
15366
15398
1544
1545
1547
1556
1557
1558
1560
1562
1563
1579
1588
1589
1590
1592
1594
1595
1681
1682
1691
1692
1713
1714
1723
1724
1729
1749
1750
1751
1752
1755
1756
1761
1781
1782
1783
1784
1787
1788
14319
14338
14342
14344
14352
14355
14356
14358
14361
14370
14374
14376
1990
1991
2022
2021
2023
2051
2052
2061
2064
2070
2071
2072
2024
2074
2078
2079
2083
2084
2093
2096
2097
2098
2099
2100
2102
2103
2104
2106
2107
2108
2109
2110
2111
2112
2113
2465
2468
2470
3000
3005
3092
3094
3095
3100
3101
3124
3126
3127
3132
3133
8346
8378
9102
9103
9134
9135
7736
7740
7741
10439
10444
611
608
609
610
612
613
614
615
616
617
1029
1034
10441
10471
10476
1818
12745
12746
12777
12778
13147
13179
13362
13363
13364
13366
13367
13365
13369
13637
13642
13645
13649
13650
13651
13653
13654
13655
13664
13669
13677
13681
13682
13683
13685
13686
13687
1024
14086
15753
15754
15755
15756
15757
15758
1053
586
588
589
597
600
602
605
618
620
621
629
1056
1085
13622
13619
13627
13628
13631
13632
15752
927
959
1104
1107
1110
1118
1142
1745
1746
3055
3057
3060
3061
3058
3059
3062
3063
3056
3064
3066
3065
3067
3070
3069
3071
3068
3105
3231
3227
3229
3230
3233
3234
3237
3236
3240
3244
3246
3247
3248
3250
3249
3259
3263
3261
3262
1088
5728
5731
5729
5733
5738
5848
1114
7818
7835
7850
7867
8193
8219
8225
8251
8276
8275
8277
8272
8273
8280
8269
8301
8785
8786
1105
1108
10801
10835
1103
1109
1113
1115
1120
13027
3073
13775
13778
13782
13807
13810
7655
7732
8784
9097
9129
10473
10769
12979
13814
15464
15467
15479
15483
12979
15430
15432
15434
15435
15436
15437
15438
15439
15440
15447
15450
15451
15452
15455
15462
15466
15468
15469
15470
15471
15472
15482
15484
15487
1640
193
195
196
216
219
225
227
228
241
242
243
245
248
251
256
259
267
270
271
277
278
279
280
288
291
299
302
303
309
310
311
312
323
326
328
338
348
349
351
355
358
360
370
1025
1026
1027
1051
1052
1054
1055
1057
1058
1059
1083
1084
1086
1087
164
69
161
13406
13407
13410
13411
13438
13439
13504
13505
13508
13511
13530
13531
13534
13536
13537
13540
13543
13551
13562
13563
13566
13572
13573
13574
13577
13578
13581
13575
13576
13579
13582
13584
13587
13588
13590
13591
13592
13593
13585
13586
13589
13594
13595
13596
13599
13606
13609
13610
13613
13616
13620
13621
13623
13624
13625
13626
13633
13634
13640
13641
13643
13644
13646
13647
13656
13665
13666
13672
13675
13676
13678
13679
13688
13719
13722
13751
13754
13760
13762
13763
13764
13767
13768
13792
13794
13795
13796
13799
14304
14305
14306
14307
14310
14311
14312
14313
14316
185
200
202
203
204
205
209
210
211
213
232
234
235
236
237
340
341
343
372
373
13517
13519
13549
15536
15537
15539
15540
15569
15575
15576
15577
15578
15580
15581
15582
15583
15601
15607
15608
15609
15610
15612
15613
15614
15615
15617
15619
15620
15621
15623
15624
15625
15626
15628
15630
15631
15632
15635
15636
15691
15692
15693
15694
15697
15698
15699
15559
15591
15538
15541
15542
15543
15570
15571
15574
15579
15602
15603
15606
15611
15616
12137
12138
4681
4713
6754
6755
6756
6757
6758
6759
6760
6761
6763
6773
6774
6854
6855
6856
6860
6861
6862
6863
6864
6865
6866
6867
6868
11442
6762
6764
6767
6857
6871
1028
13393
13394
13389
13403
13405
13425
13426
13435
13437
13527
13559
13568
13600
14017
14020
15083
15087
15091
15092
15094
15245
15248
15251
15253
15250
15249
15252
15254
15277
14022
14023
8256
8288
14027
14026
14030
14033
5283
7285
9718
9719
9720
9721
9732
9734
9736
9764
9766
9768
9792
9800
9824
9832
10014
10046
10054
10055
10056
10246
10278
10308
10340
10365
10394
10395
10398
10399
10426
10427
10430
10431
10433
10436
10438
10445
10450
10465
10468
10470
10477
10482
10652
10684
9738
9770
2069
2073
2101
2105
2205
2237
2242
2245
2246
2254
2255
2258
2259
2264
2267
2268
2274
2277
2278
2286
2287
2290
2291
2296
2299
2300
1062
1065
3599
3602
3634
3631
768
769
770
772
773
774
775
776
777
779
781
782
783
784
785
788
789
790
791
796
800
801
802
804
805
806
807
808
809
811
813
814
815
816
817
820
821
822
823
828
832
835
837
840
845
846
847
848
849
850
851
852
857
858
859
860
864
867
869
872
875
876
877
878
879
880
881
882
883
884
885
886
887
888
889
890
891
892
12251
12279
12280
12283
12288
12291
12292
12294
12297
12298
12299
12301
12302
12303
12306
12320
12323
12324
12326
12329
12330
12331
12333
12334
12335
12338
12377
12409
12418
12420
12421
12422
12423
12424
12425
12427
12431
12437
12439
12440
12442
12444
12445
12450
12452
12453
12454
12455
12456
12457
12459
12463
12469
12471
12472
12474
12476
12477
12481
12482
12487
12488
12490
12491
12492
12493
12494
12495
12496
12497
12498
12499
12500
12501
12502
12503
12504
12505
12506
12511
12513
12514
12519
12520
12522
12523
12524
12525
12526
12527
12528
12529
12530
12531
12532
12533
12534
12535
12536
12537
12538
12543
12545
12546
12549
12550
12553
12554
12555
12562
12577
12578
12581
12582
12585
12586
12587
12594
13270
13324
13327
13356
13359
6605
6607
6608
6609
6610
6611
6614
6616
6617
6618
6620
6621
6622
6625
6626
6629
6630
6633
6634
6637
6639
6640
6641
6642
6643
6646
6648
6649
6650
6652
6653
6654
6656
6657
6659
6660
6661
6662
6663
6664
6665
6666
6667
6668
6669
6670
6671
6672
6673
6674
6675
6676
6677
6678
6679
6680
6681
6682
6683
6684
6685
6686
6687
6688
6689
6691
6692
6693
6694
6695
6696
6697
6698
6699
6700
6701
6702
6703
6704
6705
6706
6707
6708
6709
6710
6711
6712
6713
6714
6715
6716
6717
6718
6719
6722
6723
6841
6842
6843
6844
6845
6846
11458
11459
11462
11465
11475
11478
11479
11485
11490
11491
11494
11497
11500
11507
11510
11511
11517
13972
13978
14016
14018
14019
14021
14024
14025
14028
15411
15412
15413
15414
15415
15416
15417
15419
15420
15422
15423
15424
15425
15426
6623
6655
6690
6847
1362
1363
1364
1366
1369
1394
1395
1396
1398
1401
1410
1442
6875
6879
6881
6884
6885
6888
1063
1064
1067
1068
1069
1072
1073
1409
1414
1418
1419
1420
1424
1431
1433
1434
1437
1441
1446
1450
1451
1452
1456
1463
1465
1466
1469
1472
1475
1476
1477
1486
1487
1488
1490
1493
1494
1496
1497
1498
1507
1508
1509
1510
1514
1516
1518
1519
1528
1529
1530
1532
1533
3600
3604
3632
3636
5396
5400
5403
5413
5428
5432
5435
5634
5636
5637
5653
5666
5668
5669
15315
5713
5714
5722
5723
5727
5743
5745
5746
5747
5748
5750
5751
5752
5753
5754
5755
5756
5757
5758
5759
5763
5764
5760
5761
5762
5767
5768
5771
5772
5773
5775
5776
5770
5774
5777
5778
5779
5780
5781
5783
5784
5786
5782
5789
5791
5790
5792
5793
5794
5795
5796
5799
5800
5803
5804
5802
5805
5807
5808
5809
5810
5811
5806
5812
5813
5815
5816
5818
5821
5814
5823
5826
5822
5824
5825
5828
5829
5831
5832
5858
5860
5833
6017
6038
6060
6057
6058
6061
6064
6065
6066
6069
6070
6074
6075
6076
6072
6073
6077
6078
6079
6080
6081
6082
6084
6085
6088
6092
6096
6098
6100
6101
6102
6103
6104
6105
6106
6107
6108
6109
6110
6111
6112
6113
6114
6116
6117
6120
6124
6128
6130
6132
6133
6134
6135
6136
6137
6138
6139
6140
6141
6142
6143
6144
6145
6147
6148
6149
6150
6151
6152
6154
6155
6156
6157
6158
6160
6164
6165
6166
6167
6168
6169
6171
6173
6176
6177
6179
6180
6181
6182
6183
6184
6186
6187
6188
6189
6190
6192
6196
6197
6198
6199
6200
6201
6203
6205
6208
6211
6087
6213
6214
6215
6216
6218
6219
6093
6220
6221
6222
6223
6225
6226
6227
6228
6091
6230
6123
6125
6119
6238
6239
6240
6243
6245
6246
6247
6248
6250
6251
6252
6253
6254
6255
6257
6258
6259
6260
6262
6270
6271
6272
6273
6274
6275
6276
6277
6278
6280
6281
6282
6283
6284
6285
6286
6287
6288
6294
6295
6296
6297
6298
6299
6300
6301
6304
6305
6306
6307
6308
6309
6310
6312
6313
6314
6315
6316
6318
6317
6319
6320
6326
6327
6328
6329
6330
6331
6332
6333
6336
6339
6340
6355
6363
6368
6371
6372
5788
5785
5820
5817
5827
5830
6420
6421
6083
6422
6086
6089
6090
6094
6115
6118
6121
6122
6126
6153
6159
6161
6162
6163
6185
6191
6193
6194
6195
6279
6289
6290
6291
6292
6293
6302
6311
6321
6322
6323
6324
6325
6334
6337
6338
6341
6342
6343
6344
6345
6346
6347
6348
6349
6351
6352
6353
6354
6356
6364
6369
6370
6373
6374
6375
6376
6377
6378
6379
6380
6381
6383
6423
6424
6425
6426
6427
6428
6429
6430
6431
6432
6433
6434
6435
6437
6438
6439
6440
6441
6443
6444
6445
6446
6447
6448
6449
6450
6451
6452
6453
6454
6455
6456
6457
6458
6459
6460
6461
6462
6463
6464
6466
6467
6776
6777
6778
6779
6780
6781
6782
6783
6785
6787
6790
6789
6792
6794
6791
6795
6796
6835
6836
6838
6786
6797
3536
3568
11651
11656
11657
11658
11659
11660
11663
11664
11665
11667
11668
11669
11670
11671
11672
11673
11674
11675
11676
11683
11684
11685
11688
11689
11690
11691
11692
11695
11696
11697
11715
11716
11717
11718
11719
11720
11721
11722
11723
11724
3708
3778
3779
3780
3781
3782
3783
3784
3785
3786
3787
3788
3789
3790
3791
3792
3793
3795
3798
3799
3800
3801
3802
3803
3804
3805
3806
3807
3810
3811
3812
3813
3814
3815
3816
3817
3818
3819
3820
3821
3822
3823
3824
3825
3827
3830
3831
3832
3833
3834
3835
3836
3837
3838
3839
3840
3841
3842
3843
3844
3845
3846
3847
3848
3849
3850
3851
3852
3853
3854
3855
3856
3857
3858
3860
3861
3862
3863
3864
3865
3866
3867
3868
3871
3872
3873
3874
3875
3876
3877
3878
3879
3880
3881
3882
3883
3884
3885
3886
3887
3888
3889
3943
3944
3945
3946
3947
3948
3949
3950
3951
3953
3955
3956
3958
3961
3962
3963
3965
3966
3967
3968
3969
3970
3971
3972
3973
3974
3976
3977
3978
3979
3980
3981
3982
3983
3986
3988
3989
3991
3993
3995
3997
4000
4001
4002
4003
4004
4005
4006
4008
4009
4010
4011
4012
4013
4014
4015
4018
4020
4021
4023
4025
4027
4029
4032
4035
4036
4037
4038
4040
4044
4047
4050
4055
4057
4059
4063
4064
4067
4068
4069
4070
4139
4140
4141
4143
4145
4146
4147
4148
4149
4150
4151
4158
4160
4161
4163
4165
1374
1406
11661
11662
11693
11682
11694
3794
3797
3826
3829
4164
1805
1815
3337
3344
3357
3360
3361
3369
3376
3389
3393
3394
3395
3396
3397
3398
3399
3400
3404
3406
3407
3409
3411
3415
3425
3426
3427
3428
3429
3430
3431
3432
3436
3438
3439
3441
3443
3447
3497
3498
11444
11529
11540
11561
11572
15818
988
989
990
991
992
993
994
995
996
997
998
999
1000
1014
1736
1737
1738
1739
1742
1743
1744
1971
2211
2215
2243
2249
2250
2252
2256
2257
2261
2275
2281
2282
2284
2288
2289
2293
2313
2315
2325
2331
2335
2345
2347
2357
2363
2367
2370
2371
2372
2373
2374
2375
2376
2377
2378
2379
2380
2381
2382
2383
2384
2386
2387
2388
2389
2390
2391
2392
2393
2394
2395
2396
2397
2398
2399
2400
2401
2402
2403
2404
2405
2406
2407
2408
2409
2410
2411
2412
2413
2414
2415
2416
2418
2419
2420
2421
2422
2423
2424
2425
2426
2427
2428
2429
2439
2440
2455
2487
2505
2506
2507
2508
2509
2512
2513
2514
2516
2517
2518
2520
2521
2522
2523
2526
2537
2538
2539
2540
2541
2586
2587
2592
2593
2595
2597
2598
2599
2600
2601
2602
2603
2604
2605
2606
2607
2608
2610
2614
2615
2618
2619
2626
2630
2631
2632
2635
2658
2689
2824
2828
2836
2837
2838
2839
2840
2841
2842
2843
2844
2845
2846
2847
2850
2856
2860
2868
2869
2870
2871
2872
2873
2874
2875
2876
2877
2878
2879
2880
2881
2883
2884
2887
2888
2891
2893
2894
2895
2896
2898
2899
2900
2901
2902
2903
2904
2905
2907
2908
2909
2910
2911
2912
2913
2915
2916
2919
2920
2923
2924
2925
2926
2927
2928
2929
2930
2931
2932
2933
2934
2935
2936
2937
2939
2940
2941
2942
2943
2944
2945
2946
2947
2948
2949
2950
2951
2952
2953
2955
2956
2957
2959
2960
2961
2962
2963
2964
2965
2966
2969
2970
2971
2972
2975
2976
2977
2978
2979
2980
2981
2982
2992
2993
3410
3414
3416
3417
3419
3420
3442
3446
3448
3449
3451
3452
4686
4690
4718
4722
13059
1460
12055
12058
4597
4708
12987
13843
13844
13845
13846
13847
13848
13849
13850
13851
13852
13853
13854
13855
13856
13857
13859
13860
13861
13862
13863
13864
13865
13866
13867
13868
5732
5735
5736
5740
5851
5853
5854
5890
5891
5892
5893
5894
5895
5896
5897
5898
5930
5945
5946
5950
5952
5984
6008
6009
6011
6012
6013
6014
13212
13214
11533
11537
11565
11569
12672
14029
9730
9740
9762
9772
10060
10249
10268
10281
10300
10307
10339
10364
10380
10383
10412
10415
14480
14483
14484
14486
14496
14512
14515
14516
14518
14533
14535
14536
14542
14530
14538
14539
14547
14548
14543
14551
14553
14554
14557
14558
14559
14556
14531
14534
14540
14550
14549
14532
14537
14541
14544
14545
14546
14555
8214
8246
8474
8506
4304
4307
4316
4331
4336
4339
4348
4358
4367
4366
4368
4369
4370
4371
4315
4372
4377
4374
4376
4390
4409
4318
4350
4347
4363
4365
4375
4373
3072
4301
4302
4303
4305
4306
4310
4711
4330
4332
4333
4334
4335
4337
4338
4342
4354
4357
4359
4361
4362
8406
8407
8408
8409
8412
8413
8414
8415
8438
8439
8440
8441
8444
8445
8446
8447
8660
8692
12232
12233
12234
12235
12236
12237
12240
12241
12244
12992
12993
12997
12998
12999
13001
13002
13031
13283
13774
13806
12231
12991
9794
9795
9826
9827
9856
9857
9858
9859
9860
9867
9868
9869
9870
9871
9872
9873
9874
9875
9876
9877
9878
9879
9880
9881
9882
9883
9884
9885
9886
9887
9888
9889
9890
9891
9892
9899
9900
9901
9902
9903
9904
9905
9906
9907
9908
9909
9910
9911
9912
9913
9914
9915
9916
9917
9918
9919
9920
9921
9922
9923
9924
9925
9926
9927
9928
9929
9930
9931
9933
9935
9938
9941
9942
9943
9947
9950
9951
9952
9953
9954
9955
9956
9957
9958
9959
9960
9961
9962
9963
9965
9967
9970
9973
9974
9975
9979
9982
9983
9985
9986
9987
9988
9989
9992
9993
9995
9998
9999
10000
10002
10003
10004
10005
10006
10007
10008
10010
10011
10012
10015
10017
10018
10019
10020
10021
10024
10025
10027
10030
10031
10032
10034
10035
10036
10037
10038
10039
10040
10042
10043
10044
10047
10048
10049
10050
10051
10052
10053
10058
10059
10062
10063
10064
10068
10070
10071
10072
10073
10074
10076
10080
10081
10082
10083
10084
10085
10086
10087
10088
10090
10091
10094
10095
10096
10100
10102
10103
10104
10105
10106
10108
10116
10117
10114
10115
10121
10124
10125
10148
10149
10153
10156
10157
12995
10204
10236
10241
10242
10252
10253
10254
10257
10258
10259
10260
10261
10263
10266
10267
10273
10274
10284
10285
10286
10289
10290
10291
10292
10293
10295
10298
10299
10381
10384
10385
10386
10387
10390
10413
10416
10417
10418
10419
10422
10497
10498
10500
10501
10502
10503
10504
10506
10507
10509
10510
10511
10513
10514
10515
10516
10518
10519
10521
10529
10530
10532
10533
10534
10535
10536
10538
10539
10541
10542
10543
10545
10547
10546
10548
10550
10551
10553
10552
10554
10561
10562
10563
10564
10566
10568
10569
10580
10583
10594
10593
10595
10596
10598
10600
10601
10612
10615
10771
10773
10803
10805
12996
10069
12230
10078
10079
10066
10098
10101
10110
10111
10247
10248
10250
10265
10279
10280
10282
10297
10312
10318
10344
10350
10555
10556
10557
10558
10559
10567
3669
3670
3672
3673
3674
3675
3701
3702
3704
3705
3706
3707
3662
3691
3694
3700
3703
3690
15557
15560
15561
15562
15563
15564
15565
15566
15592
15593
15594
15595
15596
15597
15598
15618
15622
15627
4238
4241
4355
4356
4364
4378
4387
4388
4396
4410
4417
4706
4705
4704
4707
4709
4435
4467
6501
6502
6529
6530
6539
6542
6543
6571
6574
6575
7087
7108
7112
7117
7120
7134
7135
7136
7137
7138
7139
7140
7141
7142
7143
7144
7145
7146
7147
7148
7149
7150
7152
10874
10891
10894
10904
10906
10905
10907
10908
10909
10927
10923
10926
10934
10935
10936
10937
10938
10939
10940
10941
10995
10994
10996
10997
10998
10999
11000
11009
11025
11012
11017
11015
11013
11016
11014
11029
11028
11032
11034
11044
11045
11046
11047
11048
11049
11050
11051
11052
11053
11055
11054
11060
11061
11056
11090
11096
11098
11099
11093
11094
11095
11105
11097
11103
4497
11101
11102
11106
11107
11108
11110
11112
11111
11113
11114
11115
11121
11119
11122
11117
11125
11091
11128
11131
11126
11127
11134
11130
11129
11133
11138
11135
11136
11141
11147
11148
11140
11149
11150
11145
11151
11154
11155
11156
11157
11159
11152
11146
11158
11163
11162
11165
11170
11168
11180
11172
11179
11123
11166
11173
11181
11177
11182
11183
11184
11187
11186
11178
11188
11189
11190
11191
11194
11195
11197
11220
11205
11219
11218
11198
11217
11213
11214
11224
11225
11207
11210
11222
11227
11228
11229
11230
11221
11231
11223
11237
11245
11251
11246
11256
11242
11239
11252
11250
11249
11260
11261
11265
11262
11257
11259
11264
11253
11263
11255
11254
11266
11267
11274
11275
11276
11277
11279
11284
11297
11296
11306
11307
11309
11298
11308
11299
11311
11331
11316
11329
11332
11335
11333
11343
11334
11342
11337
11336
11346
11345
11344
11338
11341
11347
11348
11349
11350
11351
11355
11352
11354
11356
11360
11363
11364
11361
11374
11368
11365
11367
11375
11376
11366
11370
11373
11369
11377
11378
11379
11380
11381
11382
11383
11384
11386
11387
11388
11399
11403
11410
11412
11413
11414
11416
11431
11435
4501
6586
6583
7081
7089
7086
7090
7151
10924
11118
7557
7580
7589
7612
7617
7614
7620
7621
7622
7631
7475
7476
7492
7493
7496
7499
7501
7506
7509
7510
7513
7524
7525
7528
7531
7533
7538
7541
7663
7542
7545
7554
7555
7556
7558
7559
7561
7563
7564
7565
7567
7569
7571
7573
7574
7577
7578
7579
7762
7581
7583
7586
7587
7588
7590
7591
7593
7595
7596
7794
7597
7599
7601
7603
7605
7606
7609
7610
7611
7613
7615
7616
7819
7619
7836
7851
7868
7884
7916
8115
8116
8117
8118
8120
8121
8125
8124
8161
7624
8728
8760
7625
7626
7632
7648
7651
7657
7658
7664
7872
7873
7874
7875
7876
7877
7878
7879
7880
7881
7885
7901
7904
7905
7906
7907
7908
7909
7910
7911
7912
7913
7917
7933
7937
7945
7958
7964
7965
7990
7996
7997
8081
8087
8090
8113
8119
8122
8127
8149
8150
8151
8163
8165
8181
8182
8183
8209
10113
10122
10127
10129
10130
10065
10134
10137
10139
10097
10140
10141
10143
10145
10154
10159
10161
10162
10166
10169
10171
10172
10173
10175
10304
10326
10336
8904
8920
8936
8952
10358
8968
8971
10369
9000
9003
9026
9031
9032
9033
9042
9058
9063
9064
10401
9065
9074
9815
9822
9847
9854
10061
10075
10077
10092
10093
10107
10109
10112
10133
10136
10144
10165
10168
10245
10277
10306
10310
10313
10314
10317
10320
10323
10324
10325
10327
10329
10330
10331
10332
10333
10334
10335
10337
10338
10342
10345
10346
10349
10352
10355
10356
10357
10359
10361
10362
10366
10367
10370
10372
10373
10374
10376
10377
10382
10388
10389
10391
10402
10404
10405
10406
10408
10409
10414
10706
10420
10421
10423
10560
10565
10572
10573
10574
10576
10577
10578
10579
10581
10582
10586
10587
10590
10591
10592
10597
10604
10605
10606
10608
10609
10610
10611
10613
10614
10618
10619
10622
10623
10635
10636
10639
10640
10641
10642
10643
10645
10738
10646
10836
11417
11415
10647
10649
10667
10668
10671
10672
12160
12163
12167
10673
12178
10674
12192
12195
12199
12210
10675
10677
10678
10679
10681
10688
10689
10690
10691
10697
1608
10702
10708
10709
10710
10711
10712
10714
10715
10716
10717
10718
10719
10720
10721
10722
10723
10729
10734
10740
10741
10742
10743
10744
10746
10747
10748
10749
10750
10751
10752
10753
10757
10761
10762
10764
10784
10785
10789
10794
10796
4670
4671
5046
5049
5060
5061
5062
5978
5983
4249
4252
4284
4281
4678
12179
12211
4230
4425
4616
4618
4619
4648
4650
4651
13404
13434
13436
13441
13444
13450
13453
13461
13463
13464
13471
13473
13476
13482
13485
13493
13495
13496
13503
13506
13507
13509
13510
13512
13513
13514
13520
13521
13522
13523
13524
13528
13529
13538
13539
13541
13542
13544
13545
13546
13552
13553
13554
13555
13556
13560
13561
13569
13570
13571
13597
13598
13601
13602
13603
1010
1011
1012
1013
2818
2983
2987
2988
2989
2991
11039
13114
13115
13882
13883
13886
10875
10885
10881
10883
10884
10877
10913
10915
10916
10917
8
9
15
23
24
25
26
27
531
551
563
592
595
596
598
599
624
627
628
630
631
633
635
636
767
771
778
795
797
798
799
803
810
827
829
830
831
833
834
836
838
839
841
842
865
866
868
870
871
873
874
937
939
960
961
983
984
987
1070
1071
1099
1131
1138
1143
1144
1183
1233
1241
1247
1248
1249
1256
1265
1279
1292
1331
1332
1365
1368
1397
1400
1416
1417
1421
1422
1423
1426
1427
1428
1429
1430
1432
1435
1436
1448
1449
1453
1454
1455
1458
1459
1461
1462
1464
1467
1468
1473
1474
1485
1489
1491
1492
1495
1506
1511
1512
1513
1515
1517
1527
1531
1541
1785
1786
1789
1790
1792
1793
1794
1795
1796
1797
1798
1799
1800
1801
1802
1803
1804
1806
1807
1808
1810
1811
1813
1816
1970
1975
1977
2141
2173
2251
2253
2283
2285
2443
2444
2445
2446
2447
2448
2449
2450
2451
2452
2453
2466
2475
2476
2477
2478
2479
2480
2481
2482
2483
2484
2485
2501
2515
2524
2525
2527
2533
2596
2609
2611
2612
2613
2616
2617
2625
2629
2634
2638
2639
2652
2653
2657
2694
2695
2727
2730
2731
2732
2733
2734
2735
2736
2737
2738
2739
2740
2741
2742
2743
2744
2745
2749
2758
2790
2882
2906
2914
2999
3006
3090
3093
3098
3099
3103
3122
3125
3130
3131
3135
3136
3139
3141
3149
3152
3154
3162
3163
3164
3165
3166
3168
3171
3173
3181
3184
3186
3224
3225
3228
3238
3241
3243
3251
3253
3256
3257
3260
3265
3266
3280
3281
3282
3283
3284
3285
3288
3289
3294
3295
3297
3298
3358
3390
3401
3403
3413
3422
3423
3433
3435
3445
3499
3500
3501
3502
3503
3504
3505
3506
3507
3508
3509
3510
3511
3512
3513
3514
3515
3516
3517
3518
3519
3527
3559
3584
3585
3586
3587
3588
3589
3590
3591
3592
3593
3594
3595
3596
3605
3606
3607
3608
3609
3610
3611
3612
3613
3614
3615
3616
3617
3618
3619
3620
3621
3622
3623
3624
3625
3626
3627
3628
3637
3638
3639
3640
3641
3642
3643
3644
3645
3646
3647
3648
3649
3650
3651
3652
3653
3654
3655
3657
3660
3661
3663
3664
3665
3666
3667
3678
3680
3681
3682
3683
3684
3685
3686
3710
3711
3712
3713
3714
4224
4225
4226
4227
4228
4229
4232
4233
4234
4235
4236
4237
4239
4240
4242
4243
4244
4308
4309
4311
4312
4384
4385
4392
4428
4431
4436
4437
4438
4439
4441
4444
4682
4683
4685
4687
4691
4702
4714
4715
4717
4719
4723
4734
4811
4814
4815
4816
4817
4826
4849
4858
4928
4929
4931
4932
4935
4936
4937
4938
4940
4959
4960
4961
4963
4964
5015
5016
5018
5019
5020
5021
5022
5023
5024
5025
5033
5035
5091
5095
5096
5097
5098
5099
5100
5101
5102
5114
5122
5123
5126
5127
5131
5132
5136
5138
5147
5168
5170
5184
5189
5190
5194
5196
5202
5204
5205
5206
5207
5208
5209
5210
5216
5221
5222
5226
5228
5234
5236
5237
5238
5239
5240
5241
5242
5252
5253
5254
5255
5257
5258
5260
5261
5262
5264
5267
5269
5270
5284
5285
5286
5287
5289
5290
5292
5293
5294
5296
5299
5301
5302
5315
5317
5387
5389
5390
5391
5393
5394
5395
5415
5416
5419
5421
5422
5423
5425
5426
5427
5449
5450
5451
5454
5455
5457
5458
5460
5462
5463
5481
5482
5483
5486
5487
5489
5490
5492
5494
5495
5499
5500
5501
5502
5503
5505
5506
5508
5509
5510
5511
5512
5513
5514
5515
5516
5517
5518
5519
5520
5521
5522
5523
5526
5527
5531
5535
5537
5538
5540
5541
5542
5543
5544
5545
5546
5547
5548
5549
5550
5551
5552
5553
5554
5555
5558
5559
5563
5567
5596
5616
5620
5623
5624
5627
5628
5642
5643
5648
5649
5651
5652
5655
5656
5657
5658
5659
5660
5663
5674
5675
5695
5700
5703
5704
5708
5712
6874
6878
6882
6886
6887
10901
11422
11450
11454
11461
11463
11464
11466
11467
11469
11470
11473
11476
11493
11495
11496
11498
11499
11501
11502
11505
11508
11525
11530
11531
11534
11535
11536
11557
11562
11563
11566
11567
11568
11576
11577
11589
11590
11593
11594
11608
11609
11614
11615
11649
11726
11727
11728
11733
11734
11739
11740
11781
11786
11787
11789
11790
11791
11792
11795
11798
11799
11803
11813
11818
11819
11821
11822
11823
11824
11827
11830
11831
11835
11846
11848
11849
11852
11878
11880
11881
11884
11902
11903
11906
11907
11908
11909
11910
11917
11918
11919
11921
11923
11927
11929
11949
11950
11951
11953
11955
11959
11961
11965
11966
11967
11974
11976
11977
11979
11983
12006
12008
12009
12011
12015
12035
12067
12090
12097
12759
12760
12782
12791
12792
12800
12801
12832
12833
12835
12836
12978
12984
12985
12986
12988
12989
13017
13026
13035
13036
13049
13052
13053
13057
13058
13064
13070
13113
13136
13137
13138
13139
13140
13168
13169
13170
13171
13172
13184
13185
13201
13207
13213
13216
13217
13263
13269
13276
13279
13280
13295
13301
13314
13336
13346
13612
13615
13667
13668
13670
13671
13680
13689
13690
13691
13692
13693
13694
13695
13696
13697
13698
13699
13700
13701
13702
13703
13704
13705
13706
13707
13708
13709
13710
13711
13712
13713
13714
13715
13725
13728
13729
13730
13731
13732
13733
13734
13735
13736
13737
13738
13739
13740
13741
13742
13743
13744
13745
13746
13747
13757
13761
13771
13772
13773
13776
13777
13780
13781
13783
13784
13785
13786
13787
13788
13789
13790
13791
13793
13798
13803
13804
13805
13808
13809
13811
13812
13813
13815
13816
13817
13818
13819
13820
13821
13822
13823
13824
13825
13826
13828
13829
13831
13832
13833
13838
13839
13842
13975
13976
13984
13985
13986
13987
13988
13989
13990
13991
14098
14099
14101
14102
14103
14105
14107
14109
14111
14174
14180
14183
14186
14192
14303
14308
14309
14314
14315
14317
14318
14323
14365
14369
15212
15220
15222
15320
15330
15340
15343
15344
15360
15361
15362
15404
15405
15406
15408
15409
15410
15418
15421
15427
15428
15429
15431
1017
1018
8327
14620
14621
14622
14623
14772
14773
14777
14778
14781
14782
14783
14789
14785
14786
14790
14791
14792
14793
14784
14788
14787
14794
14796
14797
14798
14800
14801
14802
14804
14805
14806
14799
14803
14807
14808
14809
14810
14811
14812
14813
14814
14815
14821
14822
14823
14824
14825
14816
14817
14819
14818
14826
14828
14829
14830
14820
14832
14833
14834
14836
14837
14838
14839
14831
14835
14840
14841
14842
14843
14844
14845
14846
14847
14848
14849
14850
14851
14852
14853
14855
14856
14857
14858
14859
14854
14860
14861
14862
14863
14864
14866
14867
14868
14869
14873
14874
14877
14878
14879
14880
14881
14882
14883
14884
14885
14886
14887
14888
14889
14890
14891
14892
14893
14894
14895
14896
14898
14899
14900
14901
14905
14906
14909
14910
14932
14929
14930
14931
14933
14934
14935
14937
14938
14939
14940
14936
14942
14941
14943
14944
14945
14946
14947
14948
14949
14950
14951
14952
14953
14954
14955
14956
14958
14959
14957
14964
14960
14962
14961
14963
14965
14966
14967
14969
14970
14971
14968
14972
14973
14974
14975
14976
14977
14978
14979
14980
14981
14982
14983
14984
14985
14986
14987
14989
14993
14988
14990
14991
14992
14996
14994
14995
14997
14999
15000
15001
14998
15002
15003
15004
15005
15008
15009
15010
8359
15007
15011
15012
15013
15014
15015
15016
15347
15348
15350
15352
15351
14481
14513
14765
14230
14764
14234
14266
14770
14763
14766
14767
14771
15006
7168
7169
7172
7173
7174
7286
7287
7301
7302
7306
7307
7308
7309
7310
7311
7312
7313
7314
7315
7316
7317
7318
7319
7320
7321
7322
7323
7324
7326
7333
7334
7338
7339
7340
7341
7342
7343
7344
7345
7346
7347
7348
7349
7350
7351
7352
7353
7354
7355
7356
7358
7360
7361
7362
7363
7364
7365
7366
7367
7368
7369
7370
7371
7372
7373
7374
7375
7376
7377
7378
7380
7379
7381
7383
7384
7385
7386
7387
7388
7389
7390
7392
7393
7394
7395
7396
7397
7398
7399
7400
7401
7402
7403
7404
7405
7406
7407
7408
7409
7410
7411
7412
7413
7415
7416
7417
7418
7419
7431
7432
7433
7434
7435
7436
7437
7438
7439
7440
7446
7447
7448
7450
7452
7454
7455
7456
7457
7459
7460
7462
7463
7464
7465
7466
7467
7468
7469
7470
7471
7478
7479
7480
7482
7483
7484
7486
7487
7292
7296
7295
7303
7325
7328
7335
7357
7441
7442
7443
7444
7451
7461
9024
9056
12438
12470
1117
1116
1032
1035
1030
1033
1031
7810
7813
7815
7821
7822
7839
7838
7842
7854
7853
7845
7847
7857
7863
7870
7871
7939
7938
7942
7940
7947
7948
7959
7980
8013
7991
8005
8008
8009
8011
8012
8015
8016
8019
8018
8022
8023
8024
8025
8027
8040
8037
8041
8044
8043
8047
8048
8050
8054
8055
8056
8057
8059
8080
8112
8128
8157
8156
8160
8188
8189
8329
8361
8363
8364
8360
8328
8332
8331
8337
8369
8428
8432
8435
8434
8477
8478
8509
8510
8513
8516
8519
8520
8522
8525
8524
8529
8530
8531
8532
8546
8533
8549
8534
8550
8536
8535
8539
8540
8538
8543
8541
8542
8545
8548
8551
8556
8552
8554
8557
8561
8562
8563
8564
8565
8567
8566
8584
8568
8570
8572
8571
8586
8573
8574
8575
8590
8591
8592
8578
8580
8594
8581
8595
8596
8582
8583
8599
8587
8597
8618
8600
8601
8622
8623
8607
8624
8626
8627
8628
8610
8612
8613
8631
8614
8615
8619
8629
8632
8669
8633
8673
8639
8643
8677
8680
8651
8671
8709
8675
8713
8714
8717
8718
8720
8719
8722
8723
8683
8724
8703
8725
8741
8716
8745
8746
8750
8751
8721
8752
8756
8757
8726
8770
8773
8772
8748
8776
8753
8778
8758
8768
8769
8771
8797
8774
8802
8787
8782
8805
8789
8804
8791
8808
8792
8811
8793
8812
8810
8796
8813
8798
8801
8800
8815
8816
8803
8806
8820
8829
8814
8832
8833
8834
8817
8819
8821
8823
8825
8824
8828
8830
9383
9384
9385
7731
9672
9673
9679
9680
9681
9683
9688
9702
9700
9701
9703
9704
9705
9711
9684
9712
9686
9687
9689
10822
10825
10826
10827
10828
10833
10834
10832
10838
10839
10842
10845
10847
10854
10857
10858
10859
10860
10864
10865
10866
7757
7758
7789
7790
7820
7852
7855
8006
8007
8010
8020
8521
8523
8527
8528
8537
8553
8555
8559
8560
8569
8577
8579
8585
8588
8603
8605
8606
8609
8611
8620
8635
8670
8674
8711
8743
8775
8777
8790
8794
8807
8809
8822
8826
9670
9676
9677
9678
9682
9685
9690
14119
14120
14121
14122
14125
14126
14127
14128
14129
14140
14116
14117
6837
6839
5749
5766
5765
5769
5798
5801
5797
6095
6099
6127
6131
6146
6170
6174
6175
6178
6202
6206
6207
6212
6244
1111
1819
1820
1821
1823
1822
1826
1824
1825
1827
1828
1829
1830
1831
1832
1833
1834
1835
1836
1837
1838
1839
1840
1842
1843
1844
1846
1845
1847
1849
1848
1851
1850
1852
1853
1857
1855
1856
1854
1858
1859
1860
1861
1862
1863
1866
1877
1880
1865
1867
1881
1868
1872
1875
1874
1876
1878
1879
1883
1882
1884
1885
1886
1887
1888
1889
1890
1891
1892
1893
1898
1897
1894
1895
1899
1900
1906
1904
1907
1908
1909
1910
1911
1912
1913
1914
1915
1916
1917
1918
1919
1923
1928
1931
1930
1933
1935
1932
1934
1937
1936
1940
1946
1948
1941
1939
1942
1949
1950
1951
1955
1960
1961
1962
1963
1964
1965
1966
1967
2551
2545
2544
2546
2547
2548
2549
2550
2552
2561
2554
2553
2555
2556
2558
2557
2560
2562
2563
2564
2565
2566
2567
2568
2569
2570
2571
2572
2573
2574
2577
2578
2576
2580
2581
2582
2583
2585
2698
2699
2714
2715
2725
7255
7256
7263
7491
7494
7730
7748
7750
7754
7759
7760
7824
7761
7763
7766
7775
7780
7782
7786
7791
7792
7793
7795
7798
7807
7826
7830
7823
7825
7829
7831
7832
7833
8844
8876
8964
8965
8985
8988
8989
8996
8997
9334
1841
9356
9472
9477
9363
9473
9474
9476
9497
9478
9479
9500
9498
9504
9505
9506
9511
9503
9499
9501
9502
11543
11542
11544
11546
11547
11548
11549
11550
11551
11553
11552
11555
13884
13891
1870
13893
1873
1902
1905
1926
1929
1944
1947
1958
9475
11418
8176
1578
8872
9767
12131
12133
12135
12136
12151
12152
12170
12203
7485
12213
11271
11303
8840
12217
12314
13098
13106
13101
13099
13105
12096
13071
12310
7778
8733
9277
9778
9136
12512
12057
12153
12098
14384
14385
14388
14389
14390
14393
14402
14403
14404
14406
14407
14408
14409
14396
14398
14399
14410
14412
14413
14414
14415
14416
14417
14420
14422
14423
14424
14425
14426
4245
4277
4679
14418
14421
15496
15498
15497
15500
15502
15499
15501
15503
15442
15474
15528
15529
15530
15531
15532
15533
15534
15535
12068
12102
12632
70
76
78
80
81
84
87
88
89
90
92
93
94
95
99
101
103
104
105
106
107
111
114
102
110
112
113
115
116
119
120
121
122
124
126
125
65
127
129
63
64
66
62
68
132
136
137
138
139
140
141
143
145
146
147
150
151
153
154
155
156
158
159
97
98
100
168
169
170
96
171
172
173
175
177
178
179
186
187
188
190
191
197
199
206
142
207
208
218
214
217
148
229
231
238
149
144
239
240
246
152
157
180
176
184
249
174
181
250
257
260
261
198
192
189
262
263
264
265
212
194
268
269
272
273
274
275
276
281
283
284
285
282
286
287
215
289
292
293
220
222
296
300
294
295
297
221
301
304
305
307
308
313
315
306
314
223
316
317
318
324
329
319
322
327
224
226
332
230
335
336
337
244
253
342
247
350
353
356
361
354
359
252
255
254
258
364
367
369
368
374
290
380
381
382
383
385
387
388
330
325
389
333
334
390
391
331
392
339
344
345
347
400
357
346
402
352
403
405
406
362
363
371
409
376
366
365
379
378
417
419
377
420
421
422
423
424
432
434
435
437
438
441
399
408
407
439
431
71
440
455
452
467
468
465
464
461
469
470
463
466
471
473
476
475
484
479
487
67
493
495
496
74
497
498
500
499
75
501
502
503
505
507
73
508
72
511
512
513
514
601
77
603
79
82
83
606
128
130
604
131
160
162
163
607
375
384
393
394
395
404
410
411
413
414
415
416
425
426
427
436
442
443
445
446
447
448
449
450
451
453
454
456
457
458
459
460
462
472
1568
1577
474
477
478
480
481
482
483
485
486
488
489
490
491
492
1647
2179
2183
3656
494
4346
6020
6022
6029
6031
6025
6030
6034
6033
6026
6028
6032
6037
6062
6063
6097
6129
6231
6236
6263
6268
6360
6357
6359
6361
6362
6366
6367
6397
6400
6365
6395
6393
6401
6391
6398
6404
6387
6389
6411
6394
6392
6408
6402
6407
6399
6403
6409
6410
6436
6412
6405
6406
6418
6414
6416
6417
6419
6413
6442
6788
6793
6840
7682
7679
7674
6021
504
506
6023
509
510
6024
12117
12118
12309
6027
6059
6358
6384
6385
6386
6388
6390
6396
15517
15520
15488
15637
15633
15634
15640
15649
15647
15657
15652
15655
15644
15645
15650
15668
15665
15629
15639
15643
15638
15651
15646
15658
15641
15648
15659
15671
15670
15642
15661
15667
15673
15653
15663
15675
15672
15654
15678
15664
15662
15669
15674
15660
15656
15666
15676
15677
15681
15679
15680
15682
15683
15684
15685
15686
15687
15688
15689
15690
15402
15403
15547
12049
12123
12094
12129
12175
12181
12194
12271
12313
12653
5911
5912
5915
5916
5917
5919
4546
4567
4569
4573
4566
4549
4545
4568
4543
4550
4574
4514
4530
4529
4537
4547
4570
4544
4572
4534
4542
4556
4551
4548
4552
4535
4553
4575
4562
4576
4577
4571
4558
4554
4560
4557
4561
4563
4555
4559
4578
4580
4581
4582
4584
4585
4594
4587
4588
4579
4595
4583
4592
4589
4586
4593
4591
4590
4523
4510
4509
4511
4460
4513
4525
4533
4515
4541
1559
10843
12204
10886
10918
14212
5103
5106
5105
5107
5104
8026
8063
8074
8021
8073
8053
8070
8069
8031
8058
8071
8075
8111
8079
8078
8194
8226
8848
8879
8841
8846
8880
8870
8873
8847
8838
8882
8897
8850
8878
8902
9048
8929
8934
8855
9052
9080
8887
9287
9319
9326
9084
9327
9431
9419
9420
9423
9422
9425
9426
11419
12248
12247
13370
13371
13372
13374
13375
13373
13379
13378
13395
13402
13428
13397
13430
13401
13427
13429
13396
13398
13433
13629
13630
7746
1582
1050
6537
6524
6492
6569
10893
10897
10921
11065
11067
10889
11070
11071
11072
11081
10951
11084
11077
10929
11086
10925
11089
10989
11104
11116
11088
11100
11109
11120
11132
11023
11002
11019
10957
10954
11022
11020
11018
11064
11021
11001
11078
10944
11080
11024
11066
11076
11085
11083
11079
11087
10946
10947
10986
11004
11005
11007
11008
11040
11069
4672
4674
4673
4676
4675
4677
4256
1325
1326
1297
11620
11622
11630
11619
11623
11624
11626
11635
11628
11631
11632
11636
11637
11638
11639
11642
11643
11644
11645
11757
11772
6850
6849
1298
11625
1300
1327
1324
13391
13424
13451
13449
13447
13432
13454
13392
13423
13431
13455
1295
1330
6959
1329
12050
4256
6848
6851
11627
13022
12631
7646
7817
7886
8744
8712
9848
10687
9934
11911
11913
11943
11945
12189
266
298
201
233
7696
7700
7701
7702
7703
7705
7706
7704
7689
7708
7710
7678
7711
7712
7713
7647
7716
7671
7722
7683
7638
7639
7727
7733
7735
7742
7743
7670
7715
7650
7721
7644
7676
7714
7526
7523
7642
7688
7697
7862
7680
7861
7859
7858
7860
7801
7864
7828
7865
7690
8859
8891
8765
9104
7691
9216
9470
9554
9557
9556
9586
9268
9589
9236
9395
7693
9421
9588
9432
9272
9424
9276
9388
7709
7692
7694
7695
7698
7699
7769
7827
7707
9274
9471
7282
8049
7276
9046
9050
9078
9082
9053
9085
12033
12396
14466
14498
8512
8544
8818
15456
15460
7623
8148
8180
5084
5039
5075
5078
5071
5087
5074
5041
5085
5045
5088
5073
5079
12412
8211
8212
8213
8208
9731
9735
9741
9744
9746
9758
9749
9763
9773
9781
9776
9790
10057
10067
10089
10099
12100
12125
12270
12261
12124
12296
12274
12277
12122
12311
12278
12300
12316
12446
12290
12307
12322
12308
12317
12312
12318
12319
12337
12401
12275
12340
12328
12358
12315
12305
12339
12399
12332
12380
12357
12447
12478
12479
12480
12572
12486
12633
12518
12636
12483
12517
12634
12485
12571
12575
12635
12652
12649
12642
12515
12641
12639
12640
12637
12648
12638
12630
12651
12645
12644
12650
12647
12643
12654
12750
12646
13065
12485
12638
12642
12644
12646
12575
12517
12635
12483
12651
12650
12639
12630
12515
12640
12571
12641
12648
12647
12637
12645
12643
13065
12750
12654
1040
1036
1037
1041
1021
6966
13055
6962
7131
6964
7123
6960
6967
7132
6963
6961
7125
7121
7122
6965
6958
7124
7157
6335
4468
6256
4473
6234
6493
4449
4469
4457
4596
6249
4463
6235
6241
6233
6210
6172
6242
6232
6229
6209
6526
6514
6350
6303
6266
6485
6504
6217
6204
6068
6500
6488
6224
6486
6484
6269
6495
6487
6489
6497
6382
6496
6264
6516
6494
10899
6576
6580
6579
6587
6588
6592
11043
6595
10880
10912
10869
6594
10896
10872
10898
10910
10878
6599
6600
6596
6598
10911
11030
11144
11036
11153
11201
11280
11278
11269
11285
11283
11916
11968
11948
12052
12051
12045
12062
12000
12180
12183
12184
12185
12188
12212
12215
12216
12220
12221
12224
12225
12226
12238
12239
12242
12243
12256
12257
12258
8061
8419
13005
13007
13009
13000
13008
13006
1576
2973
2968
14132
14137
14138
14135
14134
14136
14160
14161
14131
14133
14163
14141
14164
14159
14162
14139
14165
14628
14166
14167
14199
14274
14272
14273
14278
14275
12066
14130
1016
14155
14144
14156
14146
1023
1020
1046
14145
14142
14158
1049
1038
1045
13479
13483
13481
13487
13486
14147
14151
14150
14149
14123
14154
14153
14118
14115
14143
14124
12048
13003
15444
15445
15448
15443
15449
15453
15446
15454
15457
15461
15476
15477
15475
15478
15480
15481
15485
15486
15489
15490
15492
15493
15494
15495
15504
15505
15506
15507
15510
15508
15511
15509
15512
15514
15513
15521
15515
15519
15518
15522
15523
15524
15525
15526
15491
15516
15527
1554
1583
1571
1602
14337
1609
7257
7254
7258
7259
7260
7261
7262
7275
7277
7280
7279
7281
7284
5044
5043
5042
5040
5038
5050
5063
5066
5068
5077
5590
5591
5594
5593
5595
8304
8313
8307
8310
8314
8305
8315
8309
8316
8319
8318
8308
8320
8389
8390
8391
8285
8392
8202
8205
8393
8394
8395
8397
8398
8399
8402
8401
8427
8431
8203
8317
8387
8400
8388
8420
8231
8204
8279
8284
8199
8207
8274
8306
8311
8312
10979
10976
10980
10978
10977
10983
11226
4496
11200
11202
11204
11233
11203
11236
11232
11235
11234
11281
11282
11258
11291
11289
11314
11315
11295
11313
11312
11353
11292
11385
5923
5928
10948
10945
1299
10965
13025
10973
10972
10975
10942
10969
1296
11621
1328
11633
13020
13023
13024
13021
1213
1214
1220
1218
1221
963
1219
1222
972
969
1004
974
1007
967
964
1002
971
962
965
968
975
1223
970
1225
966
1001
1003
1006
1224
1708
1709
1730
1706
1762
1699
1703
1712
1707
1704
1711
2665
2669
1772
2668
2673
2672
2686
2687
2431
2643
2642
2722
2723
2647
2675
2684
3207
2674
2679
3203
2685
3210
3213
3323
3324
3325
2985
3453
2984
3209
3456
3320
4263
3459
3462
3461
3478
3464
3471
3475
3485
3486
3494
3496
3493
4255
973
976
4246
977
3491
4247
4250
1005
4258
1008
4248
1009
4251
4259
4257
4260
4254
4266
4267
4265
4264
4268
4270
4279
3488
4269
4278
4272
4274
4261
4282
4276
4262
4283
4275
4287
4271
4280
5687
4286
6071
5686
5473
5681
5472
5685
5878
5882
5876
5887
5884
8235
8236
9013
8239
9019
9018
9022
8237
8240
9016
8241
9020
8242
8244
9015
8982
8981
9014
11545
9017
4253
4273
4285
13388
13420
14289
14290
14288
14219
14224
14235
14238
14279
14270
14267
14280
14283
15281
15283
15284
14286
15285
15282
15280
15588
5053
5052
5090
5058
5059
5592
5080
5589
14335
8634
9555
9587
1650
5976
5586
5585
7811
8091
9291
9294
9296
9297
9298
9300
9301
9302
9299
8036
9293
9292
8659
9295
9816
9369
9521
9524
9818
9849
10360
10817
12046
12065
12089
4294
5064
1106
1546
5065
1043
1039
1550
5076
1555
12054
1591
1612
1618
1611
1607
1638
4289
4290
1764
4296
4314
1763
1760
4321
4360
5072
5587
7283
6628
7921
7843
8046
7846
8380
8625
8636
7814
7808
7840
8977
8647
9807
8206
9894
9865
9948
9996
11646
11634
11754
11752
11755
12130
12126
11750
12157
12155
12071
12158
12173
12128
12169
12222
13004
14031
14034
14035
14200
14036
14227
14206
14277
14269
14353
4512
4505
4506
4516
4538
4526
4508
4527
4517
4522
4524
4521
4531
4540
4520
4532
4536
6265
4539
4507
5051
6267
4288
5055
4297
5047
6261
6237
4293
5067
4295
1273
4291
4470
4292
4471
4476
6465
4565
4519
5054
4486
4528
5057
4487
6067
5056
6499
5069
6518
6523
6522
4564
6503
6491
6490
6515
6517
6572
6577
6584
6578
6582
6573
6585
6581
6590
6597
6591
6593
6784
10868
10900
10888
10890
10876
10920
10922
10871
10873
10870
10930
10952
10955
10931
10932
10949
6589
10953
10943
10928
10933
10950
11970
11003
11010
10985
11006
10993
11288
11290
10990
10991
10956
13077
13080
10988
10987
11293
10992
11042
11268
12034
11011
11031
12044
11294
11914
12001
11996
11946
12039
12036
12002
12127
11969
11139
12028
12176
12174
12172
12187
12177
12207
12182
11286
13081
11287
12205
12206
12208
12186
12201
12200
12209
12260
13079
13076
12214
13056
12190
12218
12202
13082
12191
12219
13075
13072
13078
12223
13083
12154
12171
12156
12134
12132
12047
12159
12168
12162
