0
1
2
5
6
7
8
9
10
11
14
15
24
28
31
32
33
34
37
38
39
40
41
42
43
46
47
48
51
56
60
63
66
68
70
73
74
75
76
77
78
88
89
98
100
102
105
106
107
108
109
110
116
118
119
120
121
124
125
129
130
131
132
133
134
135
137
138
139
136
142
143
141
144
145
146
147
148
149
150
151
152
154
155
156
157
158
159
161
162
163
164
165
166
22
23
25
26
29
30
49
52
53
54
55
57
58
61
62
64
65
67
69
167
168
169
170
171
173
174
176
179
175
178
177
180
181
182
183
184
186
187
188
189
190
191
192
195
196
197
199
200
201
203
204
205
207
206
212
209
210
211
213
214
215
218
219
221
222
223
224
227
228
229
231
232
233
235
236
237
239
241
242
238
243
244
245
246
247
79
82
83
84
86
87
90
91
92
93
94
95
96
97
99
101
114
115
250
251
253
254
255
257
260
261
262
263
264
265
266
267
268
269
271
272
273
274
276
281
283
289
292
293
294
295
296
297
298
299
300
301
303
304
305
306
308
313
122
123
126
127
128
315
328
332
325
329
330
326
327
339
341
342
343
344
359
360
357
361
362
358
364
371
373
374
375
153
376
387
389
390
391
392
393
160
394
395
397
398
399
400
403
407
410
409
414
415
419
421
422
423
424
425
426
427
429
430
431
432
435
439
442
441
446
447
448
449
451
454
455
456
457
458
452
453
465
466
467
468
469
470
471
472
473
474
475
476
477
478
185
479
480
481
483
484
485
486
487
488
489
490
497
498
499
500
501
502
503
504
505
506
507
508
509
510
511
512
513
514
516
520
522
524
527
552
554
556
559
560
564
566
567
570
571
574
575
576
582
583
584
586
587
588
614
615
616
618
619
620
621
622
623
624
625
626
627
628
632
324
331
333
334
633
345
346
347
348
634
635
638
639
356
640
641
643
644
645
646
647
648
649
650
363
365
366
377
378
379
380
388
651
654
658
659
666
667
396
668
669
670
672
673
674
675
676
677
678
679
680
681
420
682
683
686
690
691
692
693
694
695
698
699
700
701
702
705
706
428
707
708
711
712
740
743
744
745
746
749
750
751
515
585
617
630
631
642
642
652
655
656
684
687
688
523
528
530
532
533
534
535
536
537
538
539
540
541
542
543
544
545
546
555
565
568
569
572
573
515
585
617
630
631
652
655
656
684
687
688
548
529
547
529
547
217
220
249
252
259
270
280
285
288
291
278
290
302
312
310
317
320
321
322
323
352
353
354
355
386
411
406
413
418
443
445
438
450
482
657
689
256
258
193
202
225
234
518
519
550
551
279
282
284
287
311
314
316
319
637
671
697
703
704
709
710
713
714
716
741
742
748
739
629
336
337
338
367
368
369
370
401
402
404
408
433
434
436
440
577
578
579
580
71
72
104
412
444
581
80
81
111
112
113
85
103
117
747
4
12
13
36
44
45
636
715
216
248
459
496
405
437
495
226
385
384
335
531
172
140
208
240
194
277
286
230
309
198
318
609
610
611
612
613
608
605
604
662
665
661
607
736
602
606
660
603
719
717
718
589
590
592
591
593
594
595
596
597
598
599
600
601
492
663
27
417
521
350
307
563
461
491
558
549
525
517
383
653
340
3
494
351
382
50
685
463
553
557
462
381
526
463
460
349
50
275
685
416
464
526
59
381
721
722
725
728
724
720
737
738
737
738
738
737
732
734
726
696
561
729
731
730
727
372
35
562
