4551
2522
2524
2528
2530
2531
2534
2537
2522
2524
2528
2522
2524
2528
4551
2522
2524
2528
4741
4742
4743
4744
4747
4748
4757
4758
4759
4760
4763
4764
4538
4539
2525
2554
2556
2557
4565
2521
2523
2526
2527
2529
2532
2533
2535
2536
2552
2553
4740
4745
4746
5688
4548
4540
4541
5608
2578
4560
4561
4564
3264
3265
2555
1
2
3
4
5
6
7
10
11
12
13
14
15
16
17
18
19
20
21
23
24
25
26
27
28
29
30
31
32
33
34
35
36
37
38
39
40
41
42
43
44
45
46
49
50
51
52
53
55
56
57
58
59
60
61
62
63
64
65
66
69
70
72
73
74
75
76
77
78
79
80
81
82
83
84
85
86
87
88
89
90
91
92
93
95
96
97
98
101
102
106
107
108
109
110
111
112
113
114
115
116
117
118
119
120
121
122
123
124
125
127
133
136
139
145
148
152
153
248
249
250
252
254
255
256
257
258
259
266
267
268
269
270
271
272
273
274
275
276
277
278
279
280
281
282
283
284
285
286
287
288
289
290
291
298
299
300
301
302
303
304
305
306
307
308
309
310
311
312
313
314
315
316
317
318
319
321
322
323
324
325
326
327
328
329
332
333
334
335
336
337
338
339
340
342
344
345
346
347
348
349
350
353
354
355
356
357
358
359
360
361
364
365
366
367
368
369
370
371
372
374
376
377
378
379
380
381
382
388
389
390
391
392
395
396
397
398
399
400
401
402
403
404
405
406
407
408
409
414
415
420
421
422
423
424
427
428
429
430
431
432
433
434
435
436
437
438
439
440
441
446
447
448
449
451
452
453
454
455
456
457
458
459
460
461
462
463
464
465
466
467
468
469
470
471
472
473
474
475
476
477
478
479
480
481
483
484
485
486
487
488
489
490
491
492
493
494
495
496
497
498
499
500
501
502
503
504
505
506
507
508
509
510
511
512
513
516
514
515
517
518
519
520
521
522
523
526
529
530
531
532
533
534
535
536
537
538
561
562
563
564
565
566
567
568
569
570
571
572
575
576
577
578
579
580
581
582
583
584
590
591
594
598
601
604
605
608
609
610
611
612
613
614
615
616
622
623
626
0
8
9
630
633
636
637
655
656
664
663
666
667
679
687
688
696
698
699
695
704
707
710
393
394
410
411
709
412
413
425
426
442
443
444
445
450
717
721
725
724
727
482
726
728
730
731
732
733
736
735
739
742
573
574
745
585
586
587
588
589
592
753
756
757
758
759
762
763
764
765
617
618
619
620
621
767
624
769
768
770
771
772
773
774
776
775
777
778
779
780
781
782
783
784
785
786
787
788
789
647
648
649
650
651
652
653
654
790
791
792
793
794
795
796
797
800
799
798
801
802
803
804
805
806
668
669
670
671
807
808
809
810
811
812
813
814
815
816
817
818
819
820
821
822
823
824
825
826
827
828
829
830
680
681
682
831
832
833
834
835
836
837
838
839
683
840
841
842
684
844
845
846
847
685
686
848
849
850
851
700
701
852
853
854
855
858
702
703
861
864
865
866
867
868
869
870
871
872
873
874
876
877
878
879
880
881
882
883
884
885
886
887
714
715
716
890
893
895
896
897
898
899
902
903
904
905
719
906
907
908
909
910
911
912
913
914
915
916
919
920
921
922
923
924
925
926
927
928
929
930
931
934
935
936
937
938
939
940
941
942
943
944
945
946
947
948
951
952
953
954
955
956
957
958
959
960
961
964
965
967
962
963
966
968
969
970
971
972
973
974
975
976
977
978
979
980
981
982
983
984
985
990
991
992
993
994
995
996
997
998
999
1000
1001
1002
1003
1004
1005
1006
1007
1008
1009
1010
1011
1012
1013
1014
1015
1016
1017
1022
1023
1024
1025
1026
1027
1028
1029
1030
1031
1032
1033
1034
1035
1036
1037
1038
1039
1040
1041
1042
1043
1044
1045
1046
1047
1048
1049
1050
1051
1052
1053
1054
1055
1056
1057
1058
1059
1060
1061
1062
1063
746
747
749
1064
1065
1066
1068
1067
1069
1070
1071
1072
1073
1074
1075
1076
1077
751
1078
1079
1080
1081
1082
1083
1084
1085
1086
1087
1088
1089
1090
1091
1094
1095
1096
1097
1098
1105
1114
1115
1116
1117
1118
1110
1119
1120
1121
1122
1123
1126
1092
1127
1128
1093
1108
1109
1107
1129
1130
1137
1146
1147
1148
1149
1150
1142
1125
1151
1152
1153
1154
1139
1140
1155
1156
1157
1158
1141
1159
1160
1124
1161
1162
1163
1164
1165
1166
1167
1168
1169
1170
1171
1172
1174
1175
1176
1177
1178
1179
1180
1182
1181
1183
1184
1185
1186
1187
1188
1189
1190
1191
1192
1193
1194
1195
1196
1197
1198
1199
1200
1201
1202
1203
1204
1206
1207
1208
1209
1210
1211
1212
1214
1213
1215
1216
1217
1218
1219
1220
1221
1223
1226
1228
1229
1230
1231
1232
1233
1234
1236
1237
1238
1239
1242
1113
863
1248
1249
1250
1251
1252
1253
1255
1258
1260
1261
1262
1263
917
918
1264
1265
1266
1268
1269
1270
1271
1145
949
950
1274
986
987
988
989
1289
1291
1290
1288
1293
1295
1296
1018
1019
1020
1294
1292
1021
1301
1303
1300
1302
1310
1320
1321
1106
1111
1112
1328
1323
1324
1322
1327
1331
1325
1326
1283
1332
1335
1334
1333
1281
1138
1143
1144
1342
1298
1282
1344
1345
1346
1348
1280
1297
1347
1349
1173
1350
1351
1352
1284
1286
1353
1354
1355
1356
1285
1357
1358
1359
1360
1363
1361
1362
1205
1330
1313
1318
1317
1364
1365
1366
1367
1368
1314
1316
1369
1370
1222
1371
1372
1224
1373
1374
1375
1376
1315
1377
1379
1225
1227
1235
1378
1380
1381
1382
1312
1329
1240
1241
1243
1244
1245
1383
1384
1385
1386
1246
1247
1254
1387
1388
1389
1390
1391
1392
1393
1256
1394
1395
1396
1397
1398
1399
1400
1257
1259
1401
1402
1403
1404
1405
1406
1407
1408
1409
1410
1411
1267
1412
1413
1414
1415
1416
1272
1273
1417
1418
1420
1421
1422
1423
1424
1425
1426
1427
1428
1429
1430
1431
1432
1433
1434
1275
1276
1277
1435
1436
1437
1278
1438
1439
1440
1441
1442
1443
1444
1445
1446
1447
1448
1449
1450
1279
1452
1453
1454
1455
1456
1457
1458
1459
1460
1461
1462
1463
1464
1465
1466
1467
1468
1469
1470
1287
1471
1472
1473
1474
1475
1476
1477
1478
1479
1480
1487
1488
1489
1490
1299
1491
1492
1493
1494
1495
1496
1497
1498
1499
1500
1501
1502
1503
1504
1505
1506
1507
1508
1509
1510
1511
1512
1519
1520
1521
1522
1523
1524
1525
1526
1527
1528
1311
1529
1530
1531
1532
1533
1534
1535
1541
1542
1543
1544
1545
1546
1547
1319
1548
1549
1550
1551
1552
1553
1554
1556
1557
1558
1564
1565
1566
1567
1573
1574
1575
1576
1577
1578
1343
1579
1580
1581
1582
1583
1584
1585
1586
1588
1589
1590
1596
1597
1598
1600
1601
1602
1599
1603
1604
1605
1606
1607
1608
1609
1610
1611
1612
1613
1618
1621
1633
1632
1631
1634
1635
1636
1637
1638
1639
1640
1641
1642
1643
1644
1645
1650
1653
1663
1419
1451
1481
1482
1483
1484
1485
1486
1513
1514
1515
1516
1517
1518
1694
1536
1537
1538
1539
1540
1695
1559
1560
1561
1562
1563
1726
1727
1728
1729
1731
1739
1740
1741
1742
1743
1568
1569
1570
1571
1572
1753
1754
1755
1756
1757
1759
1760
1761
1763
1771
1772
1773
1774
1775
1591
1785
1786
1787
1788
1789
1791
1792
1793
1794
1795
1796
1797
1798
1799
1800
1801
1802
1592
1593
1594
1595
1803
1805
1806
1808
1809
1810
1811
1812
1813
1814
1815
1817
1818
1819
1820
1821
1822
1824
1825
1826
1827
1828
1829
1830
1831
1832
1833
1834
1835
1837
1838
1840
1841
1842
1843
1844
1845
1846
1847
1849
1850
1851
1852
1853
1854
1861
1862
1867
1869
1871
1893
1894
1899
1901
1903
1921
1927
1929
1930
1931
1932
1933
1934
1936
1937
1938
1940
1941
1942
1943
1945
1953
1959
1961
1962
1963
1964
1965
1966
1968
1969
1970
1972
1973
1974
1975
1977
1994
1995
1996
2002
2003
2004
2006
2007
2009
2010
2014
2019
2026
2027
2028
2034
2035
2036
2038
2039
2041
2042
2046
2049
2058
2097
2100
2113
2117
2120
2121
2122
2123
2124
2126
2127
2129
2140
2143
2145
2149
2152
2153
2154
2155
2156
2158
2159
2161
2172
2175
2177
2178
2181
2182
2183
2184
2186
2185
2188
2187
2190
2191
2192
2193
2194
2197
2196
2200
2198
2202
1804
2203
2204
2205
2206
2207
2209
2210
2213
2214
2215
2216
2217
1836
2218
2219
2220
2222
2223
2224
2225
2226
2228
2229
2230
2232
2234
2235
2236
2237
2238
2239
2240
2241
2242
2243
1987
2244
2245
2247
2248
2250
2249
2251
2252
2253
2254
2255
2256
2048
2257
2258
2259
2052
2055
2260
2261
2262
2263
2264
2112
2114
2115
2265
2266
2116
2118
2119
2269
2270
2271
2130
2131
2132
2133
2134
2135
2136
2272
2273
2274
2275
2276
2277
2279
2280
2281
2144
2146
2282
2283
2147
2148
2150
2151
2284
2285
2286
2287
2288
2289
2290
2291
2292
2293
2294
2295
2296
2297
2298
2162
2301
2302
2303
2163
2164
2165
2166
2167
2168
2307
2310
2311
2314
2317
2319
2320
2326
2438
2440
2441
2439
2443
2442
2448
2449
2447
2450
2451
2452
2453
2454
2455
2456
2457
2458
2459
2460
2461
2462
2465
2469
2470
2471
2472
2473
2474
2475
2479
2480
2481
2482
2483
2484
2485
2486
2487
2488
2489
2490
2491
2492
2493
2494
2496
2514
2539
2199
2542
2546
2550
2558
2559
2561
2562
2567
2569
2574
2577
2583
2584
2593
2594
2599
2601
2606
2609
2615
2616
2678
2683
2686
2718
2750
2752
2753
2754
2755
2756
2757
2231
2766
2776
2777
2778
2779
2780
2781
2782
2783
2784
2785
2786
2787
2788
2789
2798
2799
2800
2801
2802
2803
2804
2805
2806
2807
2808
2809
2810
2811
2812
2813
2814
2815
2820
2827
2828
2831
2832
2835
2836
2837
2838
2841
2842
2845
2846
2852
2859
2860
2863
2817
2864
2867
2868
2869
2870
2873
2874
2877
2878
2881
2889
2891
2905
2906
2849
2907
2908
2913
2921
2924
2925
2926
2927
2928
2937
2938
2939
2940
2941
2942
2943
2944
2955
2954
2956
2962
2963
2964
2965
2966
2967
2969
2970
2976
2986
2987
2988
2994
2995
2996
2997
2998
2999
3001
3002
2304
3012
3014
3017
3024
3025
3026
3033
3034
3044
3046
3049
3056
3057
3058
3013
3045
3065
3066
2624
2627
3098
3099
3102
3236
3237
2765
3238
3249
3250
2797
3251
2818
2821
3252
3254
3255
3260
3262
3266
3267
3268
3269
3270
3272
3273
3274
3275
3276
3278
3279
3281
3282
3285
3286
3287
2850
3289
3290
3291
3292
3293
3294
2853
3295
3296
3297
3298
3299
3300
3301
3302
3304
3305
3306
3307
3308
3310
3311
3313
3314
3317
3318
3319
3321
3322
3323
3324
3325
3326
3327
2904
3349
3350
3351
3352
3353
3354
3355
3356
3357
3359
2936
3369
3370
3371
3372
3375
3376
3377
3378
3381
3382
3383
3384
3385
3386
3387
3388
3389
3390
3391
3645
3646
3647
3648
3649
3650
2957
2958
2959
2960
3651
3652
3653
3654
3655
3656
3659
3660
3661
3662
3663
2989
2990
2991
2992
3664
3665
3666
3667
3668
3669
3670
3671
3672
3674
3675
3676
3677
3680
3681
3682
3683
3684
3685
3686
3687
3688
3691
3692
3693
3694
3695
3696
3697
3698
3699
3700
3701
3702
3658
3703
3704
3706
3707
3690
3015
3016
3708
3709
3714
3715
3716
3717
3719
3720
3721
3018
3722
3723
3725
3726
3727
3728
3729
3730
3731
3732
3733
3734
3735
3736
3737
3738
3739
3740
3741
3742
3743
3746
3747
3748
3749
3751
3752
3753
3754
3755
3757
3758
3759
3760
3761
3047
3048
3050
3762
3763
3764
3765
3766
3767
3768
3769
3770
3771
3772
3773
3859
3860
3861
3863
3867
3868
3869
3877
3878
3879
3880
3881
3882
3892
3893
3891
3895
3899
3900
3901
3904
3905
3906
3908
3909
3910
3911
3912
3913
3916
3917
3919
3920
3923
3926
3928
3929
3930
3931
3932
3933
3934
3935
3936
3937
3938
3941
3940
3942
3943
3944
3945
3948
3949
3951
3952
3955
3095
3096
3958
3960
3961
3962
3963
3964
3965
3966
3967
3968
3969
3970
3973
3974
3975
3976
3977
3978
3979
3980
3981
3982
3983
3984
3985
3986
3987
3988
3989
3990
3991
3992
3994
3995
3996
3997
3998
4000
4001
4002
4005
4006
4007
4008
4009
4010
4011
4012
4013
4014
4015
4016
4017
4018
4019
4020
4021
4022
4023
4024
4026
4027
4028
4029
4030
4097
4099
4100
4101
4102
4105
4106
4107
4108
4110
4111
4114
4115
4118
4119
4122
4123
4160
4163
4164
4165
4166
4167
4168
4169
4170
4172
4173
4174
4175
4177
4178
4180
4186
4188
4189
4191
4192
4193
4195
4196
4197
4198
4199
4200
3657
4201
4202
4204
4205
4220
4221
4223
4226
3678
3679
3689
4232
4233
4239
4240
3710
3711
3712
3713
3718
3724
4248
4250
4251
4252
4253
4254
4255
4258
3744
4280
4282
4283
4284
4285
4286
4287
4288
4289
4290
4291
3745
3750
3756
4320
4321
4322
4323
4362
4364
4365
4363
4367
4368
4371
4394
4396
4397
4399
4400
4395
4403
4416
4417
4418
4419
4420
4421
4422
4423
4433
4434
4448
4449
4450
4451
4452
4453
4435
4454
4455
4465
4466
4467
4483
4486
4484
4485
4488
4490
4487
4501
4510
4511
4500
4517
4515
4161
4522
4518
4516
4489
4171
4176
4179
4182
4183
4184
4520
4185
4187
4190
4542
4544
4519
4543
4545
4533
4203
4222
4547
4549
4552
4553
4555
4532
4521
4556
4563
4568
4569
4572
4575
4576
4577
4579
4580
4581
4583
4584
4585
4587
4588
4592
4595
4597
4598
4502
4600
4601
4604
4607
4610
4611
4612
4614
4615
4616
4618
4619
4620
4621
4622
4623
4628
4639
4642
4643
4644
4646
4647
4648
4650
4651
4652
4653
4654
4655
4660
4738
4739
4750
4751
4752
4753
4754
4755
4761
4762
4765
4768
4770
4771
4772
4774
4775
4777
4778
4779
4780
4782
4783
4784
4785
4786
4787
4789
4790
4791
4792
4793
4794
4795
4797
4829
4830
4436
4437
4438
4439
4865
4866
4875
4876
4877
4878
4880
4881
4882
4884
4885
4468
4890
4891
4892
4893
4469
4470
4471
4897
4898
4905
4907
4908
4909
4910
4912
4913
5606
4482
5624
4534
5638
5641
5642
5643
5646
5648
5670
5674
5675
5678
4503
4504
4505
4506
5680
4514
5684
5686
5687
2575
2579
4535
4536
4537
4566
4559
4562
5607
5609
5610
5611
5612
5613
5614
5615
5616
5617
5618
5619
5620
4546
4550
4554
4557
4558
4559
5676
5677
47
712
744
5673
1678
1680
1682
1685
1686
1687
1688
5682
1690
1691
1710
1712
1714
1717
1718
1719
1720
1722
1723
1730
1744
1745
1746
1747
1750
1751
1752
1758
1762
1776
1777
1778
1779
1782
1783
2544
2548
1784
1790
2043
2045
2233
2445
2446
2477
2478
2515
2516
2519
2520
2796
2829
2830
2844
2855
2861
2862
3336
3337
3338
3339
3340
3342
3343
3344
3345
3346
3347
3348
3368
3374
3379
3380
3862
3866
3883
3884
3885
3888
3894
3898
3907
3914
3915
3918
3927
3939
3946
3947
3950
3959
4292
4293
4324
4325
718
750
857
860
4353
4358
4361
4366
4370
4372
4373
4374
4375
4377
4378
4382
4383
4385
4390
4393
4398
4402
4404
4405
4406
4407
4409
4410
4414
4415
4424
4425
4426
4427
4428
4429
4432
4447
4456
4457
4458
4459
4460
4461
4527
4529
4530
4531
4767
4769
4773
4776
4796
4799
4802
4803
4804
4805
4806
4807
4809
4834
4835
4836
4837
4838
4839
4841
4864
4867
4868
4870
4871
4872
4879
4883
4886
4887
4889
4895
4896
4899
4900
4902
4903
4904
4911
4915
4918
4919
4921
4923
4925
4927
4928
4929
4930
4931
4932
4939
4941
4945
4948
4949
4950
4951
4952
4954
4957
4960
4961
4962
4963
4964
4971
4973
4993
4994
4995
4996
4997
4998
4999
5000
5002
5003
5004
5005
5006
5007
5008
5009
5010
5011
5013
5012
5014
5016
5017
5018
5019
5036
5037
5038
5039
5040
5041
5042
5043
5044
5045
5046
5048
5049
5050
5051
5052
5053
5054
5055
5056
5058
5059
5061
5062
5063
5064
5065
5066
5067
5068
5069
5077
5078
5079
5080
5081
5084
5085
5086
5087
5088
5090
5091
5138
5140
5143
5146
5153
5154
5170
5172
5175
5178
5184
5187
5204
5206
5207
5236
5238
5239
5255
5259
5268
5269
5272
5273
5274
5276
5278
5279
5291
5300
5301
5304
5305
5306
5308
5309
5310
5311
5312
5313
5314
5320
5393
5394
5395
5396
5397
5398
5399
5400
5401
5402
5403
5404
5405
5406
5407
5408
5410
5412
5415
5417
5420
5418
5421
5422
5423
5424
5426
5427
5428
5429
5425
5430
5431
5432
5433
5434
5435
5436
5437
5438
5439
5441
5442
5440
5444
5445
5446
5447
5448
5449
5452
5455
5457
5458
5460
5461
5473
5474
5472
5476
5477
5478
5479
5480
5481
5484
5487
5489
5490
5492
5493
5544
5545
5546
5548
5549
5550
5552
5553
5554
5555
5561
5562
5566
5568
5573
5579
5580
5572
5582
5583
5585
5588
5590
5591
5592
5600
5604
5605
5622
5623
5644
5647
5649
5650
5652
5653
5654
5651
5655
5656
5657
5665
5666
5667
5668
5669
5679
5681
5685
5683
4914
4940
4942
4943
4944
4946
4947
4958
4959
4972
4974
4975
4976
246
247
900
901
1617
1619
1620
1622
1623
1628
1630
1649
1651
1652
1654
1655
1660
1662
1665
1666
1670
1671
1672
1673
1676
1679
1681
1689
1697
1698
1702
1703
1704
1705
1708
1711
1713
1721
1749
1781
1807
1816
1823
1839
1848
1855
1856
1859
1860
1863
1865
1866
1872
1873
1874
1875
1876
1877
1878
1879
1880
1881
1882
1883
1884
1885
1886
1887
1888
1891
1892
1895
1897
1898
1904
1905
1906
1907
1908
1909
1910
1911
1912
1913
1914
1915
1916
1917
1918
1919
1920
1922
1924
1925
1926
1928
1952
1954
1956
1957
1958
1960
2061
2062
2063
2066
2068
2079
2081
2090
2093
2094
2095
2098
2111
2125
2128
2137
2139
2157
2160
2169
2171
2180
2189
2195
2221
2227
2246
2444
2476
2497
2505
2507
2510
2512
2517
2518
2547
2549
2551
2563
2564
2565
2566
2568
2576
2581
2587
2589
2590
2595
2596
2597
2598
2600
2608
2610
2611
2613
2619
2621
2622
2625
2626
2646
2647
151
2648
2651
2654
2657
2658
2679
2680
2694
2695
2696
2697
2699
2700
2705
2707
2711
2714
2715
2917
2919
2935
2945
2946
2947
2948
2949
2056
2065
2075
2076
2077
2078
2080
2950
2951
2952
2084
2087
2088
2953
2968
2971
2972
2973
2974
2975
2107
2108
2109
2110
2977
2498
2501
2978
2979
2980
2981
2982
2983
2984
2985
2993
3000
3003
3004
3005
3006
3007
3008
3009
2504
3011
3027
3031
3036
3040
3041
3043
3086
3088
3089
3091
3092
3093
3097
3101
3120
2506
2508
2509
2511
2513
3121
3123
2538
2540
2541
2543
3124
3125
3129
3130
3133
3137
3141
2545
3143
3144
3145
3146
3147
3366
3999
4031
4046
4047
4051
4052
4055
4056
4059
4060
4062
4063
4078
4079
4083
4084
4087
4088
4091
4092
4094
4095
4109
4159
4181
2656
2659
4206
4209
4210
4212
4213
4214
4216
4217
4662
4665
4692
4693
4697
4737
4749
4756
4781
4788
4800
4801
4808
4828
4831
4832
4833
4840
4844
2923
4849
4850
4851
4852
4853
4854
4855
4856
4857
4858
4859
4860
4861
4862
4863
4873
4874
4888
4906
4916
4917
4920
4922
4924
4956
5015
5020
5022
5025
5026
5027
5028
5029
5030
5031
5032
5034
5035
5047
5070
5082
5093
5094
5095
5096
5097
5098
5099
5100
5101
5102
5109
5110
5111
5112
5113
5114
5116
5117
5118
5119
5120
5121
5129
5130
5131
5132
5133
5136
5139
5152
5316
5318
5319
5321
5322
5323
5324
5326
5325
5327
5328
5329
5330
5331
5332
5333
5334
5335
5336
5337
5338
3128
5339
5340
5341
5342
5343
5344
5346
5348
5350
5351
5352
5353
5354
5356
5355
5357
5358
5359
5360
5361
5362
5363
5364
5365
5366
5367
5368
5369
5370
5371
5372
5373
5374
5375
5376
5379
5380
5381
5383
5385
5388
5386
5389
5390
5391
5392
5411
5413
5443
5462
5463
5464
5465
5466
5467
5468
5469
5470
5471
5475
5496
5497
5498
5499
5500
5501
5502
5503
5504
5522
5565
5569
5570
5574
5575
5577
5578
5586
5601
5602
5633
4207
4208
4211
4215
4218
4219
5634
5635
5636
5637
5021
5023
331
363
760
1555
1587
2816
2819
2822
2823
2824
2825
2826
2833
2839
2840
2843
2847
2848
2851
2854
2856
2857
2858
2865
2871
2872
2875
2876
2879
2882
2883
2885
2886
2887
2903
2914
2915
2918
2961
3010
3028
3029
3030
3032
3035
3037
3038
3039
3042
3059
3060
3061
3062
3063
3064
3067
3068
3077
3078
3079
3080
3081
3082
3083
3084
3085
3087
3090
3094
3100
3103
3104
3105
3106
3108
3109
3110
3111
3112
3113
3114
3115
3116
3117
3118
3119
3122
3126
3127
3131
3132
3134
3135
3138
3139
3148
3149
3277
3280
3309
3312
3341
3358
3373
3673
3705
3774
3776
3780
3782
3783
3785
3788
3789
3799
3803
3804
3805
3807
3808
3812
3814
3815
3817
3820
3821
3823
3828
3831
3835
3836
3837
3839
3843
3845
3846
3847
3848
3849
3850
3852
3858
3875
3890
3993
4025
4671
4696
4703
4728
4729
4735
2834
2866
3775
4736
597
599
603
606
607
629
631
635
638
639
640
657
658
659
660
661
662
665
672
689
690
691
692
693
694
697
705
708
711
713
720
722
723
729
734
737
740
741
743
748
752
754
755
761
766
2580
2586
2612
2618
2632
2634
2635
2636
2638
2639
2640
2643
2660
2664
2666
2667
2668
2670
2671
2672
2675
2688
2689
2690
2692
2693
2716
2717
2719
2720
2721
2722
2724
2725
2729
2732
2746
2748
2749
2751
2759
2760
2761
2762
2764
2767
2768
2769
2770
2771
2772
2773
2775
3240
3241
3244
3361
3362
3364
3392
3394
3397
3398
3400
3401
3402
3403
3404
3405
3406
3407
3408
3409
3410
3411
3412
3414
3415
3419
3420
3423
3424
3426
3429
3430
3432
3433
3434
3435
3436
3437
3438
3439
3440
3441
3442
3443
3444
3446
3447
3450
3451
3452
3455
3456
3457
3458
3459
3460
3461
3462
3463
3464
3465
3466
3467
3468
3469
3470
3471
3472
3474
3475
3476
3473
3477
3478
3485
3487
3488
3489
3490
3491
3492
3493
3494
3495
3496
3497
3498
3499
3500
3501
3502
3503
3506
3507
3509
3504
3505
3508
3510
3486
3517
3519
3520
3521
3525
3524
2628
2631
3528
3529
2637
3531
3532
2641
2642
2644
2653
2655
2663
3533
3534
3535
3536
2669
2673
2674
2676
2685
2687
2691
3537
3538
3540
2712
2723
2726
3541
3542
2728
2731
3543
3544
3545
3546
3547
3548
3549
3550
3551
3518
2739
2743
2744
3552
3553
3556
3557
3560
3561
3563
3564
3565
3566
3567
3568
3569
3570
3572
3573
3574
3575
3576
3577
3578
3579
3580
3581
3582
3583
3584
3585
3586
3587
3588
3589
3590
3591
3592
3593
3594
3595
3596
3597
3598
3599
3600
3601
3602
3603
3604
3605
3606
3607
3608
3609
3610
3611
3612
3613
3615
3616
3617
3618
3619
3620
3621
3622
3623
3624
3625
3626
3627
3628
3629
3630
3631
3632
3633
3634
3635
3636
3637
3638
3639
3640
3641
3642
3643
3644
3413
3416
3417
3418
3421
3422
3445
4249
4281
3448
3449
3453
3454
4430
4431
4440
4441
4442
4462
4463
4464
4472
4473
4474
4479
4481
4491
4492
4493
4494
4495
4496
4497
4498
4499
4513
4523
4524
4525
4526
4528
2573
5621
2560
2570
2571
2572
2573
5621
3239
3242
3243
3245
3246
3247
3248
3253
3256
3257
3258
3259
3261
3263
3271
4369
4376
4379
4380
4381
4384
4386
4387
4388
4389
4391
4392
4528
2560
2571
2572
2573
5621
2560
2570
2571
2572
2573
5621
2560
2570
2571
2572
2573
5621
5621
2560
2570
2571
1661
1667
1664
1668
1669
1674
1675
1677
1683
1684
1692
1693
1696
1699
1700
1701
1706
1707
1709
48
140
141
142
143
146
149
150
528
544
545
546
547
548
549
550
551
552
553
554
555
558
560
2011
2013
2313
2463
2495
2499
2502
2503
3151
3152
3171
3174
3175
3177
3176
3183
3179
3180
3184
3215
3216
3217
3218
3219
3220
3222
3223
3224
3225
3228
3229
3360
4508
4509
5001
5033
5057
5060
5083
5089
5092
5157
5158
539
540
541
542
543
5171
5345
5378
5382
5387
5414
5419
5453
5485
5505
5506
5507
5510
5511
5523
5526
5529
5530
5531
5533
5534
5535
5536
5537
5538
5539
5542
859
889
891
892
5543
5563
5567
5645
2305
5603
94
126
5571
320
330
343
351
352
362
375
383
706
738
3169
3173
3178
4766
4798
5126
5164
5165
5168
5188
5189
5190
5191
5197
5208
5209
5210
5211
5212
5216
5219
5220
5221
5222
5223
5229
5240
5241
5242
5243
5244
5258
5267
5287
5290
5299
5317
5558
1868
1870
1900
1902
1923
1955
2467
2468
2500
3235
3283
3284
3288
3303
3363
3365
3367
3864
3865
3870
3871
3872
3873
5122
5161
5162
5163
4096
4098
4104
4113
4116
4117
4032
3972
4034
4033
4035
4043
4038
4040
4049
4050
4057
4058
4061
4065
4064
4066
4067
4053
4070
4072
4075
4081
4090
4082
4089
4085
4093
1614
1646
1732
1733
1734
1735
1736
1737
1738
1748
1764
1765
1766
1767
1768
1769
1770
1780
1857
1858
1864
1889
1890
1896
2067
2070
2102
2099
2138
2141
2142
2170
2174
2173
2176
2179
2201
2208
2211
2212
2268
2278
2333
2334
2347
2348
2349
2350
2351
2352
2353
2354
2363
2364
2365
2366
2377
2384
2383
2385
2386
2390
2391
2392
2393
2394
2397
2395
2396
2409
2416
2415
2422
2423
2424
2417
2418
2425
2426
2427
2428
2429
2432
2433
2434
2435
2436
2437
2464
2466
3136
3155
3153
3154
3156
3157
3158
3159
3160
3161
3162
3164
3165
3163
3167
3166
3168
3170
3182
3185
3186
3187
3188
3189
3191
3190
3192
3193
3194
3195
3196
3197
3199
3200
3201
3198
3206
3204
3207
3209
3202
3211
3203
3205
3210
3212
3213
3221
3227
3230
3231
3232
3233
3234
3921
3924
3925
3953
3956
3957
4039
4036
4037
4041
4042
4044
4045
4054
4068
4069
4071
4073
4074
4076
4077
4086
4162
4194
4224
4225
4228
4236
4244
4245
4237
4238
4241
4242
4243
4246
4257
4256
4260
4295
4296
4297
4298
4299
4300
4301
4302
4303
4304
4305
4306
4307
4308
4309
4310
4311
4312
4313
4314
4316
4317
4318
4319
4327
4328
4329
4330
4331
4332
4333
4335
4334
4336
4337
4338
4339
4340
4341
4342
4344
4343
4345
3896
3971
4346
4348
4349
4350
4351
4352
4354
4359
4355
4357
4360
4724
4725
5125
5315
5347
5349
5377
5384
5409
5416
5512
5513
5514
5517
5516
5520
5518
5521
5524
5527
5528
5556
5559
5560
2331
2332
2346
5658
5659
5660
5661
5662
2368
2369
2370
2378
2400
2401
2402
2410
5193
5192
5194
5196
5195
5201
5202
5199
5200
5198
5205
5237
5224
5225
5226
5227
5228
5230
5231
5234
5232
5233
71
67
4582
593
602
634
4586
628
600
641
595
643
596
632
642
645
644
674
673
646
22
54
154
156
158
159
162
163
161
147
134
138
137
166
168
172
174
175
176
178
181
182
183
186
170
179
165
188
187
171
184
185
169
180
190
177
192
191
198
200
199
217
218
220
222
223
201
202
203
204
207
208
209
212
211
210
193
213
216
221
224
230
232
233
231
206
215
240
234
239
225
236
241
244
245
243
214
242
219
253
238
251
525
527
557
559
625
627
1615
1624
1647
1656
1625
1616
1626
1658
1627
132
1657
1944
1648
1948
1659
2059
1725
1949
1629
1939
1950
2051
2047
2072
2082
1947
2060
1716
2057
2083
2086
2103
2267
2091
2054
2064
2050
2096
2327
2071
2104
2089
2345
2330
2092
2337
2361
2329
2373
2335
2356
2371
2374
2381
2360
2355
2379
2380
2367
2338
2336
2359
2328
2362
2357
2419
2376
2372
2389
2405
2404
2358
2398
2388
2382
2408
2375
2406
2430
2411
2414
2607
2413
2399
131
2403
2407
2420
2604
2421
2431
2603
2412
2791
2774
2794
2792
3315
3142
3208
128
3214
3329
3316
3328
3331
3335
3332
3427
3393
3431
3320
3425
3333
3330
3399
3614
3395
3779
3800
3786
3809
3784
3806
3798
3810
3818
3819
3781
3777
3832
3825
3802
3778
3829
3856
3816
3827
3830
3822
3840
3811
3801
3787
129
130
3813
3853
3824
3838
3851
3826
4127
3834
3833
3889
3841
3876
3844
3857
4141
3854
4139
4004
144
155
160
164
173
194
195
196
197
3897
3922
3954
205
4136
3886
4129
4130
226
227
228
229
4133
4138
4134
4146
4142
4131
235
237
4137
4151
4140
4150
4132
4149
4148
4145
4154
4147
4235
4143
4155
4230
4234
4227
4259
4128
4229
4478
4446
4633
4630
4702
4953
4983
4980
4986
4979
4978
4734
4981
4984
4982
4988
2387
4991
4985
4989
4992
4990
5024
4955
4987
5137
5248
5169
5213
5261
5280
5235
5282
5246
5215
5249
5251
5214
5203
5257
5245
5252
5253
5247
5275
5270
5271
2793
5281
5293
5302
5307
5303
5576
99
3334
843
932
875
862
933
894
1946
1971
1980
1981
1978
1989
1982
1990
1986
2018
1985
2299
1988
1991
1979
1984
2021
2017
2022
2008
1976
2306
2016
1993
2015
1992
2023
2005
2024
2020
2025
4003
2037
2318
2040
2316
2893
2894
2895
2911
2910
2880
2909
2896
2897
2912
2929
3053
3021
3052
3020
3073
3023
3074
3051
3019
3055
3072
3795
3793
3790
3796
3792
3794
3797
4594
4591
4590
4977
4627
4656
4624
4659
5250
2315
2892
3791
1967
1935
2012
2044
2300
2582
2614
2662
3526
3558
4121
2747
4126
4153
4158
4637
4669
5283
5284
5285
5289
104
5495
5450
5456
5459
5451
5483
5482
5454
5486
5488
5491
5494
