0
13
17
19
21
23
24
25
26
29
30
32
33
35
36
37
38
40
41
45
51
53
55
56
57
58
12
14
15
16
18
20
22
34
42
43
44
52
54
62
61
74
77
87
119
185
217
220
221
223
225
228
229
232
233
236
238
239
242
231
249
252
253
255
257
258
259
260
261
262
263
264
266
267
268
280
283
285
289
290
291
292
293
294
295
296
298
299
300
302
237
312
240
235
241
234
315
276
278
277
256
265
317
321
323
324
327
328
329
330
331
333
334
281
286
284
304
288
282
337
338
287
310
301
305
343
344
279
308
309
311
346
297
348
349
355
356
359
360
361
362
363
365
366
342
369
370
306
375
376
378
380
381
382
314
319
313
318
320
316
325
340
413
522
332
374
525
526
336
347
528
341
345
529
368
535
536
537
538
539
364
377
540
541
357
542
543
544
545
546
547
548
549
550
551
554
557
558
560
561
567
568
569
570
379
571
572
573
574
575
576
577
578
579
580
581
582
583
584
585
586
587
588
590
589
591
592
593
594
595
596
597
598
599
600
601
602
603
604
605
606
607
608
609
610
611
612
613
614
615
616
617
618
619
620
621
622
623
624
625
626
627
628
629
630
631
632
633
634
635
636
637
638
639
640
641
642
643
644
645
646
647
648
649
650
651
652
653
655
656
657
658
659
660
661
662
663
664
665
666
667
668
669
670
671
672
673
674
675
676
677
678
679
1
2
3
4
5
6
8
9
10
11
680
681
683
684
685
686
687
688
689
690
691
692
693
694
695
696
697
698
699
700
701
702
703
704
705
706
707
708
709
710
711
712
716
717
27
28
59
60
720
721
722
723
724
725
726
727
728
729
730
731
732
733
734
735
736
737
738
739
740
741
742
743
744
748
749
752
753
754
755
756
757
758
759
760
761
762
763
764
765
766
767
769
770
772
774
773
775
776
777
778
779
780
781
782
783
784
785
786
787
788
789
790
791
792
797
798
799
801
802
803
804
805
806
807
808
809
810
811
812
813
814
815
816
817
818
520
521
523
524
527
819
820
821
530
531
532
533
534
552
553
555
556
559
562
563
564
822
823
565
566
824
829
830
831
832
833
834
844
845
894
895
896
897
898
899
900
901
902
903
904
905
906
907
908
909
910
911
912
913
914
915
916
917
918
919
920
921
922
923
924
925
926
927
928
929
930
931
932
933
934
935
936
937
938
939
940
941
942
943
944
945
946
947
948
949
950
951
654
952
953
954
955
956
957
958
959
960
961
962
963
965
966
968
964
969
967
970
971
972
973
974
975
976
977
682
978
979
980
983
984
985
987
988
989
990
991
992
982
993
994
995
996
997
998
999
1000
1001
1002
1003
1004
1005
1006
1007
1008
1009
1010
1011
1012
1015
1016
1017
1019
1014
1020
1021
1022
1023
1025
1026
1027
1028
1030
1031
1032
1033
1034
1035
1036
1037
1039
1040
1041
1042
1043
1044
1045
1046
713
714
715
718
1047
1050
1051
1054
1057
1058
1059
1060
1062
1063
719
1064
1065
1066
1067
1068
1069
1071
1072
1073
1074
1075
1076
1077
1078
1079
1082
1083
1086
1089
1318
1319
1320
1321
1322
1323
1324
1325
1326
1327
1328
1329
1330
1331
1332
1333
1334
1335
1336
1337
1338
1339
1341
1342
1343
1344
1345
1346
1347
1348
1349
1350
1353
1354
1356
1357
1358
1361
1362
1364
1365
1366
1367
1368
1369
745
746
747
1370
1371
750
751
1372
1373
1374
1375
1376
1377
1378
1379
1380
1381
1667
1668
1699
1700
1817
1818
768
1819
1820
1823
771
1835
1838
1844
1845
1846
1847
1848
1849
1850
1851
1852
1855
1856
1857
1858
1859
1860
1861
1862
1863
1864
1871
1872
1873
1874
1875
1876
1877
1879
1880
1887
1888
1889
1890
1891
1892
1893
1894
1895
1896
986
981
1903
1904
1905
1906
1907
1908
1909
1911
800
1018
1919
1920
1922
1923
1926
1928
1931
1932
1937
1938
1939
1940
1941
1942
1945
1947
1943
1944
1946
1948
1949
1950
1952
1954
1955
1958
1960
1963
1964
1970
1971
1972
1973
1974
1977
1975
1976
1978
1979
1980
1981
1982
1992
1995
1996
1997
1998
1999
2001
2002
2005
2009
2014
2024
1013
2027
2028
2029
2030
2046
2117
2120
2118
2119
2121
2122
2123
2124
2125
2127
2128
2130
2131
2133
2134
2135
2137
2138
2139
2140
2141
2142
2143
2147
2148
2149
2152
2153
2150
2151
2154
2155
2156
2157
2158
2159
2160
2162
2163
2165
2166
2167
2169
2170
2171
2172
2173
2174
2175
2178
2179
2180
2183
2184
2185
1048
1049
1052
1053
2181
2182
2186
2187
2188
2189
2190
2191
2192
2193
2194
2195
2197
2198
2199
2200
2201
1080
1081
1084
1085
2203
2206
2207
2210
2211
2212
2213
2215
2216
2217
2218
2219
2220
2221
2223
2214
2222
2224
2225
2226
2227
2229
1340
2230
2231
2232
2233
2235
2238
2239
2241
2242
2243
2244
2245
2246
2249
2250
2256
2309
2310
2311
2312
2313
2315
2316
2317
2318
2319
2323
2324
2326
2327
2328
2329
2330
2325
2333
2334
2336
2337
2339
2335
2338
2340
2341
2342
2343
2344
2345
2347
2348
2349
2350
2351
2355
2356
2357
2358
2359
2360
2361
2362
2365
2366
2368
2369
2367
2372
2374
2370
2371
2395
2396
2397
2398
2406
2524
2526
2527
2528
2529
2530
2531
2534
2536
2537
2538
2540
2541
2542
2543
2544
2546
2547
2548
2549
2550
2551
1929
1930
1933
1934
1935
1936
2552
2553
2554
2555
1961
1962
2556
2558
2559
2560
2563
2564
1965
1966
1967
1968
2566
2567
2569
2570
1969
2565
2573
2580
2582
2586
2589
2592
2595
2596
2598
2599
2597
2601
2602
2605
2629
2129
2132
2136
2661
2161
2164
2690
2168
2694
2696
2697
2698
2700
2695
2701
2702
2703
2704
2705
2706
2708
2709
2710
2711
2712
2713
2714
2715
2722
2725
2726
2728
2731
2732
2727
2730
2733
2734
2735
2736
2737
2740
2738
2729
2743
2744
2745
2746
2747
2741
2204
2742
2752
2753
2754
2755
2756
2757
2759
2760
2761
2762
2763
2764
2765
2766
2236
2767
2768
2769
2770
2773
2775
2240
2777
2778
2779
2780
2781
2782
2783
2784
2785
2786
2787
2788
2789
2791
2792
2793
2794
2795
2796
2797
2798
2799
2800
2801
2805
2807
2809
2810
2811
2812
2813
2814
2815
2836
2868
2880
2882
2884
2885
2886
2887
2888
2890
2891
2895
2896
2898
2901
2903
2906
2908
2909
2912
2914
2525
2916
2917
2918
2919
2920
2922
2923
2927
2539
2928
2930
2934
2935
2938
2940
2941
2944
2959
2545
2960
2961
2962
2991
2992
2993
2994
2997
2998
2999
3000
3002
2557
2561
2562
3003
3005
3006
3007
3011
2568
2571
2572
3012
3013
3015
3016
3017
3018
3020
3025
3028
3029
3030
3031
3032
3033
2574
3034
3035
3036
3037
3038
3039
3043
3044
3045
3047
3048
3049
3050
3052
3057
3060
3061
3062
3063
2593
2594
3064
3065
3066
3067
3068
3069
3070
3071
3072
3073
3074
3075
3076
3077
3078
3079
3080
3081
2600
2603
2604
2606
3082
3083
3084
3085
3087
3088
3089
3091
3092
3093
3094
3100
3104
3105
3106
3107
3108
3109
3110
3111
3112
3113
3114
3115
3116
3117
3119
3120
3121
3123
3124
3125
3126
3132
3136
3137
3140
3141
3142
3145
3146
3148
3149
3150
3166
3167
3168
3169
3172
3173
3174
3177
2699
3178
3180
3181
3182
3278
3279
3280
3281
3282
3283
3284
3285
3288
3289
3291
3290
3293
3294
3314
3315
3316
3317
3318
3319
3320
3321
3322
3323
3325
3326
3327
3328
3329
3330
3331
3332
3333
3334
2758
3335
3336
3338
2790
3339
3340
3341
3342
3343
3344
2802
3345
3346
3347
3348
3351
3352
3353
3354
3356
3355
3357
3359
3360
3361
3362
3363
3364
3365
3366
3367
3370
3371
3372
3373
3374
3375
3376
3377
3378
3379
3383
3384
3385
3386
3388
3389
3387
3391
3392
3393
3390
3394
3395
3396
3397
3398
3399
3400
3402
3405
3408
3416
3417
3419
3420
3423
3424
3425
3426
3427
3428
3429
3430
3431
3432
3434
3437
3440
3448
3449
3451
3452
3455
3456
2963
3457
3458
2995
2996
3001
3460
3461
3004
3464
3465
3008
3009
3010
3468
3469
3014
3484
3487
3488
3489
3490
3492
3493
3040
3041
3042
3046
3496
3497
3525
3526
3527
3528
3531
3532
3533
3534
3530
3537
3541
3544
3547
3549
3550
3539
3548
3545
3551
3554
3555
3556
3557
3543
3558
3559
3546
3564
3560
3563
3573
3562
3576
3566
3571
3565
3579
3577
3581
3582
3583
3584
3138
3139
3143
3144
3585
3588
3147
3589
3590
3591
3593
3594
3595
3569
3580
3596
3597
3598
3599
3600
3601
3170
3171
3175
3602
3603
3575
3578
3176
3604
3605
3606
3607
3608
3609
3179
3610
3611
3612
3613
3614
3615
3616
3617
3620
3621
3622
3623
3625
3626
3627
3628
3629
3630
3631
3632
3633
3634
3635
3636
3637
3638
3639
3640
3641
3642
3643
3644
3645
3646
3647
3648
3649
3650
3651
3652
3653
3654
3655
3656
3680
3681
3682
3683
3684
3685
3686
3687
3688
3690
3693
3696
3697
3698
3699
3701
3700
3703
3704
3705
3706
3707
3709
3711
3712
3715
3716
3724
3725
3728
3729
3730
3718
3733
3734
3736
3714
3737
3738
3739
3740
3722
3727
3720
3719
3726
3723
3358
3741
3742
3743
3744
3731
3747
3748
3721
3735
3756
3757
3760
3761
3762
3765
3746
3754
3752
3753
3732
3766
3751
3755
3768
3769
3770
3750
3771
3772
3773
3774
3759
3775
3777
3781
3758
3763
3788
3789
3791
3792
3764
3793
3797
3767
3415
3418
3801
3802
3447
3450
3809
3813
3820
3821
3823
3824
3825
3829
3834
3840
3841
3842
3843
3844
3845
3846
3847
3848
3849
3850
3851
3852
3853
3854
3855
3535
3856
3858
3859
3860
3861
3862
3538
3863
3873
3552
3553
3874
3875
3876
3877
3878
3567
3879
3570
3880
3881
3882
3883
3884
3885
3886
3887
3888
3890
3586
3587
3891
3892
3893
3894
3895
3896
3897
3898
3899
3900
3901
3903
3618
3619
3904
3905
3907
3908
3909
3910
3912
3913
3914
3915
3916
3917
3918
3919
3920
3922
3924
3925
3926
3927
3929
3930
3931
3932
3933
3936
3937
3939
3940
3941
3942
3944
3945
3946
3947
3948
3949
3950
3951
3952
3954
3776
3778
3779
3780
4439
4440
4441
4442
3794
3795
3796
4443
4444
4446
4448
4449
3798
3799
3800
3803
3804
4453
4454
4455
4456
4457
4458
4461
3805
3806
3807
3808
4462
4469
4471
4472
4473
4474
4475
4476
3810
3811
4716
4717
4718
4719
4715
4720
4721
4722
4724
4726
4727
4728
3812
4729
4731
4733
4736
4737
4738
4739
4740
4741
4742
4743
4744
4745
4746
4747
4748
4749
4750
4751
4752
4753
4754
4755
4756
4757
4758
4759
4760
4761
3826
3827
3828
3830
3831
3832
3833
3835
3836
3837
4762
4763
4764
4765
4766
4767
4768
4769
4770
4771
4772
4773
4774
3838
3839
4775
4776
4777
4778
4779
4780
4781
4782
4783
4784
4785
4786
4787
4788
4789
4790
4791
4792
4793
4794
4795
4796
4797
4798
4799
4800
4801
4802
4803
4820
4832
4833
4834
4835
4852
3857
4870
4871
4872
4873
4874
4875
4876
4877
4878
4883
4886
4892
4896
4899
4902
4903
4904
4905
4906
4907
4908
4909
4910
6438
6439
6440
6442
6443
6446
6441
6449
6450
6451
6452
6453
6456
6457
6458
6459
6460
6461
6462
6463
6464
6465
6466
6467
6468
6469
6470
6471
6473
6474
6475
6476
6477
6478
6479
6480
6482
6483
6484
6485
6486
6487
6488
6489
6481
6490
6491
6492
6493
6494
6495
6496
6497
6498
6499
6500
6501
6502
6503
6505
6506
6507
6508
3889
6509
6510
6511
6512
6514
6513
6515
6516
6517
6518
6519
6520
6521
6522
6523
6524
6525
6526
6527
6528
6529
6530
6531
6533
6534
6535
6536
6537
6538
6554
6557
6559
6560
6561
6562
6563
6565
6566
6567
6568
6569
6570
6586
6589
6591
3928
6592
6594
6596
6597
6598
6599
6600
6602
6603
6604
6605
6607
6609
6610
6611
6612
6613
6614
6615
6618
6620
6622
6626
6628
6629
6630
6631
6632
6634
6635
6636
6637
6639
6641
6642
6643
6644
6645
6646
6647
6650
6652
6654
6658
6659
6660
6661
6662
6663
6664
6666
6670
6676
6677
6679
6680
6683
6684
6685
6686
6687
6690
6691
6693
6694
6692
6695
6696
6698
6702
6708
6709
6711
6712
6715
6716
6717
6718
6667
6719
6720
6721
6722
6723
6726
6728
6729
6730
6731
6732
6733
6734
6699
6736
6737
6738
6740
6742
6743
6735
6744
6745
6747
6752
6753
6754
6755
6756
6757
6758
6760
6761
6762
6764
6763
6765
6766
6767
6768
6769
6770
6772
6774
6775
6776
6777
6779
6784
6785
6786
6787
6788
6789
6790
6797
6798
6799
6800
6801
6803
6804
6805
6807
6808
6810
6816
6817
6818
6819
6820
6821
6822
6829
6830
6831
6832
6833
6834
6835
6836
6837
6839
6840
6842
6871
6872
6873
6874
6876
6976
6977
6978
6979
6981
6983
6984
6985
6986
6974
6975
6987
6988
6989
6991
6993
6992
6994
6995
6996
6997
6998
7001
6999
7000
7003
7002
7004
7005
7006
7007
7008
7009
7010
7011
7013
7015
7016
7017
7018
7019
7020
7021
7023
7025
7024
7026
7027
7028
7029
7030
7033
7031
7032
7034
7035
6435
7036
7040
7041
7037
7038
7039
7042
7043
7044
7045
7046
7047
7048
7050
7051
7054
7055
7056
7057
7058
7059
7060
7061
7062
7063
7064
7065
7066
7067
7068
7069
7070
7071
7072
7073
7074
7075
7076
7077
7078
7079
7080
7082
7083
7086
7087
7088
7089
7090
7091
7092
7093
7094
7095
7096
7097
7098
7099
7100
7101
7102
7103
7104
7105
7106
7107
7108
7109
7110
7111
7112
7113
7114
7115
7116
7117
7119
7120
7123
7126
7128
7130
7129
7132
7133
7134
7135
7131
7136
7137
7139
7140
7141
7142
7138
7143
7144
7145
7146
7147
7148
7149
7151
7152
7155
7158
7160
7162
7164
6532
7161
7163
7165
7166
7167
6564
7181
7183
7184
7185
7186
7187
7192
7189
7213
7214
7215
7216
7217
7219
7218
7261
7262
7263
7221
7267
7269
7271
7272
7273
7274
6665
6668
6669
6671
7275
7276
7277
7278
7279
7280
7281
6673
6674
6675
7282
7283
7286
7287
7288
7290
7292
7293
7294
6697
7295
7296
7297
7299
6700
6701
6703
6704
6705
6706
6707
7298
7300
7301
7302
7303
7304
7305
7307
7308
7309
7310
7311
7312
7313
7314
7315
7316
7317
7318
7319
6739
7320
7321
7322
7323
7324
7325
7326
7327
7328
7329
7331
7332
7333
7334
7330
7335
7336
7337
7339
7340
7341
7342
7343
7344
7345
7346
7347
7348
7349
7350
7351
7352
7353
7354
7355
7356
7357
6771
7358
7359
7360
7361
7362
7363
7364
7374
7375
7377
7381
7383
7385
7386
7387
7389
7390
7391
7392
7402
7403
7406
7407
7409
7413
7415
7417
7418
7419
7422
6802
7423
7424
7427
7428
7430
7434
7436
7437
7440
7441
7452
7453
7455
7456
7459
7460
7462
7466
7469
7627
7628
7629
7630
7632
7633
7634
7635
7680
7681
7682
7683
7684
7685
7686
7687
7688
7689
7690
7127
7691
7692
7693
7694
7695
7696
7697
7698
7699
7700
7701
7702
7703
7159
7704
7705
7706
7707
7708
7709
7182
7710
7711
7712
7714
7715
7193
7716
7717
7718
7719
7720
7721
7722
7723
7724
7725
7726
7727
7728
7729
7264
7730
7731
7732
7733
7265
7266
7734
7735
7268
7270
7736
7737
7738
7739
7740
7741
7742
7743
7744
7745
7746
7747
7748
7749
7750
7751
7752
7753
7754
7755
7756
7757
7758
7759
7760
7761
7762
7763
7764
7766
7767
7768
7769
7770
7382
7772
7384
7388
7401
7414
7771
7773
7774
7775
7416
7420
7421
7425
7426
7776
7777
7778
7779
7780
7781
7429
7782
7783
7784
7785
7431
7432
7786
7787
7433
7435
7438
7439
7788
7795
7796
7797
7798
7799
7800
7801
7802
7803
7804
7805
7806
7807
7442
7443
7444
7808
7811
7812
7813
7815
7816
7820
7819
7823
7827
7828
7445
7454
7831
7832
7833
7834
7835
7839
7840
7843
7844
7845
7457
7458
7461
7463
7464
7465
7467
7847
7848
7470
7471
7626
7852
7855
7851
7859
7860
7863
7864
7865
7866
7867
7871
7873
7876
7884
7885
7887
7888
7889
7892
7895
7905
7908
7916
7917
7919
7920
7921
7924
7927
7937
7938
7939
7940
7941
7942
7943
7953
7954
7955
7956
7959
7962
7963
7964
7969
7970
7971
7972
7973
7974
7975
7985
7986
7987
7988
7991
7994
7995
7996
8014
8046
7713
8065
8068
8077
8078
8079
8080
8083
8084
8085
8086
8089
8090
8091
8093
8094
8097
8100
8109
8110
8111
8112
8115
8116
8117
8118
8121
8122
8123
8142
8146
8147
8178
8179
8192
8193
8194
8195
8202
8203
8205
8209
8211
8214
8216
8219
8220
8221
8222
8223
8224
8225
8226
8227
8234
8235
8237
8241
8243
8246
8248
8251
8252
7765
8253
8254
8255
8256
8257
8258
8259
8260
8261
8262
8264
8265
8266
8267
8268
8269
8270
8271
8273
8274
8276
8277
8278
8279
8284
8285
8287
8288
8289
8290
8291
8292
8293
8294
8296
8297
8298
8299
8300
8301
8302
8303
8305
8306
8308
8309
8310
8311
8316
8317
8319
8320
8321
8322
8323
8324
8325
8326
8327
8328
8329
8330
8331
8333
8335
8336
8337
8338
8339
8340
8342
8343
8344
8345
8346
8347
8348
8350
8351
8352
8353
8354
8355
8356
8357
8358
8359
8360
8361
8362
8363
8365
8367
8368
8369
8370
8371
8372
8374
8375
8376
8377
8378
8379
8380
8382
8383
8385
8386
8387
8388
8389
8391
8394
8397
8398
8401
8402
8405
8406
8412
8417
8418
8419
8420
8421
8423
8426
8429
8430
7936
8433
8434
9301
9302
9303
9304
9305
7965
7966
7967
7968
9308
9309
9310
9311
9312
9314
9315
9316
9317
9318
7997
7998
7999
9320
9328
9332
9333
9334
9335
9336
9337
9339
9340
9341
9342
9343
9344
9353
9356
9357
8016
9360
8048
9370
9371
9372
9376
9385
9388
9389
9392
9402
9403
9404
9408
9409
9440
9441
8218
8250
9459
8280
8281
8282
8283
9463
9464
9465
9468
9469
8312
8313
8314
8315
9472
9475
9478
9482
9483
8349
9497
9498
9499
9500
9503
9504
9507
9510
9514
9515
8381
8384
8392
9529
9530
9531
9532
9535
9538
9539
8409
9570
8416
9600
9601
8424
9624
9625
9628
9629
9632
9633
9656
9657
9660
9700
9701
9702
9703
9706
9707
9708
9728
9729
9731
9732
9733
9735
9737
9739
9742
9743
9746
9747
9750
9751
9752
9755
9760
9761
9763
9764
9765
9767
9352
9354
9355
9769
9771
9774
9775
9777
9778
9779
9358
9782
9783
9784
9359
9787
9792
9794
9795
9796
9797
9798
9799
9800
9802
9803
9804
9807
9808
9811
9812
9816
9817
9820
9821
9824
9373
9374
9375
9826
9827
9828
9829
9830
9831
9832
9834
9835
9836
9839
9840
9843
9844
9848
9849
9852
9384
9386
9387
9853
9916
9917
9918
9919
9920
9921
9922
9924
9942
9943
9390
9391
9945
9950
9951
9952
9953
9954
9956
10102
10103
10104
10106
10108
10109
10110
10111
10112
10113
10122
9405
9406
9407
10125
10130
10131
10132
10133
10134
10135
10138
10139
10286
10287
10353
10354
10357
10360
10361
10362
10363
10365
10366
10367
10368
10369
10371
10372
10373
10374
10375
10376
10377
10378
10379
10380
10381
10382
10383
10384
10385
10386
10387
10388
10389
10390
10391
10392
10393
10395
10396
10397
10400
10401
10403
10404
10405
10406
10407
10408
10409
10410
10411
10412
10413
10414
10415
10416
10417
10418
10419
10420
10421
10422
10423
10424
10425
10465
10467
10468
10471
10477
10478
10481
10482
10483
10485
10487
10488
10489
10490
10491
10492
10493
10494
10495
10496
10497
10500
10501
10502
10503
10504
10505
10506
10507
10508
10532
10533
10534
10535
10536
10537
10538
10539
10540
10541
10543
10576
10577
10578
10579
10580
10581
10584
10586
10587
10588
10589
10590
10592
10593
10594
10595
10604
10608
10609
10610
10611
10618
10619
10620
10621
10622
10625
10626
10634
10636
10693
10695
10696
10697
10698
10699
10700
10703
10704
10706
10710
10713
10725
10727
10728
10729
10730
10731
10732
10735
10736
10738
10812
10816
10817
10818
10820
10821
10837
10839
10840
10841
10842
10843
10847
10848
10849
10850
10852
10853
10869
10871
10872
10873
10874
10875
10879
10955
10956
10957
10958
10959
10960
10963
10964
10972
10973
10976
10977
10978
10980
10982
10983
10984
10985
10987
10988
10989
10990
10991
10992
10995
10996
11136
11140
11141
11142
11143
11144
11145
11146
11147
11148
11154
11156
11163
11164
11165
11166
11167
11168
11169
11170
11172
11173
11174
11175
11176
9745
11177
11178
11179
11180
11186
11188
11195
11196
11197
11198
11199
11207
11208
11209
11211
11215
11216
11217
11218
11219
11220
11222
11239
11240
11241
11243
11247
11248
11249
11250
11251
11252
11254
11257
11261
11263
11264
11372
11373
11374
11384
11386
11387
11389
11390
11398
11401
11413
11414
11415
11416
11420
11421
11422
11430
11433
11445
11446
11447
11448
11451
11452
11453
11454
11458
11459
11461
11462
11463
11464
11465
11466
11469
11470
11472
11473
11476
11477
11478
11479
11480
11483
11484
11485
11490
11491
11493
11494
11495
11496
11497
11498
11501
11502
11504
11505
11508
11509
11510
11511
11512
11515
11516
11517
11653
11654
11655
11656
11657
11658
11659
11660
11661
11662
11663
11664
11665
11666
11667
11668
11669
11670
11671
11672
11673
11674
11675
11676
11677
11678
11679
11691
11692
11693
11694
11695
11696
11697
11698
11699
11700
11701
11702
11703
11704
11705
11706
11707
11708
11709
11710
11711
11713
11714
11717
11718
11721
11722
11723
11724
11725
11726
11727
11728
11729
11730
11735
11736
11738
11905
11906
11907
11908
11909
11917
11918
11919
11920
11921
11922
11923
11924
11925
11926
11927
11928
11929
11930
11931
11932
11933
11934
11935
11937
11938
11939
11940
11941
11942
11943
11944
11945
11946
11947
11948
11949
11950
11951
11952
11953
11954
11955
11956
11957
11958
11959
11960
11961
11962
11963
11964
11965
11966
11967
11971
11975
11979
11980
11981
11982
11983
11984
11985
11986
11987
11988
11989
11990
12115
12116
12117
12118
12119
12187
12188
12189
12190
12191
12192
12193
12194
12195
12196
12197
12198
12199
12200
12201
12202
12203
12204
12205
12206
12207
12208
12209
12210
12212
12213
12214
12215
12216
12217
12218
12426
12432
12433
12434
12437
12438
12440
12441
12442
12443
12444
12446
12524
12526
12532
12537
12545
12548
12556
12557
12558
12559
12560
12561
12562
12563
12565
12566
12569
12570
12571
12572
12573
12574
12577
12580
12588
12589
12590
12591
12592
12593
12594
12595
12597
12598
12601
12602
12603
12604
12605
12606
12631
12918
12919
12920
12921
12922
12923
12924
12925
12926
12927
12928
12929
12930
12931
12933
12934
12935
12936
13056
13729
13730
13731
13732
13733
13734
13735
13737
13738
13739
13740
13741
13742
13743
13744
13745
13746
13747
13748
13749
13750
13751
13752
13754
13755
13756
13757
13758
13759
13760
13761
13762
13763
13764
13765
13766
13767
13768
13770
13772
13774
13775
13776
13778
13779
13780
13781
13782
13783
13784
13785
13786
13787
13788
13791
13792
13793
13794
13795
13796
13797
13798
13799
13800
13802
13804
13806
13807
13808
13810
13811
13812
13813
13814
13815
13816
13817
13818
13819
13877
13878
13881
13882
13883
13886
13887
13888
13891
13892
13896
13897
13900
13901
13902
13905
13910
13911
13914
13915
13916
13917
13918
13919
13920
13923
13924
14461
14462
14463
14464
14465
14466
11652
14468
14469
14470
14471
14473
14474
14477
14480
14483
14485
14488
14489
14496
14497
14498
14500
14501
14502
14503
14505
14506
14509
14512
14515
14517
14520
14521
14523
14524
14532
14533
14535
14536
14537
11731
11734
11737
14548
14551
14554
14555
14556
14557
14558
14559
14560
14701
14728
14729
14730
14733
14734
14736
14737
14738
14739
14740
14742
14748
14752
14753
14756
14759
14760
14761
14762
14765
14766
14768
14769
14770
14771
14772
14804
14805
14807
14808
14809
14810
14811
14812
14813
14814
14815
14817
14818
14819
14820
14821
14824
14825
14826
14827
14831
14835
14836
14837
14839
14840
14841
14842
14843
14844
14845
14846
14847
14848
14849
14850
14851
14852
14853
14854
14855
14856
14857
14858
14859
14860
14861
14862
14863
14864
14865
14866
14867
14868
14869
14870
14871
14872
14961
14965
14970
14972
14973
14974
14977
14978
15000
15002
15003
15006
15007
15009
15010
15011
15012
15019
15022
15023
15025
15026
15032
15034
15035
15038
15039
15040
15042
15044
15045
15046
15048
15049
15050
15051
15052
15053
15054
15055
15056
15057
15058
15059
15060
15062
15067
15071
15072
15115
15116
15117
15119
15120
15122
15123
15124
15125
15126
15127
15144
15147
15148
15149
15151
15152
15154
15155
15156
15157
15210
15213
15218
15219
15220
15221
15222
15223
15224
15225
15226
15227
15228
15229
15230
15231
15232
15233
15234
15235
15236
15238
15239
15241
15242
15243
15244
15250
15251
15252
15253
15254
15255
15256
15273
15274
15275
15276
15282
15283
15284
15285
15286
15287
15288
15290
15292
15293
16379
16380
16554
16555
16556
16557
16558
16559
16560
16561
16562
16563
16564
16565
16566
16567
16568
16569
16570
16571
16572
16573
16574
16575
16578
16581
16693
16694
16695
16696
16699
16700
16701
16723
16725
16726
16727
16728
16729
16730
16731
16732
16733
16734
16735
16736
16737
16738
16740
16741
16742
16745
16746
16748
16749
16750
16755
16757
16758
16759
16760
16761
16762
16763
16764
16765
16766
16767
16768
16769
16770
16771
16772
16773
16774
17048
17049
17050
17051
17052
17053
17054
17055
17056
17057
17058
17059
17060
17061
17062
17063
17064
17065
17066
17067
17068
17069
17076
17077
17078
17079
17080
17081
17082
17083
17084
17085
17086
17087
17088
17093
17095
17096
17097
17098
17099
17100
17101
17105
17107
17109
17111
17112
17113
17114
17115
17116
17120
17125
17127
17128
17129
17130
17132
17133
17136
17137
17139
17141
17143
17144
17145
17146
17147
17148
17156
17157
17158
17159
17161
17166
17169
17170
17175
17176
17179
17180
17181
17183
17188
17189
17190
17191
17224
17228
17229
17231
17232
17803
17804
17806
17822
17824
17825
17833
17834
17835
17836
17838
17896
17898
17900
17909
17912
17914
17919
17920
17923
17924
17927
17929
17930
17931
17932
17933
17934
17935
17936
17937
17938
17939
17940
17951
17952
17955
17956
17959
17961
17962
17963
17964
17965
17966
17967
17968
17969
17970
17971
17972
31
63
66
98
106
109
15041
193
196
197
199
200
201
204
206
207
210
212
213
216
186
244
245
322
189
248
303
307
358
335
339
383
384
385
386
367
389
390
394
395
202
205
203
398
208
209
214
211
215
243
247
246
793
794
795
796
825
826
827
828
1029
1061
1351
1352
1355
1607
1610
1614
1615
1616
1617
1619
1620
1621
1628
1630
1631
1632
1633
1634
1635
1637
1639
1642
1646
1647
1648
1649
1651
1652
1653
1660
1662
1663
1912
1984
1985
1986
1987
1988
1989
1990
1994
2004
2011
2016
2017
2018
2019
2020
2021
2022
2026
2320
2321
2322
2331
2332
2352
2353
2354
2363
2364
2375
2376
2377
2378
2380
2381
2382
2384
2385
2379
2388
2389
2393
2394
2407
2408
2410
2412
2413
2409
2411
2414
2416
2417
2420
2421
2425
2426
2429
2432
2433
2430
2431
2437
2438
2439
2435
2441
2442
2443
2444
2452
2460
2462
2464
2465
2467
2469
2470
2473
2474
2475
2476
2471
2484
2492
2494
2496
2499
2502
2497
2498
2504
2505
2506
2508
2509
2510
2511
2512
2514
2515
2516
2517
2518
2519
2520
2521
2522
2523
2581
2583
2584
2585
2588
2630
2590
2655
2657
2662
2687
2688
2691
2692
2707
2720
2723
2724
2739
2774
2806
2826
2838
2842
2843
2844
2845
2847
326
2858
2870
2874
2875
392
393
396
2876
2877
2879
2881
2883
2889
2897
2902
2905
2907
2910
2911
2913
2915
2929
2933
2937
2939
2942
2943
2946
2947
2948
2950
2949
2951
2952
2953
2954
2956
2958
2955
3159
1618
3191
3198
3199
3209
3211
3214
3216
3217
3218
3219
3220
3221
3241
1650
3243
3246
3248
3249
3250
3251
3252
3253
3254
3256
3257
3276
3258
3262
3263
3286
3295
3296
3304
3307
3308
3287
3702
3708
3710
3713
3717
3745
3749
3934
3935
4723
4818
4821
4824
4825
4829
4837
4839
4843
4844
4850
4853
4856
4857
4861
4864
4867
4879
4881
4885
4887
4888
4889
4890
4891
6545
6547
6552
6553
6578
6584
6616
6617
2507
2513
6621
6623
6648
6649
6655
6656
6678
6653
6657
6681
6682
6688
6710
6689
6713
6714
6725
6724
6841
6982
7014
6990
7022
7049
7052
7053
7081
7084
7085
7122
7124
7154
7156
7168
7169
7170
7171
7172
7173
7175
7176
7177
7178
7179
7180
7194
7195
7196
7198
7199
7200
7201
7202
7203
7204
7205
7207
7208
7209
7210
7211
2894
7212
7285
7284
7289
7291
7306
7338
2921
7393
7394
7395
7399
2926
7631
7468
7836
7868
7900
7932
8395
8396
8400
8403
8404
9307
8422
8427
8428
8432
8435
8436
9410
9442
9455
9456
9457
9710
9718
9719
9720
9723
9724
9725
9726
9734
9766
7396
10370
10398
10402
11204
11213
11245
11375
11376
11377
11378
11379
11380
11381
11382
11383
11385
11388
11397
8390
11429
11712
11715
11732
11733
11739
11740
11741
11742
11743
11744
11746
11747
11749
11750
11753
11754
11756
11757
11755
11758
11759
11760
11761
11762
11764
11765
11767
11768
11770
11771
11772
11773
11783
11784
11785
11786
11789
11790
11791
11792
11796
11797
11805
11806
11815
11816
11817
11818
11821
11822
11823
11824
11828
11829
11831
11837
11838
11904
11936
11969
11973
11974
11977
11978
12120
12173
12174
12175
12176
12177
12178
12183
12179
12180
12181
12182
12184
12185
12186
12211
12400
12401
12402
12403
12404
12405
12406
12407
12408
12409
12410
12411
12413
12414
12417
12418
12415
12416
12422
12423
12424
12419
12420
12421
12425
12427
12435
12428
12429
12430
12431
12436
12445
12544
12546
12549
12550
12551
12553
12576
12578
12581
12582
12583
12585
13876
13879
13880
13884
13885
13890
13895
13898
13899
13906
13909
13912
13913
13922
13927
13930
13931
13928
13929
13938
13932
13933
13934
13937
13941
13944
13945
13942
13943
13946
13947
13948
13949
13950
13951
14436
14549
14550
14552
14553
14702
14703
14712
14717
14722
14720
14721
14724
14725
14726
14732
14731
14744
14746
14754
14758
14764
14806
14757
14763
14822
14829
14833
14838
14834
14873
14874
14875
14876
14877
14878
14879
14880
14882
14883
14884
14886
14887
14888
14889
14890
14902
14903
14905
14910
14911
14906
14907
14908
14909
14912
14913
14914
14930
14933
14937
14938
14940
14941
14942
14943
14944
14945
14946
14952
14954
14955
14956
14957
14958
14959
14960
14962
14969
14975
14999
15031
15047
15066
15145
15211
15212
15214
15237
15240
15215
15246
15245
15248
15249
15258
15260
15247
15259
15263
15264
15266
15268
15269
15271
15265
15270
15272
15277
15278
15280
15281
15311
15312
16378
16381
15279
15291
16382
16384
11745
16385
16388
16389
16391
11763
11766
11769
16416
16544
16417
16546
16547
16549
16552
16553
16679
16743
16744
16983
16985
16987
16988
16989
16990
16991
16992
17089
17091
17092
17094
17102
17106
17117
17119
17121
17123
17124
17126
17149
17151
17152
17153
17154
17155
17160
17162
17163
17164
17165
17171
17177
17178
17182
17184
17185
17186
17187
17192
17194
17195
17196
17200
17197
17198
17201
17202
17207
17209
17210
17214
17215
17216
17218
17219
17220
17222
17223
17225
17227
17230
17233
17821
17828
17897
17899
17901
17902
17903
17904
17906
17907
17908
17910
17911
17926
17950
17958
18086
18087
18088
18089
18090
18091
18093
18094
18095
18097
18098
18099
18100
18102
18105
18106
18107
18108
18109
18110
18111
18112
18116
18117
18118
18119
18120
18121
18122
18123
18124
18125
18126
18127
18128
18129
18130
18131
18132
18133
18134
18135
18136
18148
18150
18151
18152
18153
18154
18155
18156
18157
18158
18159
18160
18161
18162
18163
18164
18165
18166
18167
18168
18169
18170
18171
18174
18175
18176
18177
18178
18179
18180
18181
18182
18183
18184
18185
18186
18187
18188
18189
18190
18191
18192
18193
18194
18195
18196
18197
18198
18199
18200
18201
18202
18203
18204
18205
18206
18207
18208
18209
18210
18211
18212
18213
18214
18215
18216
18217
18218
18219
18220
18221
18222
18223
18224
18225
18402
18405
18421
18453
14727
6539
6540
6541
6542
6543
6544
6549
6550
6551
6571
6572
6573
6574
6575
6576
6577
6581
6582
6583
6601
6624
6633
9958
9959
9974
9975
9977
9982
9983
10070
10071
10072
10074
10076
10077
10078
10079
10093
10096
10330
10331
10333
10334
10335
10428
10429
10433
10435
10436
10439
10456
10457
10458
10459
10460
10461
10462
10463
10708
10709
10740
10741
10742
10745
10780
10803
10806
11155
11157
11159
11160
11161
11162
11187
11189
11191
11192
11193
11194
11202
11292
11293
11296
11340
11342
11343
11344
11345
11346
11347
11348
11349
11350
11351
11353
11354
11356
11357
11358
11392
11393
11394
11395
11396
11399
11403
11404
11411
11412
11418
11423
11424
11425
11426
11427
11428
11431
11435
11436
11443
11444
11450
11455
11456
11468
11471
11488
11500
11503
13736
13789
49
64
67
68
47
48
50
71
85
86
88
89
90
91
92
93
94
96
99
100
117
118
120
121
122
123
124
125
126
128
130
133
134
137
143
146
153
154
155
158
159
160
162
165
166
169
10061
10064
175
178
187
190
191
198
218
219
230
157
250
251
1382
1385
1386
1388
1389
1390
1393
1394
1396
1397
1398
1399
1400
1401
1402
1403
1404
1405
1406
1407
1410
1416
1419
1421
1422
1424
1429
1430
1431
1433
1435
1438
1439
1442
1448
1453
1454
1461
1462
1463
1465
1467
1470
1471
1472
1473
1474
1475
1477
1478
1479
1480
1481
1482
1483
1484
1485
1486
1487
1488
1489
1490
1491
1492
1493
1494
1495
1496
1497
1498
1499
1500
1501
1504
1505
1506
1507
1509
1510
1511
1512
1513
10774
1514
1515
1516
1517
1523
1524
1525
1526
1527
1528
1529
1530
1531
1532
1533
1542
1543
1544
1545
1546
1547
1548
1549
1550
1553
1554
1574
1575
1576
1577
1578
1579
1580
1581
1582
1585
1586
1715
1723
1821
1822
1828
1853
1854
1910
1991
1993
2000
2003
2008
2010
2015
2023
2025
2047
2261
2272
2273
2274
2275
2276
2277
2293
2304
2305
2306
2307
2308
2461
2463
2466
2468
2472
2479
2480
2481
2482
2483
2485
2493
2495
2500
2501
2503
2532
2533
2535
2771
2803
2817
2818
2820
2821
2825
2830
2831
2849
2850
2852
2853
2857
2862
2863
2904
2936
3208
3240
3292
3324
3691
3694
3695
6606
6638
1451
6741
6749
6750
6773
6781
6782
6796
6809
6828
7950
7951
7982
7983
2247
2248
2260
2292
8286
8318
6672
10427
4459
11275
11278
11279
11280
11281
11282
11284
11285
11286
11294
11295
11297
11298
11299
11307
11310
11311
11312
11313
11314
11315
11316
11317
11318
11324
11325
11326
11327
11328
11329
11330
11331
11332
11333
11334
11335
11336
11337
11338
11339
11341
11360
11361
11362
11363
11364
11365
11366
11367
11368
11369
11370
11371
11417
11419
11449
11719
11720
12568
12600
12636
12639
12663
12668
12671
12681
12684
12702
12713
12716
12734
12738
12741
12770
12773
12805
12808
12840
12886
12887
12888
12889
12890
12891
12892
12893
12894
12895
18683
18684
18686
95
127
129
131
135
132
142
156
161
163
164
167
174
188
387
388
1024
1056
1437
11283
1469
1551
1556
1557
1555
1583
1588
1589
1584
1878
2632
2634
2635
2639
2640
2641
2642
2643
2646
2645
2647
2648
2649
2650
2651
2653
2656
2664
2666
2667
2671
2672
2673
2674
2675
2676
2678
2677
2679
2680
2681
2682
2683
2685
2772
2776
2804
2808
2823
2855
2892
2893
2899
2900
2924
2925
2931
2932
3090
3122
12837
6546
6579
6811
6812
6815
6843
6844
6847
6848
6857
6859
6860
6861
6864
6865
6866
6867
6869
1552
1587
9923
9944
9946
9947
9948
9949
9955
9960
9961
9962
9963
9964
9965
9966
9967
9968
9969
9971
9972
9976
9978
9979
9980
9981
9984
9985
9986
9987
9988
9989
9990
9992
9993
10006
10010
10011
10016
10017
10019
10020
10021
10022
10024
10025
10038
10042
10043
10051
10053
10056
10060
10073
10075
10083
10085
10088
10092
10105
10107
10137
10141
10144
10145
2644
10170
10171
10173
10176
10192
10193
10196
10201
10202
10205
10206
10208
10224
10225
10228
10233
10234
10237
10238
10255
10257
10258
10259
10260
10261
10262
10264
10265
10266
10267
10268
10269
10277
10283
10284
10285
10289
10290
10291
10292
10293
10294
10296
10297
10298
10299
10300
10301
11400
11402
11410
11432
11434
11442
12468
12480
12488
12492
12499
12503
12505
12509
12512
18455
10274
12520
7960
7992
12219
12220
12221
12222
12223
103
70
102
1611
1612
1613
1636
1643
1644
1645
2428
2434
2440
2459
2491
7809
7810
7814
7817
7818
7821
7822
7824
7825
7826
7829
7830
7837
7838
7841
7842
7846
7849
7850
7853
7854
7856
7857
7858
7861
7862
7869
7870
12236
12247
11991
11992
11993
11994
11995
11996
11997
11998
11999
12000
12001
12003
12004
12005
12006
12007
12008
12009
12011
12012
12013
12014
12015
12016
12017
12018
12019
12020
12021
12022
12023
12024
12025
12026
12027
12028
12029
12030
12031
12032
12033
12034
12035
12036
12037
12039
12049
12053
12088
12089
12090
12094
12095
12096
12097
12098
12099
12100
12101
12102
12104
12105
12106
12108
12109
12110
12113
12114
12224
12225
12226
12227
12228
12229
12230
12231
12232
12233
12234
12235
12237
12238
12240
12241
12242
12244
12245
12246
12249
12250
12283
12286
12287
12288
12289
12290
12291
12292
12293
12294
12295
12296
12299
12300
12301
12302
12304
12305
12306
12308
12309
12310
12311
12313
12314
12398
12399
12041
12087
9351
9383
16739
17003
17007
17012
17070
17071
17072
17073
17074
17075
17103
17104
17193
17199
17204
17206
17208
17226
17921
17922
17925
17953
17954
17957
17205
11352
11355
11467
11499
11506
4880
3401
3433
10758
10771
11474
12533
12614
12625
12627
12634
12637
12638
12646
12657
12659
12666
12669
12670
12672
12673
12674
12675
12683
12685
12686
12687
12689
12691
12692
12693
12694
12695
12696
12698
12699
12700
12701
12704
12705
12706
12707
12715
12717
12718
12719
12721
12723
12724
12725
12726
12727
12728
12730
12731
12732
12733
12811
12812
12815
12816
12817
12818
12819
12843
12844
12847
12848
12849
12850
12851
12884
12896
12897
12899
12900
12916
391
397
405
414
416
417
418
419
412
420
421
422
423
426
429
437
445
446
444
448
449
450
452
453
454
455
451
458
459
460
461
464
465
467
468
469
470
471
472
473
474
477
478
480
481
482
484
485
483
486
487
490
491
492
493
496
497
499
500
501
502
503
504
505
506
509
510
512
513
514
515
518
835
836
846
837
838
839
840
842
843
848
849
850
851
852
853
854
855
856
857
858
859
862
863
864
860
861
865
866
867
868
869
870
871
872
876
874
875
877
878
880
881
882
883
884
885
886
887
888
889
890
891
892
893
2578
2587
2591
2607
2579
2610
2613
2611
2612
2614
2615
2617
2619
2618
2621
2622
2623
2626
2624
2627
2628
2659
2660
2658
3337
3368
3369
4730
4912
5893
5894
5895
5896
5903
5905
5906
5907
5908
5921
5922
5923
5924
5925
5926
5927
5928
5935
5937
5938
5939
5940
5954
5955
5971
5972
5973
5974
5975
5976
5977
5986
12751
12783
7447
7449
7472
7473
7478
7479
7481
7484
7485
7486
7487
7488
7489
7490
7491
7492
7493
7494
7495
7496
7497
7498
7499
7500
7501
7502
7503
7504
7505
7506
7507
7508
7509
7510
7511
7512
7513
7514
7516
7517
7518
7519
7520
7521
7522
7523
7524
7525
7526
7527
7528
7529
7530
7531
7532
7533
7534
7535
7536
7537
7538
7539
7540
7541
7542
7543
7544
7545
7546
7548
7549
7550
7551
7552
7562
7565
7568
7569
7571
7572
7576
7581
7584
7594
7597
7600
7601
7603
7604
7608
7636
7637
7638
424
425
427
428
430
2575
10694
10701
10702
10719
10722
10723
10724
10726
10733
10734
11680
11683
11684
11686
11687
11685
11688
11689
11690
11968
11970
11972
11976
12239
12248
5920
14531
14534
14561
14562
14563
14564
14565
14566
14567
14704
14705
14706
14707
14708
14709
14710
14711
14713
5952
14715
14716
14718
14719
14723
14741
14743
14745
14755
14816
14823
14828
14830
14832
14881
14885
14891
14892
14893
5984
14894
14895
14896
14897
14898
14899
14900
14901
14904
14931
14934
14949
14950
14963
14966
14976
14997
14998
15001
15004
15005
15008
15013
15014
15015
15018
15024
15027
15028
15029
15030
15033
15036
15037
15043
15121
15153
15216
15217
15257
15261
15262
15267
15289
15294
15295
15296
15297
15298
15299
15301
15302
15303
15305
15306
15307
15308
15310
15313
15314
15316
15317
15320
15321
15322
15325
15326
15327
15328
15329
15330
15331
7446
15333
15334
15335
15570
15571
15572
7474
15573
15574
15575
15576
7475
7476
7477
15578
15580
15581
15582
15583
15584
15585
15586
15587
15588
15590
15591
15592
15593
15594
7515
15602
15603
15604
15605
15606
15623
15624
15631
15633
15634
15635
15636
15637
15638
15639
15640
15641
15642
15644
15645
15663
15665
15666
15667
15668
7547
15669
15670
15671
15672
15673
15674
15676
15677
15679
15683
15684
15685
15686
15689
15690
7570
7573
7574
7575
15692
15693
15695
15696
15697
15699
15700
15701
15702
15703
15704
15705
15706
15707
15708
15711
15715
15716
15717
15718
15721
15722
15724
15725
15727
15728
15729
15731
7602
15732
15733
15734
7605
7606
15735
15736
15737
15738
15739
15740
7607
15743
15744
15745
15746
15748
15750
15758
15760
15761
15762
15764
15765
15766
15769
15770
15790
15792
15793
15796
15864
15867
15870
15873
15877
15881
15882
15883
15884
15885
15886
15888
15889
15890
15894
15895
15903
15905
15909
15913
15914
15915
15916
15917
15918
15920
15921
15922
15926
15927
15935
15936
15937
15938
15941
15942
15955
15956
15959
15960
15963
15964
15965
15966
15967
15968
15969
15970
15973
15974
16313
16316
16318
16321
16322
16323
16325
16329
16330
16331
16332
16334
16335
16336
16337
16338
16340
16341
16342
16343
16345
16346
16347
16348
16349
16350
16353
16354
16355
16357
16361
16362
16363
16364
16366
16367
16368
16369
16370
16372
16373
16374
16375
16377
16386
16387
16390
16392
16393
16402
16403
16404
16405
16408
16409
16410
16411
16412
16413
16543
16545
16548
16550
16551
16585
16586
16589
16590
16591
16592
16593
16594
16595
16596
16597
16598
16600
16601
16602
16603
16604
16605
16606
16610
16613
16617
16618
16621
16622
16623
16624
16625
16626
16627
16628
16629
16630
16632
16633
16634
16635
16636
16637
16638
16640
16641
16642
16643
16644
16647
16650
16651
16653
16654
16658
16659
16682
16683
16685
16686
16690
16691
16697
16698
17234
17235
17236
17237
17238
17239
17240
17241
17242
17243
17244
17245
17246
17247
17248
17249
17250
17251
17252
17253
17254
17255
17256
17257
17258
17259
17260
17261
17266
17267
17268
17269
17270
17271
17330
17331
17332
17333
17335
17339
17344
17345
17346
17347
17348
17349
17350
17351
17352
17353
17355
17356
17357
17377
17378
17379
17380
17381
17382
17383
17384
17385
17387
17388
17389
17390
17391
17392
17393
17394
17395
17396
17397
17398
17399
17400
17402
17403
17404
17405
17406
17407
17408
17409
17410
17411
17412
17413
17414
17415
17416
17419
17420
17421
17422
17423
17424
17426
17427
17428
17429
17430
17431
17432
17433
17434
17435
17436
17437
17438
17439
17440
17441
17442
17443
17444
17445
17446
17447
17448
17451
17452
17453
17454
17455
17456
17458
17459
17460
17461
17462
17463
17464
17465
17466
17467
17468
17469
17470
17471
17472
17473
17474
17475
17476
17477
17478
17497
17498
17499
17500
17501
17502
17503
17504
17505
17506
17507
17508
17509
17510
17511
17512
17513
17514
17515
17516
17517
17520
17523
17524
17527
17528
17529
17530
17531
17532
17533
17534
17535
17536
17537
17538
17539
17540
17541
17542
17543
17545
17546
17549
17550
17551
17553
17554
17574
17575
17577
17578
17581
17582
17583
17585
17586
17587
17588
17608
17612
17613
17615
17616
17618
17619
17621
17622
17623
17624
17626
17627
17630
17631
17634
17635
17638
17640
17644
17645
17647
17648
17650
17651
17653
17654
17655
17656
17658
17659
17662
17663
17664
17665
17666
17667
17668
17669
17670
17671
17672
17673
17674
17675
17676
17677
17678
17680
17681
17683
17684
17689
17690
17691
17692
17693
17694
17696
17697
17698
17699
17700
17701
17702
17703
17704
17705
17706
17707
17708
17709
17710
17712
17713
17715
17716
17721
17722
17723
17724
17725
17726
17728
17729
17730
17732
17733
17734
17737
17738
17792
17793
17796
17799
17800
17801
17831
17832
18054
18055
18056
18057
18058
18059
18060
18061
18062
18063
18064
18065
18066
18067
18068
18069
18070
18071
18072
18074
18075
18076
18077
18078
18079
18092
18096
18101
18103
18104
11651
401
402
403
404
406
15794
18073
12448
12449
12450
12451
12452
12453
12454
12456
12457
12458
12459
12460
12461
12462
12463
12464
12465
12466
12467
12469
12470
12472
12473
12474
12475
12476
12477
12478
12494
12495
12496
12500
12501
12502
12504
12508
12507
12511
12527
12528
12531
12534
12536
12540
12543
12547
12539
12541
12552
12555
12567
12579
12584
12554
12587
12599
12586
12703
12735
12737
12739
12740
12746
12747
12748
12749
12755
12756
12758
12769
12771
12772
12778
12779
12780
12781
12787
12788
12790
12822
12823
12824
12825
12826
12827
12828
12829
12830
12852
12854
12855
12856
12857
12858
12859
12860
12870
12872
12873
12874
12861
12877
12878
12902
12904
12905
12906
12909
12910
14932
14935
14936
14939
14947
14948
14964
14967
14968
14971
15595
15597
15598
15599
15678
15680
15681
15682
15687
15688
15691
15694
15698
15709
15712
15713
15714
15719
15720
15723
15726
15730
15741
15749
15757
15767
15768
15789
15797
15798
15799
15800
15801
15802
15804
15805
15806
15808
15809
15810
15811
15812
15813
15816
15817
15820
15823
15829
15830
15831
15832
15833
15834
15835
15836
15837
15838
15839
15840
15841
15842
15843
15844
15845
15848
15849
15852
15855
16703
16704
16705
16706
16707
16708
16713
16714
16717
12455
12820
10498
10499
10530
10531
10721
12439
69
101
1423
1427
1459
1600
1601
1602
1603
1605
3421
3453
6548
6580
6845
9994
9995
9999
10000
10003
10004
10005
10008
10009
10026
10027
10031
10032
10035
10036
10037
10040
10041
10048
10049
10054
10057
10058
10059
10062
10063
10065
10066
10067
10068
10069
10080
10081
10086
10089
10090
10091
10094
10095
10097
10098
10099
10100
10101
10302
1383
1384
1387
10355
10358
10359
10825
10857
10892
10893
10895
10896
10897
10898
10899
10900
10901
10902
10903
10904
10907
10924
10925
6813
4481
4482
4483
4484
4491
4492
4493
4494
4496
4497
4504
4506
4507
4508
4509
4513
4514
4515
4516
4523
4524
4525
4526
4527
4528
4529
4536
4538
4539
4540
4541
4548
4549
4552
4553
4554
4555
4556
4557
4560
4561
4565
4566
4567
4575
4580
4581
4584
4585
4586
4587
4588
4589
4592
4593
4597
4598
4599
4607
4608
4609
4610
4611
4612
4613
4620
4622
4623
4624
4625
4637
4638
4639
4640
4641
4642
4643
4644
4645
4652
4654
4655
4656
4657
4669
4670
4671
4672
4673
4676
4677
4684
4685
4686
4683
4687
4688
4689
4690
4692
4694
4695
4696
4697
4699
4700
4701
4702
4703
4704
4705
4708
4709
4732
4734
4735
10352
8263
8295
2373
2402
2403
2404
2405
4478
4489
4495
4521
4544
4545
4568
4576
4577
4600
4626
4627
4628
4629
4658
4659
4660
4661
11158
11190
2400
2401
407
410
411
2263
2295
1121
1127
1130
1143
1146
1147
1153
1154
1155
1156
1157
1158
1159
1160
1162
1177
1179
1180
1189
1190
1191
1192
1194
1209
1211
1212
1223
1224
1231
1232
1233
1255
1256
1263
1264
1265
1280
1282
1286
1287
1288
1289
1290
1291
1292
1293
1294
1295
1296
1297
1298
1299
1300
1301
1302
1303
1304
1305
1306
1307
1308
1309
1310
1311
1312
1314
2427
2456
2457
2458
2488
2489
2490
7886
7890
7891
7893
7896
7897
7898
7918
7922
7923
7925
7928
7929
7930
7990
8092
8095
8124
8125
8126
8127
8128
8129
8130
9823
10583
10585
10606
10637
10635
10639
10641
10640
10643
10644
10646
10642
10647
10648
10649
10655
10657
10658
10660
10661
10662
10663
10664
10666
10667
10668
10669
10671
10672
10673
10674
10675
10676
10678
10679
10680
10681
10684
10687
10707
10739
11259
1095
1098
1111
1114
1115
1221
16747
1253
17000
17001
17002
17004
17005
17006
17008
17009
17010
17011
17110
17118
17131
17134
17135
17138
17142
17150
17913
17916
17917
17918
7958
10652
399
400
12613
12615
12618
12619
12620
12622
12623
12624
12628
12645
12647
12650
12651
12652
12654
12655
12656
12660
12678
12682
12688
12710
12714
12720
12760
12764
12792
12796
12809
12821
12841
12853
13753
15625
15626
15627
15630
15710
15742
15815
15819
15821
15824
15825
15828
15847
15851
15853
15856
15857
15860
15950
15951
16681
16684
16687
16688
16689
16692
16709
16710
16711
16712
16715
16716
16718
17167
17168
17172
17174
17203
17212
17217
17221
17262
17263
17264
17265
17401
17417
17418
17425
17449
17450
17457
17555
17556
17557
17559
17560
17562
17564
17568
17569
17570
17571
17572
17573
17589
17591
17592
17594
17596
17601
17602
17603
17605
17606
17607
17609
17610
17611
17614
17617
17620
17625
17628
17629
17633
17637
17639
17641
17642
17643
17646
17649
17652
17657
17660
17661
17735
17741
17743
17744
17746
17754
17755
17756
17759
17760
17761
17762
17764
17765
17766
17767
17769
17773
17775
17776
17778
17786
17787
17788
17791
17802
17823
17982
17983
3958
3959
3960
3961
3962
3963
3964
3965
3966
3967
4402
4403
4404
4405
4406
4407
4408
4411
4412
4416
4417
4418
4419
4421
4422
4423
4424
4425
4426
4427
4428
4429
4430
4433
4434
4437
4450
4451
4460
4465
4466
4884
4894
4895
4913
4915
4916
4917
4918
4919
4920
4921
4922
4923
4924
4926
4927
4928
4930
4931
4932
4933
4935
4937
4938
5078
5084
5085
5088
5095
5103
5097
5104
5108
5110
5116
5117
5121
5122
5123
5124
5125
5126
5127
5128
5129
5130
5131
5132
5133
5134
5136
5137
5138
5139
5144
5147
5148
5149
5150
5151
5153
5154
5155
5156
5157
5158
5159
5160
5161
5162
5163
5164
5165
5166
5168
5169
5170
5171
5176
5179
5180
5181
5182
5183
5184
5185
5186
5189
5192
5307
5336
5339
5340
5656
5658
5659
5766
5767
5768
5769
5770
5771
5772
5773
5774
5775
5776
5777
5778
5779
5781
5782
5787
5790
5798
5799
5800
5801
5802
5803
5804
5805
5806
5807
5808
5809
5810
5811
5813
5814
5819
5822
5832
5834
5835
5836
5837
5838
5840
5841
5839
5842
5843
5844
5846
5845
5847
5848
5849
5851
5850
5852
5853
5854
5855
5864
5866
5867
5868
5869
5870
5872
5871
5873
5876
5878
5877
5874
5875
5880
5881
5882
5883
17017
5889
5884
5885
5886
5887
17173
5890
5891
5892
5989
5991
6023
6027
6029
6030
6055
6059
6061
6062
6086
6087
6088
6091
6089
6092
6093
6094
6095
6096
6099
6100
6098
6101
6104
6102
6103
6108
6106
6105
6107
6109
6112
6110
6111
6113
6114
6117
6118
6119
6120
6123
6121
6124
6125
6126
6127
6128
6130
6131
6132
6133
6136
6134
6135
6137
6138
6140
6141
6139
6143
6146
6147
6142
6187
6188
6189
6190
6191
6192
6193
6194
6195
6196
6197
6200
6210
6211
6212
6213
6215
6216
6214
6217
6218
6238
6239
6243
6242
6245
6246
6248
6244
6250
6249
6247
6357
6356
6358
6359
6361
6360
6363
6395
6398
6400
6401
6402
6403
6406
6407
3956
3957
6408
6410
6409
6411
6413
6414
6415
6417
6418
6420
6422
6423
6424
6425
6426
6421
6427
6428
6429
6430
6431
6432
6433
5074
5075
5077
5079
5080
5081
5082
5083
5086
5089
5090
5091
5093
6434
6445
6447
5098
5099
5100
5101
5102
5105
5106
5107
5109
5111
5112
5113
5114
5115
5118
6454
6455
6853
6854
6855
6856
6863
6870
6875
6877
6885
6886
6887
6888
6889
6892
6895
6896
6897
6898
6899
6901
6902
6903
6904
6905
6906
6907
6908
6909
6913
6914
6915
6917
6918
6919
6916
6920
6921
6922
6923
6924
6926
6928
6929
6930
6931
6932
6933
6934
6935
6936
6937
6938
6939
6940
6941
6942
6943
5335
6945
6946
6947
6948
6949
6950
6951
6952
6953
6954
6955
6956
6958
6961
6962
6960
6963
6964
6965
6966
6967
6968
6969
6970
6971
6972
6973
5824
5826
5827
5828
5829
5831
5856
5858
5859
5860
5861
5863
5879
6085
6419
11716
415
408
432
434
447
433
435
431
438
439
442
443
436
440
462
463
466
475
494
495
498
507
519
841
847
873
879
2251
2257
2258
3184
3201
3223
3228
3230
3233
5904
5953
5957
5969
5985
6814
6846
6850
6851
6868
7578
7577
7609
7610
7613
7616
7619
7621
7647
7625
7648
7653
7651
7659
7660
7661
7662
7666
7665
7657
7668
7663
7664
7667
409
441
516
517
3151
3152
3183
3200
3202
3203
3204
3205
3206
3207
3212
3215
3222
3224
3225
3226
3227
3229
3232
3234
3235
3236
3237
3238
3239
9321
9313
9322
9323
9324
9326
9327
9331
9361
9362
9363
9364
9365
9366
9367
9369
9368
9393
9394
9395
9396
9397
9398
9399
9400
9401
9414
9416
9420
9424
9425
9430
9423
9426
9431
9438
9439
9432
9433
9436
9437
9446
9448
9452
9462
9458
9471
9470
9485
9486
9517
9518
9551
9553
9571
9583
9585
9611
9622
9627
9631
9643
9654
9659
9661
9663
9668
9669
9670
9671
9674
9675
9678
9679
9676
9680
9686
9687
9682
9685
9693
9690
9712
9714
9711
9717
9722
9730
9738
9740
9736
9741
9749
9748
9744
9753
9754
9759
9758
9757
9762
9768
9756
9770
9773
9776
9780
9772
9785
9786
9781
9788
9789
9791
9793
9790
9801
9805
9810
9813
9814
9815
9819
9818
9825
9833
9822
9837
9845
9851
9850
9847
9842
9846
9854
9855
9857
9856
9860
9861
9859
9865
9866
9864
9867
9869
9870
9871
9873
9874
9875
9868
9876
9878
9879
9877
9884
9885
9886
9883
9887
9892
9888
9893
9889
9891
9897
9898
9899
9896
9900
9901
9902
9903
9905
9906
9907
9908
9909
9915
5936
9991
10023
10288
10295
10307
10309
10310
10313
10339
10341
10342
10345
10348
10349
10350
10351
10475
10509
10511
10525
10528
10529
10688
10689
10690
10691
10692
10705
10720
10737
10819
10823
10824
10822
10826
10827
10828
10834
10829
10832
10833
10835
10838
10845
10844
10846
10851
10854
10855
10856
10858
10859
10860
10861
10866
10864
10865
10877
10867
10880
10870
10876
10878
10886
10882
10881
10884
10885
10889
10891
10888
10894
10890
10910
10911
10913
10912
10914
10916
10917
10921
10918
10922
10920
10923
10961
10965
10954
10967
10968
10969
10966
10970
10971
10986
11105
10993
11137
11138
7376
7380
7404
7408
7410
7411
7412
11793
11825
7658
7679
16981
16982
16999
17013
17014
17015
17019
17090
17108
17122
17211
17213
17519
17521
17526
17544
17547
17548
17561
17563
17567
17576
17579
17580
17593
17595
17599
17600
17632
17679
17711
17719
17915
18436
18440
18442
18444
18447
18446
18449
46
1038
1070
1476
1508
1518
1519
1520
1521
1522
2816
2819
2822
2824
2827
2828
2829
2832
2833
2834
2835
2837
2839
2840
2841
2848
2851
2854
2856
2859
2860
2861
2864
2865
2866
2867
2869
2871
2872
2873
3277
3309
3310
3312
3313
9427
7118
7121
7125
7150
7153
7157
11751
16577
16579
16580
16582
16583
16584
16587
16588
16607
16609
16611
16612
16614
16615
16616
16619
16620
16639
17687
18457
1608
1640
1683
1691
1692
1709
1724
1728
1731
1729
1740
1742
1743
1744
1746
1747
1748
1749
1750
1760
1763
1761
1772
1775
1776
1778
1779
1774
1780
1781
1782
1796
1797
1803
1806
1804
1812
1813
1814
1815
1816
1829
1833
1836
2945
2965
2966
2967
2968
2970
2971
2973
2974
2975
2976
2977
2978
2980
2988
2984
3160
3192
3231
3255
3311
5076
5796
5825
5833
5857
5865
11751
1677
1801
2964
2969
2972
2979
2981
2982
2983
2985
2986
2987
2990
3244
3247
3259
3260
3261
11807
11839
11841
11840
11861
11864
11850
11845
11844
11846
11858
11856
11853
11854
11852
11863
11865
11855
11870
11866
11869
11871
11872
11873
11876
11877
11896
11897
11901
11910
11911
11912
11902
11913
11914
11915
11916
11903
11895
11898
12038
12010
12002
12052
12111
12103
12112
12393
12529
13790
13820
13821
13822
13769
13771
12932
13823
13829
13831
13801
13844
13845
13846
13847
13803
13848
13849
13850
13851
13833
13837
13826
13828
13830
13825
13852
13853
13854
13855
13832
13861
13863
13843
13842
13858
13860
13862
13864
13857
13889
13869
13894
13874
13865
13875
13921
13926
13955
13956
13966
13957
13958
13959
13962
13963
13970
13971
13974
13960
13972
13965
13973
13969
13975
13976
13978
13979
13981
13980
13982
13988
13992
13994
13989
13990
13987
13995
13991
13998
13997
14002
14003
14001
14005
14006
14007
14008
14004
14011
14012
14013
14010
14014
14016
14018
14020
14017
14019
14023
14028
14029
14031
5764
14021
14026
14024
14027
14025
14030
14032
14034
14033
14035
14038
14039
14048
14044
14043
14049
14052
14051
14050
14055
14053
14058
14056
14059
14063
14060
14057
14061
14062
14064
14065
14066
14067
14070
14071
14075
5830
5862
14076
14082
14083
14088
14091
14094
14092
14090
14087
14089
14086
14093
14099
14097
14096
14100
14102
14098
14101
14104
14103
14114
14115
14120
14118
14119
14121
14122
14124
14123
14128
15324
15814
15826
15869
15871
15862
15846
15863
15858
15861
15865
15866
15876
15872
15874
15878
15875
15893
15899
15887
15880
15892
15908
15907
15904
15898
15900
15906
15912
15910
15925
15924
15919
15931
15930
15932
15953
6225
16327
16359
17140
17518
17525
17552
17558
17590
17584
17720
17736
17717
3970
3971
3972
3973
3974
3984
3983
3982
3985
3987
3986
3998
3999
4000
4001
4002
4003
4004
4005
4006
4016
4017
4015
4019
4018
4014
4030
4031
4033
4034
4037
4065
4066
4069
4113
4115
4117
4165
11848
11851
4929
4939
4940
4942
4946
4953
4956
4961
4999
4998
5000
5001
5002
5003
4960
5015
5017
5021
5022
5024
5030
5031
5032
5033
5034
5319
5320
5327
5332
5331
5333
5328
5330
5626
5627
5628
5629
5632
5633
5634
5635
5638
5641
6081
6082
6097
6129
6199
6201
6202
6262
6264
6265
6268
6269
6278
6282
6266
6271
6267
6291
6272
6270
6273
6274
6276
6275
6277
6280
6284
6294
6295
6310
6298
6314
6306
6307
6305
6304
6308
6323
6309
6312
6316
6327
6330
6326
6343
6344
6340
6279
6346
6355
6311
15868
12447
12483
12481
12485
12484
12479
12482
12487
12489
12486
12490
12510
12513
12514
12515
12516
12517
12518
12519
12521
12522
12542
12617
12621
12626
12629
12635
12649
12653
12658
12661
12667
12676
12708
12744
12742
12745
12743
12759
12762
12761
12763
12765
12775
12774
12777
12776
12791
12794
12793
12800
12797
12795
12804
12807
12801
12802
12803
12813
12810
12814
12833
12832
12834
12835
12836
12842
12839
12845
12846
13510
13512
13513
13517
13523
13521
13544
13545
13542
3968
3969
4049
4053
4081
4085
14211
14213
14214
14216
15158
15159
15168
15169
15170
15172
15173
15174
15177
15178
15179
15180
15181
15183
15182
15184
15185
15188
15190
15193
15198
15197
15186
15196
15189
15192
15200
15194
15195
15191
15199
15201
15202
15204
15205
15206
15209
5073
15339
15340
15337
15338
15342
15346
15344
15348
15352
15349
15343
15345
15353
15354
15357
15358
15359
15555
15558
15562
15563
15566
15564
15565
15567
15561
15568
15569
15596
15600
15601
15608
15612
15607
15613
15610
15622
15747
15617
15618
15614
15615
15619
6080
15759
15791
15795
15763
15923
15891
16649
16656
16657
16655
16652
16599
16631
17020
17024
17025
17030
17027
17031
17026
17028
17032
17029
17033
17794
17795
17798
17827
17826
17830
17944
17941
17943
17942
17945
17948
17949
17975
17974
17973
17980
17977
17981
17976
18014
18013
18051
18046
18045
18083
2637
2669
12535
15161
15187
12243
13442
13448
13449
13452
13453
13467
13466
13469
13468
13470
13474
13480
13481
13485
13484
13498
13500
13499
13501
13502
13505
13504
13511
13508
13506
13509
13507
13514
13515
13516
13520
13519
13518
13522
13524
13536
13539
13537
13538
13543
13540
13547
13541
13546
13548
13728
13777
13773
13805
13809
13953
13954
13986
13985
14022
14040
14041
14037
14042
14045
14046
14047
14054
14073
14074
14078
14069
14072
14077
14079
14080
14084
14085
14130
14132
14136
14137
14138
14133
14141
14142
14151
14152
14146
14155
14157
14156
14158
14159
14160
14161
14165
14166
14164
14167
14172
14171
14323
14325
14327
14328
14324
14330
14332
14333
14336
14339
14338
14341
14342
14344
14345
14348
14349
14354
14353
14351
14361
14360
14364
14365
14366
14367
14368
14370
14371
14373
14380
14377
14376
14374
14381
14383
14385
14386
14392
14393
14397
14398
14396
14400
14399
14401
14402
14410
14407
14403
14406
14408
14413
14409
14405
14412
14414
14411
14416
14415
14419
14418
14427
14420
14417
14428
14437
14438
14439
14440
14441
14442
14443
14444
14445
14448
14447
14446
14451
14450
14449
14452
14460
14459
2145
12633
12665
12753
12785
11752
13387
13390
13419
13422
14404
1604
13475
13497
13503
13525
13532
13533
13534
13904
13908
13936
13940
14131
14134
14135
14139
14140
14144
14147
14149
14150
14153
14154
14163
14168
14169
14170
14173
14174
14175
14176
14178
14179
14181
14182
14183
14184
14185
14186
14187
14190
14192
14193
14195
14199
14200
14201
14202
14203
14204
14205
14206
14207
14208
14209
14210
14212
14217
14218
14219
14320
14321
2455
2487
3019
3021
3022
3023
3024
3026
3027
3051
3053
3054
3055
3056
3058
3059
7875
7877
7878
7880
7879
7894
7899
7901
7903
7907
7909
7912
7910
7911
7926
7931
7933
7935
7944
7945
7946
7947
7949
7952
7957
7961
7977
7981
7979
7978
7976
7984
7989
8000
8003
7993
8004
8007
8008
8005
8012
8009
7883
7882
8032
8036
8035
8037
8040
8039
8041
8044
7914
7915
8075
8076
8107
8108
8133
8138
8139
8143
8148
8145
8149
8151
8152
8153
8157
8155
8161
8160
8165
8164
8134
8170
8171
8135
8175
8177
8140
8180
8181
8183
8184
8185
8136
8187
8137
8189
8167
8166
8141
8168
8172
8169
8173
10394
10426
10432
10437
10464
10469
10472
10473
4911
10607
10645
10650
10659
10665
10682
10751
10430
10777
10778
10781
10782
10798
10809
10810
10813
10814
10677
11260
12538
12898
17522
17745
17747
17749
17752
17753
17757
17777
17770
17781
17784
17779
17785
17789
7450
7451
7483
7482
8156
8159
8174
8188
8191
12506
4480
4485
4486
4487
4488
4490
4498
4499
4500
4501
4502
4503
4510
4511
4512
4517
4518
4519
4520
4522
4530
4531
4532
4533
4534
4535
4542
4543
4551
4558
4562
4563
4564
4569
4570
4572
4583
4590
4594
4595
4596
4601
4602
4604
4614
4615
4616
4617
4618
4619
4636
4646
4647
4648
4649
4650
11457
11489
4651
4668
4674
4678
4679
4680
4681
4682
13129
13130
13131
13132
13133
13134
13135
13136
13137
13138
13139
13140
13141
13142
13144
13145
13146
13148
13149
13152
13158
13159
13161
13162
13163
13164
13165
13166
13167
13168
13169
13170
13171
13172
13173
13174
13176
13177
13370
13371
13376
13378
13379
13380
13383
13384
13385
13389
13400
13402
13403
13408
13410
13411
13412
13415
13416
13417
13421
13423
13424
13425
13426
13427
13428
13429
13432
13434
13435
13445
13446
13447
13450
13451
13454
13455
13456
13457
13458
13459
13460
13461
13462
13463
13465
13471
13472
13473
14453
14454
14455
14458
14541
14542
14545
14546
14547
4706
4710
4711
4712
4713
4714
2957
2989
3101
3102
3133
3134
8013
8045
8074
8106
6263
12471
12690
12697
12630
12632
12662
12729
12786
12754
12789
12757
12722
12767
12752
12750
12784
12766
12782
12798
12799
12806
12838
12664
7174
15017
15577
16314
16310
16311
16312
16317
16319
16320
16324
16328
16326
16333
16352
16358
16356
16365
16360
17685
17688
17928
17946
17960
17978
17984
17987
17988
17990
17997
18000
18005
18006
18009
18008
18015
18016
18019
18020
18022
18029
18032
18037
18038
18040
18041
18047
7197
7206
4815
4817
11276
11277
11308
11309
12491
12523
4814
4846
4847
4849
8332
8364
8393
8425
16394
16395
16396
16397
16400
16401
16407
16415
16418
16420
16421
16423
16426
16427
16428
16429
16432
16433
16434
16435
16436
16437
16439
16442
16443
16444
16447
16508
16509
16515
16516
16519
16520
16521
16526
16527
16530
16533
16534
16535
16537
16538
16539
16540
16541
16542
17805
17810
17837
17842
5919
17865
17866
17867
17868
17869
17870
17871
17872
17873
17874
17875
17876
17877
17878
17879
17880
17881
5951
17882
17883
17884
17885
17886
17887
17905
14457
14538
14539
14540
12107
15315
15318
15319
15323
15347
15350
15351
15355
15356
15360
15364
15365
15369
15370
15413
15414
15415
15417
15421
15424
15425
15442
15443
15444
15446
15447
15448
15449
15450
15451
15452
15453
15454
15455
15456
15457
15458
15459
15460
15461
15462
15463
15466
15469
15470
15471
15472
15474
15475
15476
15478
15479
15480
15481
15482
15483
15484
15485
15486
15487
15488
15489
15490
15491
15492
15494
15495
15496
15498
15499
15500
15501
15503
15504
15505
15507
15508
15510
15511
15512
15516
15519
15520
15521
15522
15523
15524
15526
15527
15528
15530
15531
15532
15533
15535
15536
15445
15477
9329
9460
12040
12042
12043
12044
12045
12046
12047
12048
12050
12051
12056
12057
12058
12059
12060
12061
12065
12066
12067
12068
12069
12070
12071
12072
12074
12075
12076
12077
12078
12079
12080
12082
12083
12086
12392
12394
12395
12396
12397
12831
12885
12917
13526
13527
13528
13529
13530
13535
14095
14105
14107
14108
14106
14109
14110
14111
14112
14116
14117
14125
14126
14127
14129
14143
14188
14189
14191
14196
14197
14198
14651
14670
14658
14671
14669
14673
14676
14674
14672
14677
14675
14678
14679
14683
14681
14680
14684
14685
14687
14686
14690
15118
15146
15150
15160
15162
15163
15164
15166
15167
15171
15175
15176
15203
15207
15208
15304
15309
15336
15341
15465
15473
15513
15506
15509
15467
15515
15468
15517
15518
15537
15538
15539
15540
15541
15542
15543
15544
15545
15547
15548
15549
15550
15551
15552
15553
15554
15556
15559
15560
16905
16906
16907
16908
16909
16910
16911
16912
16914
16913
16915
16916
16917
16919
16918
16920
16921
16924
16922
16925
16926
16923
16934
16930
16928
16933
16932
16931
16927
16929
16935
16936
16937
16942
16944
16941
16939
16943
16940
16946
16938
16948
16945
16949
16956
16950
16951
16959
16952
16955
16947
16953
16958
16954
16960
16961
16962
16957
16963
16966
16964
16965
16967
16968
16969
16970
16971
16972
16973
16974
16975
16976
16977
16978
16979
16980
17022
17989
17991
18021
18023
1090
1088
1091
1092
1094
1093
1096
1097
1101
1100
1099
1109
1106
1104
1105
1107
1110
1108
1112
1113
1116
1117
1119
1118
1122
1120
1123
1126
1125
1124
1132
1134
1141
1138
1140
1139
1128
1129
1131
1133
1136
1137
1145
1144
1142
1148
1149
1151
1150
1161
1152
1163
1164
1165
1166
1167
1169
1170
1168
1172
1175
1171
1173
1174
1181
1178
1193
1182
1195
1183
1196
1198
1197
1200
1199
1201
1203
1202
1204
1205
1206
1207
1210
1214
1215
1213
1216
1217
1218
1220
1222
1227
1219
1225
1226
1228
1234
1230
1237
1229
1236
1239
1235
1241
1238
1240
1244
1243
1242
1245
1246
1247
1248
1250
1251
1252
1249
1257
1254
1258
1259
1260
1261
1262
1267
1270
1266
1268
1273
1272
1269
1271
1277
1274
1275
1276
1278
1279
1281
1313
1285
1317
8066
8069
8064
8070
8071
8096
8098
8101
8102
12054
8103
8131
8210
8242
8413
8408
8437
8438
8415
8440
8444
8447
8445
8464
8461
8466
8467
8476
8474
8475
8477
8478
8479
8552
8553
8554
8557
8555
8556
8560
8561
8563
8579
8587
8583
8582
8590
8586
8593
8599
8600
8611
8614
8615
8622
8619
8618
8625
8632
8631
8640
8641
8644
8647
8648
8650
8649
8652
8651
8653
8656
8655
8667
8666
8663
8654
8657
8670
8672
8661
8671
8660
8659
8662
8664
8673
8676
8665
8680
8686
8683
8684
8679
8687
8685
8681
8682
8689
8691
8688
8693
8695
8697
8694
8692
8698
8699
8696
8702
8703
8705
8706
8707
8708
8710
8711
8717
8713
8709
8723
8724
8719
8720
8722
8715
8714
8716
8712
8721
8725
8718
8727
8726
8731
8730
8734
8737
8738
8739
8741
8740
8742
8743
8744
8749
8745
8747
8748
8746
8751
8755
8756
8752
8757
8754
8750
8753
8758
8778
8779
8780
8781
8782
8794
8796
8797
8800
8801
8802
8810
8811
8812
8813
8814
8826
8828
8829
8841
8845
8844
8847
8848
8856
8859
8849
8853
8873
8877
8876
8879
8880
8888
8891
8884
8881
8885
8900
8896
8898
8897
8903
8901
8902
8907
8908
8910
8911
8914
8927
8926
8923
8928
8930
8929
8934
8933
8932
8935
8939
8940
8960
8974
8967
8982
8983
8986
8987
8992
8991
8999
9006
9014
9018
9015
9019
9024
9025
9026
9028
9029
9023
9030
9031
9032
9033
9054
9057
9058
9060
9062
9061
9056
9063
12064
9064
9065
9072
9073
9074
9075
9078
9079
9081
9080
9090
9091
9092
9093
9094
9084
9086
9095
9097
9098
9096
9099
9100
9101
9102
9103
9104
9105
9106
9107
9112
9115
9116
9117
9120
9111
9109
9108
9114
9122
9123
9124
9125
9126
9127
9128
9129
9132
9131
9130
9133
9134
9135
9138
9139
9136
9137
9140
9144
9147
9146
9141
9143
9148
9149
9152
9153
9166
9158
9159
9165
9162
9163
9164
9155
9154
9157
9156
9169
9170
9186
9187
9188
9189
9190
9198
9191
9197
9195
9194
9196
9202
9201
9206
9214
9217
9216
9221
9231
9215
9220
9237
9238
9239
9233
9240
9235
9236
9232
9241
9234
9242
9243
9244
9254
9255
9256
9257
9249
9245
9248
9253
9252
9258
9259
9260
9261
9262
9263
9264
9265
9269
9270
9271
9272
9273
9266
9268
9267
9276
9275
9274
9282
9277
9283
9284
9280
9286
9287
9288
9289
9290
9296
9300
9291
9319
9297
9295
12073
10596
10600
10599
10598
10597
10602
10603
10605
10601
10612
10613
10615
10617
10627
10624
10628
10630
10629
10631
10632
10633
10656
12055
12062
12063
12081
12084
12085
11265
11266
11267
1392
1360
1417
1432
1415
1409
1436
1449
1447
1412
1468
1450
1444
1440
1418
1428
1441
1460
1464
1102
8441
8457
8795
8798
8799
8827
8830
8831
9088
9089
9118
9119
9121
9150
9151
9285
10616
12530
13868
13870
13871
13872
13824
13827
13836
13835
13834
13866
13838
13839
13841
13840
13856
13859
13867
13873
14247
14243
14242
14249
14251
14248
14246
14316
14314
14318
14319
15493
1408
15502
15497
15609
16419
16425
16398
16399
16424
16430
16441
16440
16431
16513
16512
16514
16522
16517
16528
16525
16523
16518
16524
16531
16529
16536
16532
3906
3911
3921
3938
3943
3953
6078
6251
6252
6261
6281
6283
6285
6290
6296
6297
6299
6303
6313
6315
6317
6322
6328
6329
6331
6335
6339
6345
6585
6893
6925
6927
6957
6959
12123
12124
12125
12128
12132
12143
12147
12148
12149
12150
12153
12155
12156
12157
12151
12152
12160
12161
12162
12163
12164
12165
12166
12167
12168
12169
12170
12172
12171
1425
1865
1866
1868
1897
1898
1900
9692
9694
2259
2289
2291
3790
3822
4299
1661
1664
1666
1669
1670
1671
1672
1673
1674
1675
1676
1678
1679
1680
1681
1682
1684
1685
1686
1687
1689
1690
1688
1693
1694
1695
1696
1698
1701
1702
1703
1704
1705
1706
1707
1708
1710
1711
1712
1713
1714
1716
1717
1718
1719
1721
1722
1725
1726
1720
1727
1730
1734
1732
1733
1735
1745
1738
1739
1751
1752
1753
1754
1756
1757
6046
1755
1758
1759
1762
1737
1766
1764
1765
1767
1770
1771
1788
1789
1791
1792
1783
1784
1785
1786
1787
1790
1793
1773
1769
1795
1798
1799
1800
1802
1805
1777
1807
1808
1809
1810
1827
1824
1811
1825
1830
1831
1832
1834
1837
1839
1840
1841
1842
1843
5642
5631
5636
5639
5640
5643
5653
5780
5784
5783
5786
5788
5789
5793
5815
5816
5812
5820
5821
5818
6203
6204
6090
6206
6207
6208
6219
6220
6209
6221
6122
6222
6223
6227
6205
6240
6226
6241
12121
17740
17758
17772
17790
2053
9688
9691
10007
10012
10013
10014
10015
10018
10039
10044
10045
10046
10047
10050
10052
10055
10082
10084
10087
10114
10117
10140
10143
10146
10149
10162
10163
10164
10165
10166
10167
10169
10172
10175
1736
1768
4827
4830
4840
4841
4842
4859
4862
12493
12497
10154
10157
13407
14315
14317
14543
18437
18443
18445
2205
2237
13464
6224
2436
16002
16004
16005
16006
16010
16031
16034
16036
16037
16038
16042
16045
16051
16056
16063
16082
16087
16089
16090
16091
16094
16095
16114
16119
16121
16122
16123
16126
16127
16239
16242
2449
2386
2387
2418
2419
2450
10766
11530
11518
11520
11486
11552
2447
11636
11638
11642
11645
11646
11555
11562
7639
7640
7641
7642
7643
7646
11523
2448
2451
2453
7191
16049
16075
16077
11647
11649
11650
3522
3523
3524
3519
12251
12253
12255
12259
12256
12254
12257
12261
12270
12263
12262
12265
12258
12267
12264
12297
12273
12272
12307
12260
12271
12266
12318
12324
12322
12277
12319
12269
12303
12330
12285
12275
12280
12281
12278
12276
12326
12316
12327
12320
12340
12298
12335
12315
12274
12282
12321
12333
12329
12342
12331
12323
12339
12325
12328
12337
12338
12341
12334
12351
12356
12354
12348
12347
12353
12336
12346
12345
12350
12357
12362
12352
12386
12388
12371
12366
12377
12361
12360
12367
12363
12368
12359
12355
12358
12364
12370
12374
12369
12373
12382
12376
12379
12378
12375
12372
12365
12381
12391
12389
12385
12383
12384
12387
12390
14568
14569
14581
14580
14588
14587
14573
14592
14577
14585
14582
14586
14602
14583
14578
14576
14571
14591
14575
14584
14593
14570
14590
14597
14600
14607
14606
14604
14601
14608
14589
14596
14623
14603
14605
14598
14624
14595
14609
14636
14634
14628
14630
14632
14618
14616
14619
14617
14613
14611
14610
14638
14621
14625
14641
14629
14635
14633
14627
14640
14645
14643
14642
14639
14637
3501
15016
15021
15514
15546
3485
16778
16775
16783
16791
16781
16776
16786
3500
16789
16790
16784
16801
16797
16787
16793
16792
16780
16796
16798
16794
16802
3517
3520
3521
16779
16777
16782
16799
16785
16788
16812
16811
16809
16818
16819
16795
16808
16804
16806
16805
16816
16803
16813
16820
16849
16807
16815
16810
16828
16800
16822
16839
16814
16817
16851
16833
16821
16823
16827
16835
16836
16848
16846
16843
16831
16825
16830
16829
16832
16824
16834
16826
16842
16855
16845
16856
16863
16870
16844
16847
16840
16841
16854
16837
16853
16869
16866
16852
16867
16860
16864
16862
16858
16850
16857
16872
16881
16865
16883
16871
16868
16874
16859
16861
16888
16889
16886
16882
16885
16878
16880
16876
16879
16877
16875
16873
16897
16884
16891
16894
16892
16887
16890
16893
16900
16903
16898
16899
16896
16904
16902
16901
12268
12279
12312
12332
12343
12344
16838
16895
15525
15529
6555
6556
6587
6588
11405
11406
11407
11408
11409
11437
11438
11439
11440
11441
3264
5795
12498
13397
13440
14472
14476
14481
14475
14478
14486
14487
14479
14504
14484
14494
14495
14507
14508
14510
14511
14513
14516
14518
14519
14522
14525
14526
14527
14528
14529
14530
15061
15064
15065
15063
15068
15078
15069
15070
15076
15079
15086
15082
15085
15092
15093
15095
15094
15096
15097
15098
15099
15100
15101
15102
15103
15105
15106
15107
15109
15110
15114
15111
15112
15620
15621
15643
15648
15632
15647
15646
15651
15649
15650
15579
15654
15616
15652
15653
15611
15629
15628
15655
15656
15657
15658
15659
15660
15661
15662
15664
15675
15949
15962
15957
15952
15972
15976
15958
15954
15961
15975
15980
15977
15982
15979
15985
15981
15984
15983
15987
15986
15990
15989
15988
15992
15995
15991
15994
15993
15996
15997
16000
15998
15999
16001
16007
16003
16011
16008
16016
16013
16012
16014
16019
16015
16018
16020
16021
16023
16024
16025
16028
16026
16032
16035
16029
16033
16040
16039
16044
16046
16043
16052
16047
16048
16050
16053
16055
16057
16070
16058
16060
16064
16061
16066
16072
16076
16083
16085
16086
16115
16118
16117
16128
16129
16131
16130
16135
16132
16136
16219
16220
16221
16223
16224
16226
16230
16227
16232
16229
16235
16231
16234
16233
16236
16238
16240
16243
16244
16248
16245
16249
16247
16251
16250
16252
16253
16258
16255
16256
16257
16259
16262
16269
16268
16270
16276
16277
16287
16288
16286
16289
16294
16290
16291
16302
16300
16301
16308
16309
16422
17036
17040
17039
17042
17043
17044
17045
17047
17742
17751
17809
17841
17854
18433
18451
18452
15073
6608
6619
6640
6651
16017
16222
16261
16254
15901
17774
17783
16264
16293
16296
9281
9292
9294
9299
145
1593
2654
3409
8272
11878
11882
11884
11885
11886
11887
11888
1176
1208
1283
1284
11880
11883
11893
11843
11847
11849
11859
11862
11867
11868
11875
11879
11881
11890
11891
11894
11899
11900
10314
10315
10321
10322
10325
10329
10328
10438
10346
10347
10399
10431
10434
10445
10446
10442
10443
10449
10450
10451
10455
10447
10466
10470
10479
10474
10905
10906
10944
10908
10909
10938
10940
10946
10945
10928
10929
10933
10931
10932
10935
10936
10937
10950
10952
10953
10941
13392
13394
13393
13395
13396
13391
13406
13438
13441
13443
13477
13479
13482
13483
13490
13492
13491
13493
13478
13495
13494
14429
14430
14431
14432
14434
14435
14433
14544
10453
10951
10948
14145
14148
14162
14177
14180
14194
14215
14221
14222
14228
14229
14232
14233
14234
14235
14236
14237
14238
14239
14240
14241
14244
14245
14250
14253
14254
14260
14261
14264
14265
14267
14268
14266
14269
14270
14271
14272
14273
14274
14275
14276
14277
14278
14279
14280
14281
14282
14283
14284
14285
14286
14288
14289
14291
14292
14293
14294
14295
14296
14297
14298
14300
14301
14302
14303
14304
14305
14306
14307
14308
14309
14310
14311
14312
14313
14326
14329
14334
14335
14340
14343
14372
1503
14375
14647
14648
14649
14650
14652
14653
14654
14655
14656
14657
14659
14660
14661
14662
14663
14664
14665
14666
14667
14668
14682
14688
14689
14691
14692
14693
14694
14695
14696
14697
14698
14699
14700
14714
17272
17273
17274
17275
17276
17278
17279
17320
17321
17322
17325
17326
17329
2846
2878
1534
1535
1502
3516
10926
18434
18435
18439
18441
18448
17277
1359
1391
1411
1413
1414
1420
1426
1443
1445
1446
1452
15879
15911
15940
15943
15944
15945
15947
15948
16030
16054
16059
16062
16069
16092
16124
16225
16228
16263
16267
16271
16272
16273
16274
16278
16279
16280
16281
16283
16284
16285
16295
16299
16303
16304
16305
16306
15074
15077
15080
15083
15084
17034
17035
17046
8208
8236
8240
17731
17763
5911
5912
5929
5930
5931
5932
5933
5934
5941
5942
5943
5944
5958
5959
5960
5962
5963
5964
5965
5966
5967
5968
5978
5979
5980
5981
5982
7558
7559
7560
7561
7567
7566
7590
7591
7592
7593
7598
7599
2576
11524
11527
11556
11559
11604
11610
11613
11614
11648
2608
5900
5897
3300
3302
3459
3491
5898
5899
5901
5902
5909
5910
6003
6324
11615
11681
11682
7365
7366
7367
7369
7370
7371
7373
7378
7405
15130
15128
15132
15141
2625
16041
16009
16282
16315
16344
16376
5888
5987
6001
6292
18438
18450
2126
2065
9487
9488
9489
9490
9492
9491
9520
9521
9519
9522
9523
9524
2072
9709
10883
10887
2097
1315
1316
2104
2113
2115
2116
1741
5794
5785
5817
15420
10790
14220
14223
14224
14225
14226
14227
14230
14231
14252
14255
14256
14257
14258
14259
14262
14263
3443
3444
3445
3975
4007
4103
4105
4118
4104
4135
4126
4119
4127
4136
4137
4158
4145
4159
4955
5120
5140
5152
5172
5311
5312
6045
6077
6293
6325
6336
6337
6338
6347
3403
3413
3410
3407
3411
3412
3435
3439
3441
3442
10831
10830
10836
10863
10862
10868
10927
10930
10934
10939
15075
15081
15113
15137
15138
15139
15142
15143
16445
16719
16751
17021
17038
17037
17041
17313
17317
17324
17328
17283
17281
17285
17286
17282
17311
17284
17315
17314
17316
17318
17343
17853
17855
13377
13382
13386
13398
13401
13404
13405
13409
13414
13430
13433
13436
13437
13439
13444
15803
11475
11481
11482
11487
11507
11513
11514
1184
1186
1187
1185
1188
12284
12317
12349
12380
12412
12575
12607
12608
12609
12610
12612
12616
12640
12641
12642
12644
12648
12677
12709
12252
14572
14574
6882
6883
6900
10759
2638
84
116
136
138
139
140
141
144
147
148
149
150
151
168
170
171
172
173
176
177
179
180
181
182
183
222
224
226
227
254
1434
1466
2477
3305
3306
4806
13418
4805
4804
4807
4810
4811
4836
4838
10480
10510
10512
10519
10521
10522
10524
10526
10527
10542
6341
6342
6437
6436
15367
15371
15372
15373
15375
15376
15377
15378
15380
15383
15384
15390
15391
15392
15396
15397
15399
15401
15402
15403
15404
15405
15407
15408
15409
15410
15412
15416
15422
15423
9411
9415
9417
9421
9443
9447
9449
9453
9480
9481
9512
9513
6980
7012
18685
7397
7398
2399
13531
13399
13431
13496
14422
14424
14456
5970
14337
14346
14347
14350
14352
14355
14356
14357
14358
14359
14362
14363
14369
14378
14379
14382
14384
14387
14388
14389
14390
14391
14394
14395
1794
1826
8199
8200
8201
8204
8207
8213
8231
8232
8233
8239
8245
7
39
65
72
73
75
76
78
79
80
81
82
83
97
115
184
192
194
195
1055
1087
1363
1665
1697
1867
1869
1870
1881
1882
1883
1884
1885
1886
1899
1901
1902
1913
1914
1915
1916
1917
1918
1921
1924
1925
1927
1951
1953
1956
1957
1959
1983
2006
2007
2044
2045
2048
2049
2050
2051
2052
2054
2055
2056
2057
2058
2059
2060
2061
2144
2146
2176
2177
2196
2202
2208
2209
2228
2234
2252
2253
2254
2255
2314
2346
2383
2390
2391
2392
2577
2631
2633
2636
2652
2663
2665
2668
2684
2686
2689
2716
2717
2718
2719
2721
2748
2749
2750
2751
3086
3095
3096
3097
3098
3099
3103
3118
3127
3128
3129
3130
3131
3135
3153
3154
3155
3156
3157
3158
3161
3162
3163
3164
3165
3185
3186
3187
3188
3189
3190
3193
3194
3195
3196
3197
3210
3213
3349
3350
3382
3404
3406
3414
3422
3436
3438
3446
3454
3462
3463
3466
3467
3470
3471
3472
3473
3474
3475
3476
3477
3478
3479
3480
3481
3482
3483
3486
3494
3495
3529
3536
3540
3542
3561
3568
3572
3574
3592
3624
3689
3692
3782
3783
3784
3785
3786
3787
3814
3815
3816
3817
3818
3819
3902
4438
4445
4447
4452
4463
4464
4467
4468
4470
4477
4479
4725
4819
4822
4823
4826
4828
4831
4845
4848
4851
4854
4855
4882
4893
4897
4898
4900
4901
6444
6448
6472
6504
6558
6590
6593
6595
6625
6627
6727
6746
6748
6751
6759
6778
6780
6783
6791
6792
6793
6794
6795
6806
6823
6824
6825
6826
6827
6838
6849
6852
6858
6862
7188
7190
7220
7448
7649
7650
7652
7872
7874
7881
7902
7904
7906
7913
7934
7948
7980
8001
8002
8006
8010
8011
8015
8017
8018
8019
8020
8021
8022
8023
8024
8025
8026
8027
8028
8029
8030
8031
8033
8034
8038
8042
8043
8047
8049
8050
8051
8052
8053
8054
8055
8056
8057
8058
8059
8060
8061
8062
8063
8067
8072
8073
8081
8088
8099
8104
8105
8113
8114
8119
8120
8144
8176
8182
8186
8190
8212
8215
8217
8228
8229
8230
8238
8244
8247
8249
8275
8304
8307
8334
8341
8366
8373
8399
8407
8410
8411
8414
8431
9306
9713
9715
9716
9727
9806
9809
9838
9841
9941
9957
9970
9973
9996
9997
9998
10001
10002
10028
10029
10030
10033
10034
10115
10116
10118
10119
10120
10121
10123
10124
10126
10127
10128
10129
10136
10303
10304
10305
10306
10308
10311
10312
10332
10336
10337
10338
10340
10343
10344
10356
10364
10476
10484
10486
10582
10591
10623
10638
10711
10712
10714
10715
10716
10717
10718
10743
10744
10746
10747
10748
10749
10750
10752
10753
10754
10755
10756
10757
10775
10776
10779
10796
10797
10799
10800
10801
10802
10804
10805
10807
10808
10811
10815
10962
10974
10975
10979
10981
10994
11104
11106
11107
11108
11109
11110
11111
11112
11113
11114
11115
11116
11117
11118
11119
11120
11121
11122
11123
11124
11125
11126
11127
11128
11129
11130
11131
11132
11133
11134
11135
11149
11150
11151
11152
11153
11171
11181
11182
11183
11184
11185
11200
11201
11203
11205
11206
11210
11212
11214
11221
11242
11244
11246
11253
11255
11256
11258
11262
11270
11271
11272
11273
11274
11300
11301
11302
11303
11304
11305
11306
11319
11320
11321
11322
11323
11359
11460
11492
12901
12903
12907
12908
12911
12912
12913
12914
12915
13893
13903
13907
14467
14482
14499
14514
14735
14747
14749
14750
14751
14767
14951
14953
15020
15300
16383
16406
16414
16576
16680
16720
16721
16722
16724
16752
16753
16754
16756
17016
17018
17807
17808
17811
17812
17813
17814
17815
17816
17817
17818
17819
17820
17829
17947
18082
18084
18085
18113
18114
18115
18146
18173
18392
18393
18394
18395
18396
18397
18398
18399
18400
18401
18403
18404
18406
18407
18408
18409
18410
18411
18412
18413
18414
18415
18416
18417
18418
18419
18420
18422
18423
18424
18425
18426
18427
18428
18429
18430
18431
18432
18615
18679
18681
18618
18619
16260
16265
16266
16275
16292
16297
16298
16307
2454
2486
15129
15131
15134
15135
15136
15140
6300
6301
6302
6332
6333
6334
14036
14068
18454
18458
18459
18461
18462
18463
18464
18465
18466
18467
18468
18469
18470
18471
18472
18473
18474
18475
18476
18477
18478
18479
18480
18481
18482
18483
18486
18487
18489
18490
18491
18493
18494
18495
18496
18497
18498
18499
18500
18501
18502
18503
18505
18507
18508
18509
18518
18519
18520
18521
18523
18524
18525
18526
18527
18528
18529
18530
18531
18532
18533
18534
18535
18537
18539
18540
18555
18556
18557
18558
18559
18560
18561
18562
18563
18564
18565
18566
18567
18568
18569
18570
18571
18572
18573
18574
18575
18576
18577
18578
18579
18580
18581
18582
18583
18584
18586
18587
18588
18589
18590
18591
18592
18593
18594
18484
18485
18522
12611
12643
17860
17861
17892
17893
4547
4559
4571
4573
4579
4591
4603
4605
4675
4691
4693
4707
12938
12943
12946
12947
12948
12954
12955
12956
12957
12960
12961
12962
12963
12964
12965
12966
12967
12968
12970
12975
12976
12978
12979
13011
13012
13013
13014
13015
13016
13017
13018
13019
13020
13021
13022
13023
13024
13025
13026
13027
13028
13030
13031
13032
13033
13035
13037
13038
13039
13040
13041
13042
13043
13044
13045
13046
13047
13048
13049
13050
13051
13052
13053
13054
13055
12940
11857
11889
12937
12944
10942
10943
12939
12942
12959
12969
12971
12972
12974
9862
9863
9872
9894
9895
9904
10316
10317
10318
10319
10320
10323
10324
10327
10440
10441
12862
12863
12864
12867
12868
456
476
479
488
508
511
7480
3242
3245
3265
2620
2616
1395
1536
1537
1538
1539
1540
1541
1558
1559
1560
1561
1562
1563
1564
1565
1566
1567
1568
1569
1570
1571
1572
1573
1590
1591
1592
1594
1595
1596
1597
1598
1599
1606
8082
8087
8196
8197
8198
8206
9325
9330
9338
9345
9346
9347
9348
9349
9350
9377
9378
9379
9380
9381
9382
9444
9445
9450
9451
9454
9461
9466
9467
9473
9474
9476
9477
9479
9484
9493
9494
9495
9496
9501
9502
9505
9506
9508
9509
9511
9516
9525
9526
9527
9528
9533
9534
9536
9537
9540
9541
9542
9543
9544
9545
9546
9547
9548
9549
9550
9552
9554
9555
9556
9557
9558
9559
9560
9561
9562
9563
9564
9565
9566
9567
9568
9569
9599
9602
9603
9604
9605
9606
9607
9608
9609
9610
9612
9613
9614
9615
9616
9617
9618
9619
9620
9621
9623
9626
9630
9634
9635
9636
9637
9638
9639
9640
9641
9642
9644
9645
9646
9647
9648
9649
9650
9651
9652
9653
9655
9658
9699
9704
9705
9721
10915
10919
11139
11391
15896
15897
15902
15928
15929
15933
15934
15939
15978
17319
17327
15771
15773
15776
15777
15778
15780
15781
15782
15785
15786
15787
15788
17288
17290
17291
17292
17293
17294
17295
17296
17297
17298
17299
17300
17301
17303
17304
17306
17307
17309
17310
17336
17338
17341
17342
17479
17480
17481
17482
17483
17484
17485
17486
17488
17489
17490
17491
17492
17493
17494
17495
17496
17682
1629
11808
11809
11810
17280
17312
4866
4868
4914
4934
4936
4941
4944
4945
4947
4948
4949
4950
4952
4954
4957
4958
4959
4962
4963
4964
4965
4966
4967
4968
4973
4974
4976
4977
4978
4979
4980
4981
4982
4984
4986
4987
4989
4990
4991
4992
4993
4994
4995
4996
4997
5004
5005
5006
5007
5014
5016
5018
5020
5023
5025
5026
5027
5028
5029
5035
5036
5037
5038
5039
5046
5047
5048
5049
5050
5052
5053
5054
5055
5056
5060
5062
5063
5064
5065
5071
5072
5092
5094
5096
5141
5142
5143
5145
5146
5173
5174
5175
5177
5178
5187
5190
5191
5195
5196
5197
5198
5199
5201
5202
5203
5205
5206
5207
5208
5209
5211
5200
5212
5213
5214
5215
5216
5217
5218
5219
5221
5222
5223
5224
5227
5228
5229
5230
5231
5233
5234
5235
5232
5237
5238
5239
5240
5241
5243
5244
5245
5246
5247
5248
5249
5250
5251
5252
5253
5257
5258
5298
5299
5300
5301
5304
5305
5306
5314
5308
5316
5313
5315
5321
5323
5322
5317
5318
5329
5326
5324
5325
5341
5338
5342
5346
5343
5348
5345
5347
5350
5351
5352
5349
5353
5354
5357
5359
5355
5356
5362
5363
5364
5358
5360
5365
5361
5367
5368
5372
5371
5373
5370
5376
5375
5374
5380
5381
5382
5383
5379
5384
5385
5386
5387
5388
5390
5389
5391
5399
5401
5398
5405
5406
5408
5407
5414
5415
5411
5416
5417
5412
5413
5418
5451
5452
5453
5450
5454
5459
5457
5458
5460
5461
5462
5465
5463
5468
5464
5467
5469
5466
5471
5480
5476
5475
5479
5481
5482
5484
5485
5483
5486
5489
5490
5491
5492
5493
5494
5496
5495
5500
5503
5506
5497
5501
5498
5499
5511
5514
5513
5512
5515
5517
5520
5516
5523
5518
5522
5519
5543
5521
5524
5526
5525
5546
5549
5544
5548
5545
5547
5553
5554
5555
5556
5552
5550
5551
5558
5559
5560
5561
5562
5557
5565
5564
5566
5568
5569
5570
5571
5563
5572
5567
5575
5573
5578
5576
5580
5577
5581
5582
5583
5584
5586
5585
5587
5588
5589
5595
5592
5591
5593
5594
5597
5599
5600
5601
5602
5603
5604
5596
5605
5607
5608
5609
5610
5612
5613
5614
5615
5616
5617
5618
5620
5619
5621
5623
5624
5625
5992
5994
5993
5999
5995
6000
6032
5997
5998
6033
6036
6039
6042
6068
6071
6074
6084
6116
6348
6349
6350
6351
6352
6353
6354
4869
4863
4943
4971
4970
4969
4972
4975
4985
4988
5019
5051
5057
5058
5059
5061
5066
5067
5068
5069
5070
5193
5225
6231
6232
6253
6234
6235
6233
6254
6255
6258
8963
8964
8966
8970
8971
8972
8975
8976
8977
8978
8979
8980
8981
8984
8985
8988
8995
8996
8998
9002
9003
9004
9007
9008
9009
9010
9011
9012
9013
9016
9017
9020
9053
9085
4173
6237
12958
6236
6230
12950
15822
15827
15859
2670
11842
11874
16506
14421
14423
14425
14426
15418
15419
15426
15427
15428
15429
15430
15431
15432
15433
15434
15436
15437
15438
15439
15440
15441
15464
16438
16446
16448
16449
16450
16451
16452
16453
16454
16455
16456
16457
16458
16459
16460
16461
16467
16462
16463
16465
16469
16466
16464
16468
16470
16471
16472
16473
16475
16476
16477
16479
16478
16474
16483
16480
16484
16482
16485
16486
16490
16481
16487
16489
16488
16491
16492
16493
16494
16495
16496
16497
16498
16499
16501
16503
16502
16500
16504
16505
16507
16510
16511
9412
9413
9418
9419
9422
9428
9429
9434
9435
9572
9573
9574
9575
9576
9577
9578
9579
9580
9581
9582
9584
9586
9587
9588
9589
9590
9591
9592
9593
9594
9595
9596
9597
9598
9662
9664
9665
9666
9667
9672
9673
9677
9681
9683
9684
9689
9695
9696
9697
9698
16078
17985
18017
18603
14331
14490
14491
14492
15534
6287
6289
6319
6321
17565
17566
17597
17598
12141
12871
12875
12876
12883
13034
15850
15854
15818
7553
7554
7555
7556
7557
7563
7585
7586
7587
7588
7589
7595
14614
14594
16027
14612
14599
16022
14644
14579
14626
14620
14615
14646
14631
14622
16996
16993
16995
16994
16997
16998
6257
6256
9209
6286
6318
9207
3976
3979
3980
3991
3988
3989
3981
4009
3977
4020
4013
4021
4011
4022
3990
4012
4008
3978
4010
4023
4036
4045
4048
4055
4056
4059
4063
4060
4068
4077
4080
4091
4095
4096
4092
4088
4087
4099
4100
4101
4106
4111
4112
4109
4110
4102
4146
4114
4116
4150
4155
4152
4153
4148
4154
4151
4162
4167
4166
4170
4172
4168
4169
4171
4176
4179
4177
4184
4175
4180
4191
4185
4194
4204
4201
4198
4202
4199
4200
4205
4203
4208
4209
4207
4212
4211
4216
4217
4223
9210
4297
4296
9211
4147
4149
4197
15104
15108
15946
17358
17359
17360
17361
17362
17363
17364
17365
17366
17367
17368
17369
17370
17371
17372
17373
17374
17375
17376
9293
9298
5194
5210
5242
5188
5220
5226
13060
13062
13076
13078
13079
13083
13084
13088
13092
13093
13094
13095
13096
13097
13098
13108
13110
13111
13115
13116
13120
13123
13124
13125
13126
13127
13128
13143
13147
13150
13151
13154
13155
13156
13160
13157
13153
13178
13175
13179
13180
13181
13182
13183
13186
13187
13184
13185
13191
13189
13190
13193
13195
13192
13196
13188
13197
13199
13198
13194
13200
13201
13203
13202
13205
13204
13207
13208
13206
13209
13211
13214
13213
13215
13216
13210
13217
13212
13219
13220
13222
13223
13227
13221
13218
13225
13226
13228
13231
13224
13229
13236
13233
13234
13232
13230
13239
13237
13238
13240
13242
13235
13245
13243
13244
13247
13241
13246
13248
13250
13251
13252
13254
13255
13253
13256
13249
13261
13257
13260
13258
13264
13262
13263
13259
13266
13265
13267
13269
13268
13271
13270
13275
13274
13276
13278
13273
13288
13280
13279
13286
13287
13291
13289
13295
13294
13290
13293
13292
13298
13296
13297
13303
13299
13301
13300
13306
13307
13302
13305
13311
13308
13314
13315
13316
13310
13317
13312
13319
13318
13313
13320
13322
13321
13323
13326
13328
13324
13327
13325
13329
13332
13330
13333
13341
13345
13347
13348
13342
13350
13344
13346
13343
13349
13351
13353
13356
13352
13358
13354
13355
13357
13361
13359
13365
13367
13366
13360
13362
13364
13368
13369
13373
13374
13375
16084
16088
16116
16125
16093
16134
16120
16140
16144
16147
16148
16150
16149
16153
16152
16155
16159
16154
16179
16160
16158
16163
16157
16180
16151
16164
16156
16182
16181
16183
16187
16188
16189
16186
16184
16185
5630
16191
16194
16196
16193
16190
16192
16195
16197
16201
16204
16200
16199
16205
16202
16206
16203
16209
16210
16212
16216
16217
16237
16241
5590
5598
5622
12135
12138
13059
13061
13063
13064
13067
13077
13080
13081
13082
13091
13109
13112
13113
13114
16207
11268
11269
12130
14774
14773
14775
14776
14777
14778
14779
14781
14782
14783
14784
14785
14786
14787
14788
14789
14790
14791
14792
14793
14794
14795
14796
14797
14798
14799
14800
14801
14802
14803
17287
17289
14780
13476
13381
13413
15971
18595
18604
18598
18602
18607
18608
18606
18610
18605
18601
18597
18600
18599
18596
18609
18611
18612
18613
18614
18617
18620
18622
18623
18621
18624
18626
18625
18637
18635
18629
18631
18632
18630
18627
18628
18638
18643
18645
18642
18644
18639
18648
18653
18636
18641
18646
18640
18652
18654
18647
18655
18649
18651
18650
18656
18657
18658
18659
18660
18661
18662
18663
18664
18667
18668
18669
18670
18671
18672
18673
18674
18675
18676
18677
18678
18680
15435
18633
17323
17337
17340
17604
17636
18634
18665
18666
14994
14995
17797
17979
18050
14920
14923
14996
15361
15362
15363
15366
15368
15381
15393
15394
15395
15398
15400
9055
9087
2290
10256
10263
18237
18244
18240
18242
18251
18246
18238
18239
18259
18262
18250
18245
18248
18249
18263
18247
18253
18254
18256
18267
18274
18283
18282
18279
18291
18277
18272
18276
18269
18294
18281
18278
18280
18295
18286
18332
18285
18323
18340
18288
18336
18338
18364
18341
18236
18331
18363
18330
18320
18339
18343
18344
18326
18362
18342
18389
18390
18391
18268
18319
18334
18379
18337
18366
18382
12129
12131
12133
12134
12137
12140
12142
12144
12146
12122
12154
17023
104
105
107
108
110
111
112
113
114
5087
5119
6259
6260
6288
6320
13075
13107
13065
13099
152
12736
12768
12949
12952
12953
13029
12092
12091
12093
2062
2094
7580
7582
14493
4330
4326
4339
4337
4376
4371
4370
4372
4373
4374
4375
4393
4382
4379
4380
4395
4414
4308
4301
4305
17839
17840
17849
17851
17852
17858
17890
4307
4363
4328
4329
4311
4325
4333
4340
4343
4361
16645
16646
16648
16660
16662
16665
16666
16667
16669
16670
16671
16672
16673
16674
16675
16676
16677
16678
16702
18140
18141
18144
17864
10767
10768
10770
10772
10773
11748
18234
18241
18235
18273
18317
18322
18318
18325
18324
18346
18349
18350
18345
18335
18367
18369
18371
18372
18374
18375
18376
18378
18380
18383
18384
18387
18370
18373
18377
18381
18385
18386
18388
15382
17768
6880
6891
4144
1625
12712
17999
11795
11804
11802
11800
11798
11788
11801
11803
11820
11827
11830
11832
11833
11834
11835
11836
11799
3667
3668
3672
3673
3674
3675
3677
3679
3665
10254
4302
4303
4304
4306
4310
4312
4315
4317
4318
4324
4319
4314
4332
4336
4309
4300
4342
4334
4335
4344
4313
4338
4331
4341
4347
4316
4327
4350
4346
4345
4348
4352
4349
3658
4362
4351
4355
4353
4359
4356
4365
4367
4354
4357
4368
4358
4366
4360
4364
4381
4383
4377
4378
4369
4384
4387
4388
4390
4396
4391
4392
4389
4385
4386
4397
4413
4415
4394
4409
4410
3666
3664
2035
2031
2033
2034
2032
2038
2037
2040
2041
2042
3661
3669
3671
7789
7790
7791
7792
7793
7794
3661
3669
11225
11229
11236
11231
3671
10242
10245
350
14299
353
6004
6006
6007
6009
6005
6008
372
373
352
8453
8455
8485
3670
3676
3678
7229
7233
7234
7235
7236
7237
7238
7239
7240
7241
7242
7243
7244
7245
7246
7247
7248
7249
7250
7251
7252
7254
7255
7256
7258
7260
354
371
7224
7225
7230
7226
7232
7228
7227
7231
8852
9208
2262
2294
10326
13977
351
9927
1457
1456
1458
2043
2036
8832
8864
8629
8598
18049
17354
12139
12136
12145
15087
15088
15089
15090
15091
17998
14915
14917
14918
14919
14921
14922
14924
14925
14926
14927
14928
14929
14916
5956
7670
7669
5961
3923
11234
3657
3872
7253
7259
7257
3659
3663
3867
3864
3866
3869
3868
3865
3871
3662
7222
7223
7372
9926
11228
15751
15755
5204
5236
6013
6019
6010
6011
6031
6021
6026
6058
6051
6053
6040
4860
10270
6404
6405
8443
8459
8456
8454
8451
8446
8452
8486
8450
8483
8487
8484
8482
8559
8562
8774
8784
8785
8776
8783
8804
8806
8775
8777
8786
8805
8803
8807
8816
8815
8808
8818
8835
8809
8838
8817
8833
8839
8836
8834
8842
8840
8837
8846
8843
8850
8851
8854
8860
8858
8857
8863
8865
8862
8870
8882
8871
8869
8867
8874
8868
8872
8875
8866
8889
8895
8894
8886
8878
8892
8899
8883
8905
8904
8890
8937
8936
8962
8931
8961
8993
8994
8855
8887
489
1655
1609
7379
1654
1622
457
11814
11794
1658
11289
1624
1627
2445
1638
2424
1623
2415
7400
1659
11787
1657
11819
1641
1656
11288
4858
12596
1626
2446
4865
11826
13967
7368
11812
2423
2422
2478
11290
16984
13984
13961
11782
11291
18456
12564
13939
11287
13964
13983
13935
13952
11813
13996
13925
18460
14015
13968
13993
14000
16986
14009
13999
11811
16133
6155
6148
6153
6145
6161
6152
6160
6149
6154
6159
6150
6158
6151
6156
6163
6181
6183
6178
6184
6182
6177
6186
6180
6179
6185
11536
11519
11546
11525
11538
11557
11532
11521
11533
11543
11531
11554
11528
11522
11526
11534
11548
11547
11535
11529
11558
11563
11560
11553
11566
11551
11564
11542
11568
11567
11565
11575
11574
11561
11570
11580
11578
11595
11585
11579
11583
11599
11584
11587
11589
11591
11590
11594
11632
11596
11593
11592
11601
11611
11617
11605
11603
11629
11619
11625
11612
11631
11597
11598
11607
11641
11600
11623
11609
11626
11608
11640
11621
11602
11616
11637
11628
11606
11622
11624
11630
11634
11633
11643
11627
11639
11644
11635
16098
16104
16107
16108
16110
16109
16096
16102
16071
16101
16103
16073
16074
16081
16079
16113
16111
16105
16106
5646
5988
5990
5651
6050
6047
6397
12711
12679
8448
8480
8564
8442
8558
8630
8646
8658
8678
8690
8793
8825
8915
8906
8912
8922
8909
8913
8918
8917
8920
8938
8921
8925
9212
16067
17686
17992
17986
12680
17993
17994
15133
18002
18011
17996
17995
18001
18030
18007
18004
18026
18003
18024
18034
18012
18018
18025
18052
18010
18031
18053
18033
18027
18039
18036
18048
18028
18035
18081
6043
4432
6198
10761
10762
6412
6881
6399
6416
10763
6890
6878
6944
2609
5913
5914
5915
5916
5917
5918
5945
5946
5947
5948
5949
5950
5983
7564
7579
7583
7596
15332
15589
16339
16351
16371
15332
15589
15752
15753
15754
15756
17334
17386
17695
17714
17718
17727
18042
18043
18044
18080
15589
16068
16080
16246
2296
2301
2300
2266
2271
2297
2302
2264
2303
2270
2299
2297
2302
2264
2269
2265
2268
2301
2299
2298
16065
2269
2265
2267
2300
2268
2298
2296
2271
2300
2265
2267
2266
2297
2299
2270
2267
2264
2266
2303
2270
2301
2303
2264
2268
2267
2266
2265
2271
2269
2268
2270
2296
2297
2299
2300
2302
2298
2301
2303
16065
14290
14287
14322
1455
2693
10153
10142
9933
11235
10152
9934
9938
10158
10148
9937
10147
10155
10151
10161
10168
10156
10177
10150
10159
10160
10174
10178
10179
10180
10181
10182
10183
10184
10185
10186
10187
10188
10189
10190
10191
10194
10195
10197
10198
10199
10200
3380
9925
9928
9929
9930
9931
9932
9935
9936
9939
9940
10203
10204
10207
10209
10210
10211
10212
10213
10214
10215
10216
10217
10218
10219
10220
10221
10222
10223
10226
10227
10229
10230
10231
10232
10235
10236
10271
10272
10273
10275
10276
10278
10279
10280
10281
10282
11223
11224
11226
11227
11230
11232
11233
11237
11238
16608
2039
3381
3660
8132
9925
9928
9929
3955
3660
10250
10251
10252
10253
10651
10653
10654
10670
10683
10685
10686
18682
4156
4157
4160
4161
4163
4164
4420
4431
4435
4436
4925
4951
5008
5009
5010
5011
5012
5013
5135
5167
5309
5310
5334
5337
5637
5644
5645
5647
5648
5649
5650
5652
5654
5655
5657
5765
5791
5792
5797
5823
5996
6002
6012
6014
6015
6016
6017
6018
6020
6022
6366
6392
6390
6375
6391
6393
6387
6388
6376
6370
6910
6911
6912
10239
10244
10246
10247
10248
10249
3870
11860
11892
3498
3499
3502
3504
3505
3506
3507
3508
3509
3510
3511
3512
3513
3514
3515
3518
10239
10240
10241
10243
10244
10246
10247
10248
10249
10760
10764
10765
10769
3870
10239
10240
10241
10243
10244
10246
10247
10248
10249
14081
3870
17302
17305
17308
3870
10239
10240
10241
10243
10244
11004
11005
10997
11003
10999
11001
11000
10998
11002
11008
11009
11010
11012
11013
11021
11024
11026
11027
11028
11030
11034
11036
11037
11039
11043
11044
11045
11048
11049
11050
11051
11052
11053
11075
11076
11077
11078
11079
11080
11081
11082
11083
11084
11085
11086
11087
11088
11089
11090
11091
11092
11093
11094
11095
11096
11097
11098
11099
11100
11101
11102
11103
7611
7612
7614
7615
7617
7618
7620
7622
7623
11095
11098
8465
11007
8473
8585
8584
8596
8591
8601
8589
8604
8594
8616
8621
8626
8633
8595
8623
8627
8617
8628
8762
8761
8636
8767
8773
8765
8760
8669
8645
8732
8642
8674
8763
8701
8677
8916
8764
8945
8771
8948
8947
8959
8942
8924
8759
8770
8861
8893
8772
8943
8919
8766
8941
8951
8950
9042
9039
8954
9041
8769
8957
8958
8955
8952
9001
8969
8968
8953
8973
8956
9047
9034
9071
9005
9052
9049
8768
9000
9048
9046
9177
9043
9044
9179
9176
9082
9045
9050
9178
9077
8729
9051
9083
9224
9174
9076
9222
9226
9173
9225
9066
9223
9110
9172
9227
9203
9142
8728
8733
8735
8946
8949
9038
9040
9070
9113
9145
9160
9161
9167
9168
9171
9175
9180
9181
9182
9183
9184
9185
9192
9193
9199
9200
9204
9205
9213
9218
9219
9228
9229
9230
9246
9247
9250
9251
9278
9279
11006
11011
11014
11015
11016
11017
11018
11019
11020
11022
11023
11025
11029
11031
11032
11033
11035
11038
11040
11041
11042
11046
11047
8449
8458
8463
8481
8539
8540
8542
8544
8545
8548
8549
8550
8574
8575
8576
8577
8578
8580
8581
8597
8602
8603
8606
8607
8609
8613
8620
8624
8634
8635
8639
8643
8668
8700
8704
8736
8788
8789
8790
8791
8792
8819
8820
8821
8822
8823
8824
8965
8989
8990
8997
9021
9022
9027
9059
9067
9068
9069
10614
17862
17863
17888
17889
17891
17894
17895
18616
4505
4537
4546
4550
4574
4578
4582
4606
4621
4630
4631
4632
4633
4634
8547
8551
8610
1103
1135
7654
7655
7656
7671
7672
7673
7674
7675
7676
7677
7678
12941
12945
12951
12973
12977
12980
12981
12982
12983
12984
12985
12986
12987
12988
12989
12990
12991
12992
12993
12994
12995
12996
12997
12998
12999
13000
13001
13002
13003
13005
13006
13007
13008
13009
13010
11774
11775
11779
11776
8522
8521
8524
8499
8493
8520
11781
8496
8498
8523
11780
11777
8525
11778
8528
8529
8531
8489
11054
11065
11057
11058
11056
11055
11066
11059
11070
11063
11062
11069
11064
11060
11067
11068
11072
11061
11071
18138
18137
18143
18142
18139
8592
8568
8573
8787
8468
8588
8572
8541
8566
8608
8462
8675
18145
