13
15
23
30
33
34
36
37
39
40
45
47
50
52
53
55
28
46
60
62
64
66
67
69
71
72
75
86
101
104
76
82
78
96
88
92
80
103
98
99
85
93
114
107
110
128
131
132
137
138
143
144
141
118
145
146
147
148
149
108
124
150
151
152
153
154
155
156
157
159
125
120
112
160
163
164
117
169
170
173
175
176
177
178
179
180
181
182
183
184
185
186
187
188
189
191
193
194
196
225
226
228
259
258
260
261
262
263
266
268
267
269
270
271
272
273
274
275
276
278
279
280
282
283
284
285
277
286
287
281
291
292
293
294
296
297
298
295
290
300
301
302
303
304
305
306
307
308
310
311
312
314
315
299
309
313
316
317
318
319
320
323
324
325
326
327
328
329
333
322
330
331
332
334
335
336
337
338
339
340
341
342
343
344
345
346
347
348
349
350
351
352
355
356
357
358
359
360
361
354
362
363
364
365
366
367
368
369
370
371
372
373
374
375
376
377
378
379
381
382
383
380
384
385
386
387
388
389
390
391
392
393
394
395
396
397
398
399
400
401
402
403
404
405
406
407
408
409
410
411
412
413
414
415
416
417
418
419
420
421
422
423
424
425
426
1
2
4
5
7
8
14
18
20
21
427
428
429
430
431
432
433
434
435
436
437
438
440
441
442
443
439
444
445
446
447
448
449
450
451
452
453
454
455
456
457
458
459
460
461
462
463
464
465
466
467
468
470
471
472
473
474
475
476
477
478
480
481
482
483
484
485
486
487
488
489
490
491
492
493
494
495
496
497
498
500
499
547
548
87
550
551
559
561
565
566
562
568
569
570
571
573
574
576
577
579
580
581
582
583
584
585
119
130
608
609
611
612
613
614
615
616
617
162
640
642
643
647
650
645
655
658
663
664
666
667
668
669
672
674
670
675
677
679
682
687
690
695
696
698
699
700
701
702
0
27
32
59
321
353
665
697
9
10
11
12
35
41
42
43
44
16
17
22
24
25
26
48
49
54
56
57
58
321
353
564
567
3
31
63
73
105
649
681
61
136
139
168
171
646
653
656
657
659
660
671
678
685
688
689
691
692
29
129
161
469
501
502
503
504
505
527
530
525
531
532
533
534
529
539
540
536
537
538
541
543
544
542
549
557
560
563
572
575
528
526
535
558
95
127
507
510
512
518
519
523
555
651
683
506
508
509
515
516
517
479
511
513
520
521
522
524
552
553
554
556
199
218
220
243
605
601
637
70
604
641
606
638
599
631
172
140
142
174
545
514
546
190
158
205
232
627
94
126
65
213
216
217
219
222
245
248
249
250
251
252
254
587
591
594
596
600
603
623
636
242
626
588
77
198
648
109
68
74
79
81
84
89
90
91
97
100
102
106
111
113
116
121
122
123
134
135
166
167
202
203
206
208
209
210
211
212
214
215
221
223
231
234
235
238
240
241
244
246
247
253
255
256
257
288
289
586
589
590
593
595
602
607
618
620
621
622
625
634
639
644
652
654
661
662
673
676
680
684
686
693
694
624
592
597
632
628
635
619
629
610
598
630
578
578
630
239
115
83
195
264
265
207
229
233
227
200
633
192
38
204
6
19
224
6
201
51
224
133
165
197
