0
1
3
4
5
6
7
8
9
10
11
12
16
17
18
19
22
23
25
26
27
28
29
30
31
33
35
36
37
38
39
40
41
42
43
44
45
50
51
52
47
49
48
53
56
57
55
54
58
61
59
60
63
62
65
67
68
69
70
71
73
74
75
76
77
78
79
80
81
82
83
86
89
91
97
100
92
90
103
93
94
95
105
102
101
99
108
109
106
107
110
111
112
113
114
115
118
121
122
123
124
125
126
127
150
151
152
153
154
157
158
159
160
163
156
168
155
172
174
173
176
180
182
175
178
183
177
179
184
185
186
189
190
191
192
188
187
193
194
195
196
197
200
201
202
207
208
210
212
213
198
204
203
205
199
214
215
206
211
216
217
218
219
220
221
222
224
225
226
227
228
229
223
232
230
233
231
234
236
237
239
240
242
244
245
243
238
235
246
247
248
249
250
251
252
253
254
256
255
259
260
258
261
257
267
268
270
266
269
271
277
274
272
276
279
280
281
278
282
275
291
292
290
289
288
293
286
287
283
284
285
299
301
302
300
298
304
303
306
308
307
309
311
310
312
313
314
316
321
320
318
315
317
319
323
326
332
325
328
327
322
329
331
333
339
337
340
336
335
338
345
347
342
343
344
341
351
355
358
353
349
352
348
350
354
357
361
363
364
360
359
365
367
368
369
371
372
373
370
374
377
379
375
376
381
382
380
383
385
387
384
388
390
391
392
393
394
395
397
398
389
401
402
396
403
404
399
400
406
407
408
409
411
405
414
410
415
412
413
417
419
420
416
422
423
424
425
426
427
429
430
421
433
434
435
428
432
431
436
438
439
440
441
443
437
444
442
445
446
447
448
449
450
451
453
454
455
456
457
459
462
458
460
461
463
465
464
469
467
466
468
470
471
472
473
474
475
477
476
478
480
481
482
483
485
486
487
488
491
490
492
493
489
495
494
496
497
498
499
500
501
502
503
504
505
506
507
510
508
514
515
517
518
519
509
512
513
516
522
523
524
525
526
527
528
531
532
533
534
530
529
535
536
537
538
540
541
542
543
546
547
549
550
551
539
2
545
548
544
556
557
555
554
558
559
563
564
565
566
567
568
561
562
569
570
572
573
574
575
576
571
577
578
579
580
581
583
582
584
585
586
587
588
590
591
589
592
593
594
595
13
14
15
20
21
24
32
34
46
596
598
599
600
602
603
604
605
608
609
607
610
611
612
613
616
615
617
614
618
619
620
621
622
623
624
625
626
627
630
631
632
634
635
636
628
639
637
209
241
262
263
264
265
273
294
295
296
297
305
330
334
346
362
833
834
835
366
836
837
838
839
842
841
849
850
851
852
853
854
856
848
378
386
857
855
858
863
859
860
865
866
867
868
869
870
871
881
873
874
882
883
884
885
886
888
889
892
887
895
890
891
898
900
901
902
903
904
905
906
907
908
418
909
910
911
912
913
916
917
918
919
930
932
933
934
935
936
937
938
939
940
941
942
943
948
945
944
949
950
951
965
966
960
961
962
963
964
967
968
969
972
978
981
971
970
973
975
974
976
983
989
991
985
986
987
988
990
992
993
997
998
994
995
999
996
1000
1001
1004
1002
1010
1003
1006
1013
1017
1018
1005
1021
1008
1019
1020
1007
1023
1022
1024
1015
1025
1027
1028
1033
1034
1039
1046
1042
1043
1052
1048
1054
1050
1053
1055
1057
1056
1059
1060
1066
1065
1071
1074
1075
1078
1080
1083
1084
1087
1086
1089
1090
1094
1097
1082
1099
1088
1093
1091
1085
1092
1100
1095
1096
560
1098
1103
1101
1102
1104
1105
1107
1108
1110
1106
1109
1113
1111
1114
1115
1116
1112
1119
1117
1118
1122
1120
1121
1126
1129
1123
1125
1127
1124
1132
1135
1128
1130
1131
1133
1134
1139
1137
1136
1142
1145
1138
1140
1141
1147
1148
1144
1149
1143
1152
1146
1150
1151
1153
1154
1155
1158
1156
1157
1159
1162
1160
1163
1164
1165
1168
1166
1167
1175
1174
1176
1180
1181
1182
1183
1184
1186
1187
1185
1188
1189
1190
1192
1191
1194
1197
1195
1200
1196
1198
1199
1206
1207
1208
1212
1213
1215
1214
1242
1244
899
1245
1243
1246
920
921
922
923
931
952
953
954
955
984
1016
1275
1276
1277
1278
1280
1281
1282
1283
1284
1026
1029
1030
1285
1286
1287
1289
1290
1031
1032
1291
1292
1293
1040
1294
1295
1296
1298
1299
1297
1300
1301
1302
1304
1305
1303
1049
1051
1306
1308
1307
1310
1309
1312
1313
1311
1314
1315
1316
1317
1318
1319
1321
1322
1323
1058
1324
1325
1326
1327
1328
1329
1330
1331
1332
1334
1333
1335
1336
1337
1338
1339
1340
1341
1343
1342
1061
1062
1063
1064
1344
1345
1346
1072
1348
1347
1350
1349
1351
1352
1357
1353
1354
1355
1358
1360
1365
1359
1356
1361
1081
1362
1366
1364
1363
1367
1368
1369
1371
1370
1372
1373
1374
1375
1376
1377
1378
1379
1380
1382
1381
1383
1388
1385
1386
1384
1387
1389
1390
1391
1392
1393
1394
1395
1396
1397
1402
1400
1401
1398
1399
1406
1404
1403
1405
1407
1408
1409
1420
1410
1411
1412
1413
1417
1414
1418
1415
1416
1421
1423
1424
1419
1425
1422
1427
1429
1431
1430
1433
1432
1434
1435
1437
1438
1442
1439
1436
1440
1443
1444
1441
1445
1447
1446
1448
1450
1452
1455
1456
1449
1453
1451
1454
1457
1459
1461
1464
1462
1465
1463
1466
1467
1473
1472
1469
1468
1470
1471
1474
1475
1476
1477
1484
1481
1483
1478
1480
1479
1485
1482
1486
1487
1488
1489
1490
1491
1492
1498
1496
1494
1499
1501
1497
1493
1495
1500
1503
1504
1505
1502
1506
1507
1508
1511
1512
1513
1514
1515
1510
1509
1516
1517
1519
1520
1522
1523
1521
1524
1518
1525
1527
1530
1531
1526
1528
1529
1534
1535
1537
1539
1532
1533
1540
1538
1541
1536
1543
1544
1545
1548
1546
1542
1547
1549
1550
1551
1554
1553
1555
1552
1556
1557
1558
1559
1560
1561
1562
1563
1564
1565
1566
1567
1568
1569
1570
1571
1572
1573
1574
1576
1577
1579
1580
1583
1575
1584
1582
1581
1578
1585
1586
1588
1587
1589
1590
1592
1593
1594
1591
1595
1599
1596
1598
1597
1604
1605
1603
1606
1602
1607
1609
1610
1608
1613
1612
1614
1615
1611
1616
1617
1618
1619
1620
1621
1623
1624
1626
1622
1625
1627
1628
1629
1630
1631
1638
1641
1642
1637
1634
1636
1639
1640
1635
1643
1644
1645
1646
1648
1649
1647
1652
1651
1650
1654
1655
1653
1658
1657
1659
1656
1660
1661
1662
1663
1664
1665
1666
1667
1668
1669
1670
1671
1672
1673
1674
1675
1676
1677
1678
1679
1680
1681
1682
1683
1684
1686
1687
1688
1685
1689
1690
1691
1692
1693
1694
1695
1696
1697
1698
1699
1700
1702
1701
1703
1704
1705
1706
1707
1708
1709
1710
1711
1712
1713
1714
1715
1716
1717
1718
1719
1720
1721
1722
1723
1724
1725
1726
1727
1728
1729
1730
1731
1732
1733
1734
1735
1736
1737
1738
1739
1740
1741
1742
1743
1744
1745
1746
1747
1750
1751
1752
1754
1753
1755
1756
1757
1758
1759
1760
1761
1763
1764
1765
1766
1767
1768
1769
1770
1771
1772
1773
1774
1775
1776
1777
1778
1779
1782
1783
1784
1785
1786
1787
1788
1789
1792
1791
1790
1793
1794
1795
1796
1797
1798
1799
1800
1801
1802
1803
1804
1805
1806
1807
1808
1809
1810
1811
1812
1813
1814
1815
1816
1817
1818
1819
1820
1821
1822
1823
1824
1825
1826
1827
1828
1829
1830
1831
1832
1833
1835
1834
1836
1837
1838
1839
1840
1842
1843
1844
1845
1846
1847
1848
1850
1851
1852
1849
1853
1854
1855
1856
1857
1861
1859
1858
1860
1863
1862
1864
1867
1869
1870
1868
1866
1871
1872
1873
1874
1875
1880
1876
1877
1878
1879
1881
1883
1882
1884
1885
1886
1887
1888
1889
1890
1891
1893
1895
1894
1892
1896
1899
1902
1901
1898
1900
1903
1904
1905
1906
1907
1908
1910
1911
1912
1913
1914
1909
1915
1916
1917
1918
1919
1920
1921
1922
1923
1924
1925
1926
1927
1929
1930
1931
1928
1933
1935
1932
1934
1939
1936
1937
1940
1938
1942
1945
1944
1943
1941
1946
1948
1947
1949
1950
1951
1952
1953
1954
1955
1956
1959
1960
1962
1274
1957
1958
1961
1963
1964
1965
1966
1967
1968
1973
1971
1970
1969
1976
1977
1978
1972
1974
1975
1979
1981
1984
1985
1986
1980
1982
1983
1987
1988
1989
1993
1994
1996
1997
1992
1998
1995
1999
2001
2002
2003
2000
2005
2006
2011
2010
2013
2014
2016
2008
2009
2015
2012
2017
2018
2019
2020
2021
2024
2025
2026
2028
2029
2027
2030
2033
2034
2035
2037
2032
2031
2040
2042
2043
2045
2046
2047
2041
2038
2044
2050
2049
2052
2053
2054
2056
2055
2057
2058
2060
2061
2062
2059
2063
2065
2068
2067
2069
2071
2073
2070
2082
2072
2075
2081
2084
2085
2086
2087
2088
2089
2091
2090
2093
2095
2097
2100
2102
2092
2094
2101
2099
2103
2105
2104
2107
2115
2112
2114
2113
2118
2123
2125
2126
2121
2127
2124
2129
2128
2130
2131
2132
2134
2135
2136
2139
2141
2144
2145
2146
2147
2150
2153
2155
2156
2157
2158
2159
2160
2161
2162
2163
2164
2166
2167
2168
2171
2173
2176
2177
2178
2179
2180
2181
2182
2183
2184
2185
2186
2187
2188
2189
2190
2191
2192
2193
2194
2195
2196
2197
2198
2199
2200
2201
2202
2203
2204
2205
2206
2207
2208
2209
2212
2213
2211
2210
2214
2215
2216
2217
2218
2219
2220
2221
2222
2223
2224
2225
2226
2227
2228
2229
2230
2231
2232
2234
2235
2236
2237
2238
2239
2241
2240
2242
2244
2245
2246
2247
2243
2248
2249
2250
2251
2253
2255
2252
2254
2256
2257
2258
2259
2260
2262
2261
2264
2263
2265
2268
2271
2266
2267
2269
2270
2272
2273
2274
1762
2276
2275
2277
2278
2279
2281
2282
2285
2280
2283
2284
2286
2287
2290
2288
2289
2291
2292
2293
2294
2296
2297
2303
2304
2305
2306
2295
2307
2308
2309
2310
2311
2312
2313
2314
2316
2317
2318
2319
2320
2321
2322
2323
2324
2325
2326
2327
2328
2329
2331
2332
2333
2330
2334
2335
2336
2337
2338
2339
2341
2342
2343
2345
2346
2340
2344
2348
2349
2350
2351
2352
2353
2355
2356
2358
2360
2354
2357
2359
2361
2363
2364
2365
2362
2366
2367
2368
2369
2370
2371
2372
2373
2374
2375
2376
2377
2378
2379
2380
2381
2382
2383
2384
2385
2386
2387
2388
2389
2390
2394
2396
2397
1990
1991
2398
2399
2400
2401
2402
2403
2404
2405
2406
2407
2408
2022
2023
2409
2410
2411
2412
2413
2414
2415
2416
2417
2418
2419
2420
2421
2422
2426
2428
2429
2074
2431
2433
2430
2434
2435
2436
2438
2439
2440
2441
2442
2443
2444
2106
2445
2446
2447
2448
2449
2450
2451
2452
2117
2119
2120
2453
2454
2455
2456
2457
2458
2122
2459
2460
2137
2138
2462
2463
2140
2465
2466
2467
2468
2470
2471
2472
2473
2143
2474
2475
2476
2477
2478
2479
2480
2481
2482
2483
2484
2485
2486
2487
2488
2489
2149
2151
2152
2154
2490
2491
2492
2494
2495
2496
2497
2498
2499
2500
2501
2502
2503
2504
2505
2506
2507
2508
2510
2509
2511
2513
2514
2515
2516
2512
2517
2518
2519
2520
2169
2521
2522
2523
2524
2526
2525
2170
2172
2527
2528
2529
2530
2531
2532
2533
2534
2535
2536
2175
2537
2538
2539
2540
2541
2543
2542
2545
2544
2546
2547
2548
2549
2550
2551
2552
2556
2555
2553
2557
2554
2560
2561
2562
2559
2558
2563
2564
2565
2566
2569
2567
2568
2570
2571
2572
2573
2574
2575
2577
2576
2578
2579
2580
2583
2584
2585
2582
2586
2587
2589
2590
2591
2588
2594
2595
2596
2597
2592
2593
2598
2599
2600
2602
2601
2603
2604
2605
2606
2607
2608
2610
2609
2611
2612
2618
2617
2616
2615
2614
2620
2621
2624
2622
2623
2627
2625
2619
2626
2629
2628
2630
2631
2633
2634
2632
2635
2637
2638
2640
2639
2636
2642
2644
2643
2647
2646
2645
2653
2641
2649
2652
2648
2651
2650
2656
2655
2657
2660
2659
2658
2661
2663
2665
2654
2666
2664
2667
2668
2662
2669
2670
2672
2673
2671
2674
2681
2679
2677
2678
2676
2682
2683
2233
2680
2685
2684
2675
2687
2686
2688
2690
2694
2693
2691
2695
2692
2689
2698
2697
2699
2700
2702
2701
2703
2704
2705
2706
2707
2708
2709
2710
2711
2713
2715
2716
2714
2719
2712
2720
2717
2718
2723
2724
2725
2726
2722
2721
2727
2729
2730
2731
2732
2733
2734
2735
2736
2737
2738
2739
2740
2741
2742
2743
2744
2745
2746
2747
2748
2749
2753
2750
2751
2752
2755
2756
2754
2758
2757
2759
2760
2761
2763
2762
2764
2765
2766
2767
2768
2769
2770
2771
2779
2780
2781
2782
2783
2784
2785
2787
2788
2789
2790
2791
2792
2793
2794
2795
2786
2796
2797
2798
2799
2800
2801
2802
2803
2809
2811
2812
2813
2815
2816
2818
2817
2814
2820
2821
2819
2822
2823
2824
2825
2826
2831
2827
2828
2829
2830
2833
2832
2835
2834
2836
2843
2842
2847
2848
2849
2850
2852
2853
2855
2854
2851
2856
2857
2858
2859
2860
2861
2862
2863
2864
2865
2866
2867
2868
2874
2875
2880
2879
2881
2885
2886
2887
2888
2891
2890
2882
2889
2892
2893
2895
2894
2896
2897
2898
2899
2900
2901
2902
2904
2903
2905
2906
2907
2908
2909
2910
2911
2912
2913
2914
2917
2922
2918
2923
2921
2919
2920
2924
2925
2926
2927
2928
2932
2931
2929
2930
2933
2934
2935
2936
2937
2938
2939
2940
2941
2943
2945
2944
2948
2946
2942
2947
2949
2950
2951
2952
2954
2953
2955
2956
2963
2957
2964
2958
2962
2959
2961
2960
2965
2966
2967
2968
2970
2971
2972
2975
2969
2976
2973
2974
2978
2977
2980
2981
2982
2983
2984
2979
2986
2987
2985
2988
2995
2989
2990
2993
2991
2992
2994
2997
2999
2998
3004
3000
3002
3001
3005
2996
3003
3007
3006
3008
3009
3010
3011
2395
3012
3013
3014
3016
3015
3017
3018
3019
3020
3021
3023
3024
3025
3026
3028
3027
3031
3030
3022
3034
3032
3033
3037
3036
3035
3038
3039
3040
3042
3043
3041
3048
3046
3044
3045
3047
3049
3051
3052
3050
3053
3054
3055
3056
3057
3058
3066
3067
3064
3068
3065
3069
3070
3071
3072
3073
3075
3077
3074
3078
3079
3080
3076
3082
3081
3083
3084
3085
3086
3087
3088
3089
3090
3091
3093
3092
3095
3094
3098
3099
3100
3097
3096
3101
2427
3102
3103
3104
3105
3108
3111
3107
3109
3110
3106
3113
3114
3115
3116
3118
3117
3119
3120
3121
3123
3122
3126
3124
3125
3127
3128
3129
3130
3131
3132
3133
3134
3135
3136
3137
3138
3139
3140
3142
3141
3143
3144
3145
3146
3147
3148
3149
3150
3151
3153
3155
3157
3156
3158
3159
3161
3162
3163
3160
3166
3168
3170
3164
3171
3172
3165
3167
3169
3173
3174
3178
3175
3177
3176
3180
3181
3182
3179
3183
3185
3187
3188
3189
3190
3191
3192
3193
3194
3195
3196
3197
3198
3199
3200
3201
3203
3206
3211
3215
3213
3214
3212
3207
3210
3209
3208
3216
3217
3218
3220
3219
3221
3222
3223
3225
3224
3226
3237
3238
3239
3240
3241
3242
3243
3244
3245
3247
3249
3246
3248
3250
3251
3252
3253
3255
3256
3257
3258
3264
3265
3254
3259
3262
3263
3267
3266
3289
3261
3268
3290
3292
3293
3296
3260
3295
3297
3298
3299
3300
3301
3321
3322
3324
3325
3332
3327
3383
3335
3381
3382
3380
3336
3384
3385
3386
3388
3387
3389
3392
3391
3390
3393
3394
3395
3396
3397
3398
3399
3400
3401
3402
3403
3404
3423
3405
3408
3410
3406
3411
3409
3407
3413
3418
3414
3419
3420
3412
3421
3415
3416
3422
3417
3425
3424
3426
3427
3428
3429
3430
3431
3432
3433
3436
3435
3437
3434
3439
3442
3441
3443
3438
3455
3456
3440
3444
3446
3451
3447
3452
3454
3453
3445
3449
3450
3448
3457
3458
3460
3462
3463
3461
3464
3465
3472
3477
3466
3467
3468
3471
3475
3474
3478
3480
3479
3481
3483
3482
3484
3485
3487
3494
3486
3495
3496
3497
3498
3504
3499
3500
3503
3506
3509
3510
3507
3512
3511
3513
3517
3515
3519
3518
3514
3516
3521
3520
3522
3523
3524
3525
3526
3527
3528
3529
3530
3531
3532
3533
3534
3535
3536
3537
3539
3538
3540
3543
3541
3542
3544
3545
3547
3548
3549
3550
3551
3553
3552
3555
3554
3556
3557
3558
3559
3560
3561
3562
3563
3564
3565
3566
3567
3568
3569
3570
3571
3572
3573
3574
3575
3577
3576
3579
3580
3581
3585
3586
2777
3588
3582
3583
3584
3587
3589
3591
3594
3590
3592
3593
3595
3600
3598
3597
3599
3596
3601
3602
3603
3604
3605
3606
3607
3608
3609
3610
3611
3612
3613
3614
3615
3617
3616
3618
3620
3624
3619
3622
3623
3621
3625
3626
3630
3629
3628
3631
3627
3632
3633
3634
3635
3636
3637
3638
3639
3640
3641
3642
3643
3644
3645
3646
3647
3648
3650
3651
3649
3654
3666
3667
3668
3669
3670
3671
3672
3673
3674
3675
3676
3677
3678
3679
3680
3681
3682
3683
3686
3699
3701
3698
3707
3705
3703
3706
3700
3702
3708
3704
3709
3710
3711
3712
3713
3714
3715
3716
3718
3719
3723
3726
3732
3733
3734
3735
3737
3739
3740
3743
3750
3112
3744
3742
3775
3776
3748
3746
3745
3747
3751
3777
3774
3779
3781
3782
3783
3152
3154
3784
3785
3786
3787
3788
3789
3792
3793
3184
3186
3794
3795
3796
3797
3205
3798
3799
3800
3802
3804
3801
3808
3809
3811
3813
3814
3815
3816
3817
3818
3819
3824
3828
3820
3821
3826
3827
3825
3830
3831
3829
3832
3833
3841
3834
3842
3844
3846
3847
3836
3848
3849
3840
3843
3850
3851
3852
3853
3854
3856
3855
3860
3862
3857
3858
3863
3859
3865
3866
3861
3869
3870
3871
3864
3874
3867
3876
3878
3879
3880
3872
3881
3882
3883
3884
3873
3875
3885
3886
3888
3892
3894
3895
3887
3890
3889
3891
3546
3897
3898
3893
3902
3903
3578
3896
3899
3906
3904
3905
3901
3910
3908
3907
3912
3911
3915
3918
3913
3917
3914
3919
3653
3655
3656
3921
3657
3659
3660
3661
3662
3663
3664
3920
3923
3922
3924
3665
3926
3925
3927
3928
3685
3687
3688
3689
3933
3930
3934
3931
3935
3936
3938
3932
3929
3940
3937
3691
3692
3693
3694
3695
3942
3943
3696
3697
3945
3946
3720
3947
3939
3951
3953
3949
3952
3954
3955
3957
3950
3956
3958
3959
3960
3961
3962
3963
3964
3965
3966
3967
3968
3969
3970
3971
3972
3973
3974
3976
3975
3979
3977
3980
3984
3985
3983
3981
3978
3982
3986
3987
3988
3989
3990
3991
3778
3992
3993
3994
3995
3996
3997
3998
3999
4000
4001
4002
4003
4004
4005
4006
4007
4008
4009
4010
4012
4013
4014
3790
3791
4011
4016
4015
4018
4017
4019
4020
4021
4022
4023
4024
4025
4026
4027
4028
3803
3805
3806
3807
3810
4029
4030
4031
3822
3823
4032
4033
4034
4035
4036
4037
4038
4039
4040
4041
4042
4043
4044
4045
4046
4047
4048
4049
4050
4051
4052
4053
4056
4057
4055
4058
4059
4060
4061
4062
3835
3837
3838
3839
4063
4064
4065
4066
4067
4068
4069
4070
4071
4072
4073
4074
4075
4076
4077
3845
4078
4079
4080
4081
4083
4082
4084
4085
4087
4088
4089
4090
4091
4092
4093
4094
4095
4096
4098
4097
4099
4100
4103
4104
4101
4102
4110
4111
4112
4113
4114
4115
4116
4117
4118
4119
4120
4121
4122
4123
4124
4125
4127
4128
4130
4131
4126
4129
4132
3868
4133
4134
4135
4136
3877
4142
4143
4144
4145
4146
4147
4148
4149
4150
4151
4152
4153
4154
4155
4156
4157
4158
4159
4160
4161
4162
4163
4164
3900
4170
4171
4172
4178
4179
4180
4181
4182
4183
4184
4185
4187
4188
4189
4190
4191
3909
4194
4193
4192
4195
4202
3916
4204
4205
4206
4207
4208
4209
4210
4211
4212
4213
4215
4214
4203
4216
4217
4219
4220
4221
4222
4223
4225
4224
4227
4226
4229
4232
4231
4228
4233
4234
4235
4236
4237
4238
3941
3944
3948
4239
4240
4241
4242
4243
4244
4245
4246
4247
4248
4254
4257
4259
4260
4258
4255
4261
4264
4263
4256
4265
4268
4267
4269
4272
4266
4270
4273
4280
4271
4274
4277
4276
4275
4278
4286
4279
4287
4288
4290
4291
4292
4293
4295
4294
4298
4297
4296
4299
4300
4301
4302
4303
4309
4306
4322
4307
4305
4310
4308
4319
4323
4324
4320
4330
4325
4326
4333
4331
4335
4334
4327
4328
4329
4332
4343
4337
4338
4342
4341
4344
4346
4345
4340
4339
4348
4347
4351
4352
4349
4353
4054
4355
4354
4356
4357
4358
4361
4363
4360
4367
4368
4365
4364
4366
4086
4362
4371
4370
4372
4373
4374
4375
4376
4377
4378
4105
4106
4107
4108
4109
4381
4382
4383
4380
4379
4384
4385
4137
4138
4139
4140
4141
4390
4392
4393
4388
4389
4387
4386
4394
4395
4396
4397
4398
4399
4400
4401
4402
4403
4408
4406
4407
4165
4404
4166
4167
4168
4410
4405
4409
4411
4413
4169
4186
4415
4412
4359
4414
4416
4417
4418
4419
4196
4197
4198
4199
4200
4201
4421
4422
4420
4391
4423
4424
4425
4428
4429
4430
4431
4432
4433
4434
4435
4436
4437
4441
4442
4443
4218
4230
4444
4446
4448
4449
4450
4451
4452
4453
4454
4455
4456
4457
4460
4461
4464
4467
4465
4462
4466
4463
4468
4469
4491
4492
4493
4499
4500
4501
4502
4503
4505
4506
4507
4504
4249
4250
4251
4508
4509
4510
4511
4252
4253
4514
4515
4516
4517
4518
4520
4521
4519
4522
4524
4525
4262
4281
4282
4283
4284
4285
4523
4531
4532
4533
4534
4535
4536
4537
4538
4539
4289
4540
4541
4542
4543
4544
4545
4546
4547
4548
4549
4550
4551
4552
4553
4554
4555
4556
4558
4557
4559
4560
4561
4562
4563
4566
4565
4564
4567
4568
4569
4570
4571
4572
4576
4573
4575
4321
4574
4577
4578
4579
4580
4581
4582
4587
4583
4586
4584
4588
4589
4590
4591
4592
4593
4594
4595
4596
4597
4598
4600
4599
4601
4602
4603
4604
4605
4606
4609
4608
4610
4607
4611
4612
4613
4614
4615
4616
4617
4618
4619
4620
4621
4622
4623
4624
4625
4626
4628
4629
4630
4631
4634
4635
4632
4633
4636
4637
4638
4639
4640
4641
4642
4643
4644
4645
4647
4646
4648
4649
4650
4651
4652
4653
4654
4655
4656
4657
4658
4659
4660
4661
4662
4663
4664
4665
4667
4668
4666
4670
4671
4672
4669
4673
4674
4675
4676
4681
4680
4678
4679
4677
4682
4683
4684
4685
4686
4687
4688
4369
4712
4714
4713
4711
4710
4715
4716
4718
4719
4720
4717
4723
4725
4721
4726
4722
4724
4729
4732
4727
4733
4731
4734
4735
4743
4744
4746
4750
4751
4753
4752
4754
4747
4756
4757
4758
4755
4759
4760
4761
4762
4763
4764
4775
4776
4778
4782
4783
4784
4785
4779
4786
4787
4789
4790
4788
4792
4794
4795
4796
4791
4793
4800
4801
4802
4803
4804
4805
4806
4808
4807
4811
4426
4427
4814
4812
4815
4816
4817
4818
4820
4819
4824
4825
4826
4821
4822
4823
4827
4828
4829
4830
4831
4832
4833
4458
4459
4834
4835
4836
4837
4838
4839
4840
4843
4494
4495
4496
4497
4498
4846
4847
4844
4848
4849
4850
4851
4852
4853
4854
4526
4527
4855
4856
4857
4858
4859
4860
4861
4862
4863
4864
4866
4867
4868
4869
4865
4870
4871
4872
4873
4874
4875
4876
4528
4529
4877
4879
4530
4878
4880
4881
4883
4886
4885
4887
4884
4888
4890
4889
4891
4892
4894
4895
4896
4897
4898
4899
4900
4901
4902
4903
4904
4905
4906
4907
4908
4909
4910
4911
4912
4913
4914
4915
4916
4917
4918
4919
4920
4921
4922
4924
4923
4926
4927
4928
4930
4931
4932
4933
4934
4935
4936
4937
4938
4939
4940
4941
4944
4945
4946
4949
4950
4951
4952
4948
4953
4954
4955
4956
4957
4958
4959
4960
4962
4963
4627
4964
4965
4966
4967
4969
4970
4968
4971
4972
4973
4976
4977
4978
4980
4981
4982
4983
4984
4985
4986
4987
4988
4990
4991
4993
4989
4994
4995
4997
4998
4999
5001
5002
5003
5004
5005
5006
5007
5008
5009
5012
5013
5011
5010
5017
5018
5014
5015
5019
5020
5021
5016
5022
5023
5025
5026
5027
5029
5030
5033
5031
5034
5035
5036
5037
5038
5039
5040
5041
5044
5042
5043
5045
5049
4736
5046
5050
5051
5052
5047
5048
4745
5053
5054
5055
5056
5057
5058
4748
4749
5059
5060
5061
5062
5063
5064
5066
5067
5069
5070
5075
4765
4766
4767
4768
5073
5076
5077
5078
5079
5080
5081
5082
5083
5084
5085
5088
5089
5090
4777
4780
4781
5091
5092
5093
5094
5095
5096
5098
5099
5101
5102
5105
5107
5108
5109
5110
5111
5112
5113
5114
5115
5116
5123
5124
5125
5126
5127
5130
5132
5133
5134
5131
5136
4797
4798
4799
5137
5138
5139
5140
5141
5143
5144
5146
5147
5148
5142
5149
5150
5145
5151
5155
4809
5156
5157
5153
5154
4810
5158
5159
5164
5165
5162
5168
5171
5163
5166
5169
5170
5173
5172
5174
5176
5178
5179
5180
5181
5175
5177
5183
5186
5185
4813
5182
5184
5187
5188
5189
5190
5192
5194
5196
5195
5197
5198
5199
5203
5202
5201
5204
5207
5206
5208
5205
5211
5209
5210
5212
5213
5216
5218
5217
5214
5215
5220
5221
5219
5226
5224
5222
5227
5228
5229
5230
5231
5234
5235
5236
5238
5237
5233
5239
5242
5240
5241
5245
5243
5244
5247
5248
5246
5250
5249
5254
5253
5251
5252
5255
5256
5257
4841
4842
5259
5258
5260
5261
5264
5263
5262
5265
5266
5267
5272
5271
5269
5273
5270
5268
5274
4845
5276
5275
5277
5278
5280
5282
5281
5279
5284
5287
5285
5286
5283
5289
5288
5290
5293
5294
5292
5295
5296
5291
5298
5297
5299
5300
5301
5302
5305
5303
5304
5306
5307
5310
5309
5308
5311
5312
5313
5314
5315
5317
5319
5318
5316
5321
5320
5322
5325
5323
5324
5327
5329
5326
5328
5330
5331
5334
5335
5336
5333
5337
5338
5342
5339
5340
5341
5344
5343
5345
5346
5347
5349
5353
5348
5351
5378
5350
5352
5354
5379
5380
5381
5382
5383
5385
5386
5388
5389
4882
5390
5391
5414
5415
5417
5418
5420
641
660
640
655
661
659
663
666
662
664
672
668
691
695
669
696
673
698
699
692
693
700
667
694
710
701
711
706
707
739
738
761
742
765
763
743
791
768
764
797
789
818
823
820
792
819
829
824
816
821
1169
1170
1171
1173
1177
1178
1179
1201
1172
1202
1223
1220
1217
1205
1203
1211
1204
1209
1216
1218
1210
1219
1221
1224
1227
1226
1222
1228
1230
1225
1229
1231
1233
1234
1232
1236
1235
1238
1237
1240
1241
1247
1249
1248
1250
1252
1253
1251
1239
1256
1258
1260
1261
1257
1265
1262
1263
1264
1255
1259
1254
1267
1268
1269
1266
1271
1273
1272
1270
1288
1279
1320
2581
2613
139
129
171
134
164
161
162
170
165
167
181
166
142
148
147
143
144
128
141
98
116
87
84
119
120
88
96
877
880
131
136
878
876
875
879
1047
140
2301
2302
1045
1044
1076
1077
1079
1426
1458
132
133
3061
3323
130
3493
3060
3062
3063
3490
3722
3752
3684
3059
3755
3730
3758
138
3762
3690
3721
3489
3459
135
4482
4483
4484
4485
3491
4486
4488
4489
4173
4481
4472
4480
3492
3724
4697
3764
4700
4174
4512
3756
3765
4513
3753
4176
4175
4177
4439
149
4438
4470
4473
4474
4471
4690
4693
4487
4704
872
5117
4692
4689
4702
5087
5118
2298
5121
5120
5152
5122
5119
5200
5232
2299
2300
3291
3029
3488
3754
4440
5191
5223
