0
2
4
5
6
9
10
11
12
14
17
18
26
27
28
31
32
34
36
37
38
41
42
43
44
46
49
50
58
59
60
63
7
8
21
22
24
25
39
40
53
54
56
57
64
65
67
68
71
72
73
75
83
84
87
88
91
92
95
96
97
99
100
103
104
105
107
115
116
119
120
121
123
124
127
130
131
134
135
136
155
162
163
166
167
168
173
187
195
200
227
232
256
261
263
264
265
267
268
269
270
273
276
299
300
301
302
305
426
427
428
429
430
431
432
433
439
442
448
456
457
460
434
435
436
437
440
443
444
445
446
447
449
450
453
454
455
474
459
461
462
463
464
465
466
467
468
469
472
473
479
481
480
482
485
486
488
489
492
487
491
495
496
497
498
499
500
501
506
511
512
517
525
528
504
505
514
515
516
536
537
538
539
540
541
542
544
543
546
547
611
612
840
841
842
843
844
548
615
846
847
854
855
856
859
860
861
863
862
866
867
868
871
872
869
870
873
874
875
876
878
879
880
882
884
886
887
902
904
905
906
909
910
915
916
919
920
924
925
929
13
15
16
19
20
45
47
48
51
52
930
933
934
936
937
938
941
942
951
952
956
957
962
965
966
968
971
975
978
980
981
982
994
1007
1010
1
30
33
476
508
903
908
911
913
914
921
923
926
927
935
940
953
955
958
959
976
979
1008
1011
903
908
911
913
914
921
923
926
927
935
940
953
955
958
959
976
979
1008
1011
940
953
955
958
959
62
266
3
29
35
122
128
160
76
77
78
79
80
81
82
85
86
93
108
109
110
111
112
113
114
117
118
125
129
138
139
142
143
161
170
171
174
175
922
954
960
961
963
964
967
969
972
973
992
993
995
996
1005
141
148
149
151
152
177
180
181
183
184
185
153
154
172
186
194
199
145
223
153
226
231
255
857
888
889
891
892
893
894
895
897
898
901
145
271
272
274
303
304
306
61
150
182
308
311
318
319
321
324
326
322
330
331
332
333
334
335
336
337
338
344
347
351
353
356
354
358
362
363
364
365
366
367
368
369
370
376
379
383
385
881
277
278
309
310
312
313
314
315
348
380
384
69
101
452
484
762
763
764
768
769
770
771
772
773
774
775
776
777
778
779
780
781
783
785
786
787
788
789
790
791
792
793
795
796
797
798
799
800
801
802
803
804
805
806
809
810
828
829
830
831
832
834
835
836
837
838
839
864
765
766
794
23
55
140
146
147
178
179
257
258
259
260
262
664
696
750
656
688
853
885
899
900
931
932
977
1009
845
848
851
877
883
849
850
852
451
458
470
483
490
502
974
988
990
991
1006
471
503
896
907
912
918
928
939
983
984
987
989
94
126
275
307
316
317
320
323
325
328
329
352
355
357
360
361
327
359
477
478
509
510
279
280
281
282
283
284
290
291
292
294
295
296
293
70
74
89
90
102
106
669
680
681
684
685
751
752
753
754
757
758
410
411
412
413
414
415
557
416
417
671
686
759
438
441
387
388
389
392
393
394
395
396
397
398
399
400
401
402
403
404
409
419
420
421
405
407
408
424
425
390
391
422
423
513
545
198
373
374
377
378
381
382
341
339
340
342
345
346
349
350
371
372
519
620
144
176
493
494
627
628
626
629
630
631
638
632
625
637
633
634
635
636
228
202
225
524
201
520
641
644
649
652
761
157
196
207
215
205
208
242
218
240
239
526
566
613
623
622
529
530
562
561
216
212
213
222
233
191
211
230
209
234
237
220
219
238
248
244
247
229
245
235
236
224
241
243
246
249
250
251
252
253
254
475
507
518
521
522
523
527
531
532
533
534
535
563
254
475
518
507
521
523
522
527
532
531
533
534
535
563
564
565
608
609
610
614
616
617
618
619
621
858
865
917
970
985
986
66
98
132
133
621
858
865
917
970
985
986
66
98
132
133
156
158
159
164
165
169
188
189
190
192
193
197
203
204
206
210
214
217
221
66
98
132
133
156
137
156
158
159
164
165
169
188
189
190
192
343
375
418
647
648
650
817
820
813
808
822
811
819
815
825
812
824
784
821
823
816
826
833
827
782
807
833
818
818
827
814
782
807
807
654
653
814
782
760
760
767
643
640
760
645
646
386
655
639
406
651
642
