1653
1654
1657
1658
1659
1653
1654
1657
1658
1659
1653
1654
1657
1658
1659
1653
1654
1657
1658
1659
1653
1654
1657
1658
1659
1653
1654
1657
1658
1659
1653
1654
1657
1658
1659
1653
1654
1657
1658
1659
1653
1654
1658
1659
1657
1653
1654
1657
1658
1659
1653
1654
1657
1658
1659
1653
1654
1659
0
14
15
17
18
19
20
30
31
32
33
34
37
38
39
40
43
46
47
48
49
50
51
52
74
75
76
77
78
79
82
83
84
85
87
88
90
93
97
98
99
100
101
102
103
106
107
108
109
110
111
114
115
116
117
119
120
122
125
134
135
136
137
139
141
153
154
156
159
166
167
168
152
169
171
173
184
185
186
188
191
206
207
210
211
212
213
216
215
217
218
219
221
220
223
238
239
242
243
244
245
247
248
249
250
251
252
253
255
256
257
258
261
262
264
265
266
267
269
274
277
288
289
290
293
294
296
297
298
299
301
306
309
321
322
323
328
353
354
355
360
413
445
448
449
451
450
453
454
455
456
457
458
459
460
461
462
463
464
467
470
471
472
473
474
478
479
480
481
482
483
485
486
487
488
489
490
491
492
493
494
495
496
499
502
503
504
505
506
510
511
516
514
517
518
519
521
520
522
523
524
525
526
527
529
533
534
535
536
537
538
539
540
542
543
546
548
549
550
551
552
553
554
555
556
557
558
559
561
565
566
567
635
636
637
638
639
642
643
1
2
5
6
7
8
11
16
22
25
640
641
644
651
652
653
654
655
656
669
670
673
674
675
676
677
679
680
672
683
701
702
709
710
711
712
713
714
715
716
718
719
720
721
722
741
742
743
744
745
746
747
748
750
751
752
753
754
768
769
138
140
155
157
158
170
172
772
773
774
775
776
777
187
189
190
780
781
784
787
793
794
795
796
799
800
801
804
805
806
807
825
826
827
828
831
832
833
836
837
838
839
840
841
842
843
845
846
847
849
850
851
852
854
855
856
857
858
859
862
863
864
865
866
867
868
869
870
871
872
873
874
875
877
878
879
881
882
883
884
886
887
888
889
890
891
892
894
895
896
897
898
899
900
901
326
327
358
359
374
377
902
903
904
905
906
907
908
910
911
912
913
914
915
916
917
918
919
921
922
923
924
925
926
927
928
929
930
931
932
933
934
935
936
937
938
939
940
942
943
944
945
946
947
948
949
950
951
953
954
955
956
957
958
959
960
963
964
968
969
970
971
972
973
1001
1002
1003
1004
1005
1006
1007
1008
1011
1014
1016
1017
1018
1021
1024
1025
1026
1027
1028
1030
1031
1032
1035
1038
1041
1042
1044
1045
1046
1047
1050
1051
1052
1054
1055
1056
1057
1058
1059
1060
1062
1073
1074
1076
1077
1078
1079
1082
1083
1084
1086
1087
1089
1090
1091
1092
1093
1094
1099
1103
1104
1105
1106
1107
1108
1109
1110
1111
1112
1115
1116
1119
1121
1122
1123
1124
1125
1135
1136
1137
1138
1139
1140
1141
1142
1143
1144
1147
1148
1151
1152
1153
1154
1155
1159
1160
1161
1162
1163
1166
1167
1168
1169
1171
1172
1173
1174
1175
1176
1177
1178
1179
1180
1181
1182
1183
1184
1185
1186
1187
1203
1204
1205
1206
1207
1208
1209
1210
1211
1212
81
89
91
92
94
113
121
123
124
126
133
142
143
144
145
146
147
148
149
150
151
860
165
174
175
176
177
178
179
180
181
182
183
192
193
194
195
196
197
198
199
200
201
202
203
204
208
209
214
222
224
225
226
227
228
229
230
231
232
233
234
235
236
240
241
246
254
260
271
273
292
303
305
324
329
336
339
340
341
343
349
350
351
356
361
368
371
372
373
375
381
382
383
385
386
387
390
391
410
412
414
417
418
419
422
423
442
444
446
465
466
468
469
476
477
497
498
500
501
507
508
509
512
515
544
547
568
569
570
571
572
574
575
603
604
605
606
607
660
661
662
663
666
667
668
678
684
686
687
688
685
692
693
694
695
698
699
700
717
723
724
725
726
728
729
730
731
732
733
734
735
749
755
756
757
758
760
761
762
763
764
765
766
767
770
771
778
779
783
785
786
788
789
790
792
797
798
802
803
810
811
812
813
815
816
817
818
819
820
821
822
824
829
830
848
853
880
885
909
920
941
952
961
962
965
966
967
974
975
976
977
978
979
980
981
982
983
984
985
986
987
988
989
990
992
993
994
995
996
997
998
999
1000
1009
1010
1012
1013
1015
1019
1020
1022
1033
1034
1036
1029
1037
1039
1043
1053
1063
1064
1065
1066
1061
1040
1067
1068
1069
1070
1071
1075
325
1072
1085
342
344
345
357
1156
1157
1158
1164
1165
1188
1189
1190
1191
1192
1193
376
1194
1195
1196
1197
1198
1199
1200
1201
1213
1214
1215
1216
1217
1218
1219
1220
1221
1222
1223
1224
1225
1226
1227
1228
1229
1230
1231
1232
1233
1234
1236
1239
1240
1243
1245
1246
1247
1248
1249
1250
1251
1252
1253
1256
1257
1258
1259
1260
1261
1262
1263
1264
1265
1266
1268
1271
1272
1275
1277
475
1278
1279
1280
1281
1282
1283
1284
1285
1286
1287
1288
1289
1290
1291
1292
1294
1295
1296
1300
1301
1304
1305
1309
1310
1311
1312
1313
1314
1315
1316
1317
1318
1319
1320
1321
1322
1323
1324
1326
1327
1328
1332
1333
1336
1337
1341
1342
1344
1345
1346
1347
1348
1349
1350
1351
1352
657
1358
1359
658
1360
1361
1362
1363
1364
1365
1366
1367
1368
1369
1370
1371
1372
1373
1374
1377
1378
659
1379
1380
1381
1382
1383
1384
1385
1386
1390
1391
1392
1393
1394
1395
1396
1397
671
689
690
691
703
704
705
706
707
708
1398
1399
1400
1401
736
737
738
739
1402
1403
1404
1408
1409
1410
1411
1412
1413
1414
1415
1416
1417
1418
1419
1420
1421
1422
1423
1424
1425
1426
1427
1428
740
1429
1430
1431
1432
1433
1434
1435
1436
1437
1439
1440
1441
1442
1443
1444
1445
1446
1447
1448
1449
1450
1451
1452
1453
1454
1455
1456
1457
1458
1459
1460
1461
1462
1463
1464
1465
1466
1467
1468
1469
1471
1473
1474
1475
1476
1477
1478
1482
1483
1484
1485
1486
1487
1488
1491
1492
1493
1494
1495
1496
1497
1499
1500
1501
1502
1505
1506
1507
1508
1509
1510
1511
1514
1515
1516
1517
1518
1519
1520
1523
1524
1525
1526
1527
1528
1529
1531
1532
1533
1534
1536
1537
1538
1539
1541
1542
1543
1544
1545
1547
1548
1549
1550
1551
1554
1557
1559
1560
1562
1563
1565
1567
1568
1569
1570
1571
1573
1574
1575
1576
1577
1579
1580
1581
1589
1591
1592
1594
1595
1597
1599
1606
1608
1609
1613
1614
1618
1619
1624
1621
1622
1625
1626
1627
1638
1640
1641
1645
1646
1650
1651
1656
1343
1607
1610
1611
1612
1628
1629
1630
1639
1642
1643
1644
1048
1080
1049
1088
1095
1096
1097
1081
1098
1100
1101
1102
1113
1117
1120
1127
1128
1129
1130
1131
1132
1133
1134
1145
1149
161
312
314
370
384
389
403
409
435
447
616
634
1114
1118
1126
1146
1150
60
65
9
64
59
118
21
67
4
13
12
36
35
24
3
53
66
56
70
45
41
62
105
72
69
44
104
73
63
68
71
54
57
646
648
645
28
29
27
23
86
23
61
1655
29
55
86
96
58
647
26
1556
1588
27
55
61
96
682
650
1170
809
649
808
681
1540
1572
