65
66
69
97
98
101
63
62
70
71
76
90
91
94
102
103
108
122
123
126
2053
2056
62
63
65
66
69
97
98
101
1723
1726
1728
62
63
1729
1730
1731
1732
1733
1741
1743
1744
1745
1747
1748
1749
1757
1759
1760
1761
1762
1763
1764
1765
1773
1775
1776
1777
1779
1780
1781
1820
1821
1825
1826
1846
1847
1848
1849
1852
1853
1953
1965
1969
1971
1984
1994
1996
1997
1999
2003
2006
2007
2008
2009
2010
2011
2013
2016
2026
2028
2029
2031
2035
2038
2039
2040
2041
2042
2043
2045
2072
2073
2076
2077
2078
1663
1664
1679
1680
1711
1712
1742
1746
1774
1778
1822
1823
1854
1855
1858
1859
1860
1861
1863
1864
1867
1868
1951
1983
0
1
2
3
4
5
6
7
8
9
10
11
12
13
14
15
16
17
18
19
20
21
22
23
24
25
27
28
30
31
32
33
34
35
36
37
38
39
40
41
42
43
44
45
46
47
48
49
50
51
52
53
54
55
56
57
59
60
73
1850
75
77
78
79
80
81
82
83
86
87
92
95
105
107
109
110
111
112
113
114
115
118
119
124
127
128
129
133
135
136
137
138
144
145
147
148
150
239
240
251
254
255
256
257
259
267
270
271
272
273
274
275
276
280
281
299
302
303
304
305
306
307
308
312
313
317
318
319
320
323
324
325
335
336
337
342
334
349
351
352
355
356
357
367
368
366
374
381
383
386
388
389
394
395
397
398
399
400
401
402
403
404
406
407
408
453
454
455
456
457
458
459
460
461
462
463
466
470
471
472
473
474
475
476
478
479
480
481
483
484
485
486
487
488
489
490
491
492
493
494
495
498
502
503
504
505
506
507
510
511
512
513
515
517
518
547
549
550
562
563
564
566
569
570
571
572
575
576
577
578
579
582
587
588
589
590
591
592
593
594
595
600
603
608
609
610
611
614
619
620
621
622
623
624
625
626
642
643
644
645
648
649
650
651
654
657
658
659
662
663
680
681
682
683
686
710
711
714
715
742
743
746
747
760
761
781
787
797
798
799
813
814
819
829
830
831
832
834
835
838
857
858
859
864
866
867
870
878
881
889
890
891
896
899
908
909
321
322
338
339
340
341
910
911
914
915
920
921
924
353
354
928
931
371
372
940
941
942
943
946
947
373
1294
1295
1296
1297
1298
1299
1300
1301
1303
1304
1305
1306
1307
1308
1309
1310
1311
1314
1315
1317
1319
1320
1321
1322
1323
1324
1325
1326
1327
1328
1329
1330
1331
1332
1333
1335
1336
1337
1338
1339
1340
1341
1342
1343
1344
1347
1348
1350
1353
1354
1357
1358
1359
1360
1361
1362
1365
1366
1370
1371
1375
1376
1379
1380
1382
1385
1386
1389
1390
1391
1392
1393
1394
1397
1398
1403
1407
1410
1411
1415
1416
1417
1418
1419
1420
1423
1429
1430
1431
1432
1435
1436
1437
1438
1442
1443
1447
1448
1449
1450
1451
1452
1455
1461
1462
1463
1464
1467
1468
1469
1470
1473
1479
1481
1482
1483
1484
1486
1487
1488
1489
1490
1491
1492
1493
1494
1495
1496
1498
1499
1500
1501
1502
1503
1505
1511
1513
1514
1515
1516
1518
1519
1520
1521
1522
1523
1524
1525
1526
1527
1528
1530
1531
1532
1533
1534
1535
1536
1538
1539
1540
1541
1542
1543
1544
1545
1546
1547
1548
1549
1550
1551
1552
1553
1554
1555
1556
1557
1558
1559
1561
1563
1564
1565
1566
1567
1568
1570
1571
1572
1573
1574
1575
1576
1577
1578
1579
1580
1581
1582
1583
1584
1585
1586
1587
1588
1589
1590
1591
1593
1595
1596
1597
1598
1599
1600
1601
1604
1607
1608
1611
782
1629
1639
1640
1643
1722
1740
1750
1751
1752
1753
1755
1758
1772
1782
1783
1784
1785
1824
1876
1954
1955
1963
1964
1966
1967
1968
1970
1975
1980
1985
1988
1989
1990
1991
1993
1998
2000
2001
2002
2004
2012
2017
2020
2021
2022
2023
2025
2030
2032
2033
2034
2036
2044
2061
2062
2048
2049
2050
2051
2052
2054
2055
2058
2059
2060
2063
2064
2065
2066
2069
2070
2071
2079
2080
2081
2082
2083
2084
2086
2087
2088
2090
2091
2092
2093
2095
2096
2097
2098
2101
2102
2103
2105
2106
2107
2108
2201
2202
2203
2111
2112
2116
2117
2120
2121
2122
2123
2126
2127
2131
2132
2135
2136
1724
1754
1786
1952
2005
2014
2037
2046
2085
2199
508
733
744
765
874
925
1402
1422
1424
1425
1426
1427
1428
1433
1434
1454
1456
1457
1458
1459
1460
1465
1466
1560
1592
712
74
106
140
141
477
482
509
551
552
553
554
561
565
567
568
708
734
735
736
740
757
758
759
766
767
777
780
783
784
134
809
812
815
816
1351
1352
1383
1384
1472
1475
1478
1480
1485
1504
1507
1510
1512
1517
1562
1594
132
862
863
887
894
895
903
904
906
932
935
936
938
1474
1477
1497
1506
1509
1529
1949
1950
1974
1976
1977
1978
1979
1981
1982
1987
1992
2019
2024
900
1962
875
1661
1665
1666
1667
1668
1669
1670
1671
1672
1673
1674
1675
1676
1677
1678
1681
1682
1683
1684
1686
1701
1702
1703
1704
1705
1706
1707
1708
1709
1710
1713
1714
1715
1716
1718
1787
1790
1791
1792
1793
1794
1795
1798
1801
1803
1806
1813
1819
1827
1830
1833
1835
1838
1845
1851
1856
1865
1875
1877
1878
1879
1881
1883
1884
1885
1886
1887
1888
1890
1891
1892
1893
1895
1896
1897
1899
1900
1901
1903
1904
1905
1906
1907
1908
1909
1910
1911
1913
1915
1927
1928
1929
1930
1931
1933
1934
1937
1939
1940
1941
1942
1944
1947
1948
1959
1960
1961
1972
1973
1986
2018
2141
2200
1789
64
67
68
88
96
99
100
120
258
385
396
413
414
415
417
418
420
421
426
427
428
429
430
431
432
433
434
435
436
438
439
440
445
446
447
448
450
451
452
707
709
737
738
739
741
1100
1101
1102
1103
1104
1105
1106
1107
1108
1110
1112
1113
1114
1115
1116
1117
1124
1132
1133
1134
1135
1136
1137
1138
1139
1140
1142
1144
1145
1146
1147
1148
1149
1152
1153
1154
1156
1158
1159
1160
1161
1162
1163
1164
1165
1166
1167
1168
1172
1173
1174
1175
1176
1177
1178
1181
1182
1183
1184
1185
1186
1188
1190
1191
1192
1193
1194
1195
1196
1197
1198
1199
1200
1201
1204
1205
1213
1214
1215
1216
1217
1218
1219
1220
1221
1222
1225
1226
1228
1230
1231
1240
1241
1244
1245
1246
1247
1248
1249
1250
1251
1252
1253
1254
1257
1258
1260
1262
1263
1266
1267
1276
1283
1284
1285
1287
1288
1316
1349
1372
1404
1476
1508
1537
1569
1632
1633
1636
348
380
1125
1157
1169
1170
1189
1202
2104
2109
2110
1995
2027
425
437
449
516
548
555
556
557
558
560
655
687
833
860
861
865
892
893
897
901
902
905
907
913
917
918
919
922
923
926
927
929
933
934
937
939
945
949
950
951
952
954
955
953
956
957
958
959
960
962
963
964
965
966
967
969
971
972
974
975
976
977
978
979
980
981
982
983
984
985
986
987
988
990
991
992
994
995
996
997
998
999
1001
1003
1004
1006
1007
1008
1009
1010
1011
1012
1013
1014
1015
1016
1017
1018
1019
1020
1022
1023
1026
1027
1030
1031
1035
1036
1037
1038
1041
1042
1044
1045
1046
1047
1048
1049
1051
1053
1054
1058
1059
1062
1063
1067
1068
1069
1073
1074
1076
1077
1078
1079
1080
1081
1083
1085
1086
1092
1094
1095
1096
1098
1126
1127
1128
1130
1227
1259
1605
1637
1957
393
405
2074
2075
1093
769
790
795
801
822
827
130
131
149
153
154
156
157
158
161
162
163
164
165
167
168
169
171
174
179
180
181
182
183
185
186
187
188
189
190
192
196
197
198
199
195
201
204
205
200
208
209
228
229
230
231
232
233
236
237
839
871
139
142
151
155
2113
1685
1694
1696
1697
1698
1699
1700
1717
1691
159
191
898
930
1631
241
242
243
244
245
246
247
248
249
250
252
253
260
261
262
263
264
265
266
268
269
278
279
282
283
284
288
289
290
291
292
293
294
295
296
297
298
300
301
310
311
314
315
316
411
422
423
412
416
419
424
441
442
443
444
1084
1089
1090
1121
1122
1277
1278
1279
1280
1281
1282
1312
1313
285
286
287
384
387
390
1644
1645
1646
1647
1649
1651
1652
1655
1662
713
745
748
749
750
751
752
753
754
755
756
1229
1239
1242
1243
1261
1265
1268
1269
1270
1271
1272
1273
1274
1275
1289
1290
1292
1293
1882
1898
1902
1912
1914
1916
1921
1935
1936
1291
1318
1373
1866
1880
1405
1920
1606
1609
1610
1612
1613
1614
1615
1616
1617
1618
1619
1620
1621
1622
1623
1625
1626
1627
1628
1638
1641
1642
1648
1650
1653
1654
1657
1658
1659
1660
653
685
689
690
691
694
695
703
704
716
717
718
719
721
722
723
725
726
727
728
730
731
762
763
836
868
872
656
660
661
688
692
693
696
697
698
699
701
705
706
786
818
989
1021
343
345
347
350
375
376
377
378
379
382
1630
732
764
786
818
873
344
346
732
764
873
500
501
573
574
580
581
583
584
585
586
596
597
612
613
615
616
617
618
627
628
629
632
635
641
916
948
961
968
970
973
1005
1040
1072
1958
464
465
467
468
469
496
497
499
912
944
770
772
774
785
802
804
806
817
1756
1788
1796
1797
1799
1800
1804
1805
1828
1829
1831
1832
1836
1837
1956
2094
1922
1923
1932
1938
1814
1815
1816
1817
1656
1802
1834
2128
1206
1207
1208
1209
1210
1212
1111
1129
1131
1143
1155
1171
1180
1187
1203
146
277
309
326
327
328
329
330
331
332
333
358
359
360
361
362
363
364
365
647
652
684
1039
1052
1070
1071
1099
1179
1211
1286
143
1097
160
166
170
176
177
207
207
1924
1925
1024
1025
1043
1056
1057
1075
1088
1091
1120
1123
1224
1232
1233
1234
1235
1236
1237
1238
1255
1256
1264
1346
1367
1364
1369
1378
1381
1396
1399
1401
1812
1844
768
773
775
776
779
800
805
807
808
811
26
29
58
61
993
1000
1002
1223
2172
2179
2173
2174
2176
2177
2178
2182
2183
2188
2187
2191
2192
2115
2114
2125
2129
2130
2142
2144
2146
2149
2147
2148
2152
2157
2153
2154
2155
2159
2158
2161
2162
2163
2164
2168
2167
1807
1809
1839
1841
1862
93
125
1894
1917
1918
1919
89
1374
1355
1400
1406
1356
1387
1368
1388
1363
1395
1412
1408
1409
1413
1444
1445
1414
1440
1441
1446
1602
1603
1634
1635
601
771
778
792
788
791
793
789
794
796
803
810
820
821
823
824
825
826
828
1735
1766
1727
116
84
599
1842
1840
2068
1737
2015
2047
104
1818
117
121
519
521
520
522
533
537
536
540
544
543
534
531
538
532
670
525
677
529
524
526
528
542
523
675
674
527
541
559
1034
545
539
514
530
1033
546
1065
666
840
676
849
679
672
671
846
1066
702
664
667
665
842
669
837
883
880
884
851
847
848
882
856
1032
869
1064
1060
1028
1029
1055
1087
1061
852
855
850
879
888
2057
535
1738
1843
85
1770
606
604
877
1453
1082
1624
1421
602
1734
678
1768
673
1050
1739
845
843
1771
1771
1857
1768
1769
1739
1736
1734
1767
1725
1721
2067
72
