8286
8319
8321
8328
8329
8331
8332
8335
8336
8337
8345
8347
8348
8349
8360
8361
8363
8364
8367
8368
8369
8377
8379
8380
8381
8427
8429
8432
8435
8436
8437
8438
8439
8440
8442
8449
8450
8452
8454
8455
8456
8457
8458
8469
8453
8471
8459
8461
8464
8470
8466
8473
8474
8501
8502
8503
8505
8506
8507
8508
8509
8510
8511
8512
8516
8518
8519
8521
8522
8523
8528
8532
8534
8537
8539
8540
8541
8542
8543
8544
8548
8550
8551
8553
8554
8555
8564
8566
8569
8571
8572
8573
8574
8575
8576
8577
8579
8584
8597
8598
8599
8600
8601
8602
8608
8609
8611
8614
8616
8617
8618
8620
8621
8622
8629
8630
8631
8632
8633
8634
8645
8646
8647
8648
8651
8652
8677
8678
8679
8680
8745
8746
8749
8750
8758
8760
8761
8765
8769
8770
8779
8780
8783
8785
8787
8788
8790
8791
8792
8798
8799
8801
8802
8811
8812
8815
8817
8820
8819
8822
8823
8824
8826
8827
8830
8831
8834
8835
8836
8837
8838
8839
8840
8841
8844
8845
8846
8847
8851
8852
8853
8854
8857
8858
8928
8929
8931
8932
8937
8941
8945
778
779
788
789
791
798
799
810
811
820
821
9013
9018
9021
9033
9035
8285
8290
8293
8311
8312
8314
8316
8317
8318
8320
8330
8333
8334
8350
8351
9036
9040
9041
9052
9053
9065
9067
9068
9072
9073
9084
8362
8365
8366
8382
8383
9100
948
9139
9143
9144
9147
9152
9153
9156
9162
9165
9168
9169
9170
9171
9172
9173
9175
9180
9181
9182
9183
9184
9185
9188
9194
9197
9200
9201
9202
9203
9204
9205
9207
9208
9209
9212
9213
9214
9215
9220
9222
9236
9237
9252
9254
9268
9269
1168
1169
1170
1171
1174
1175
1176
1177
1178
9383
9384
9387
9388
9404
9405
9406
9407
9408
9409
9410
9411
9412
9419
9421
9438
9439
9440
9441
9442
9443
9444
9446
9451
9453
780
783
784
9468
9470
9471
9473
9477
9478
9480
9482
9483
9484
9485
9486
9487
9488
797
812
815
816
9505
9509
9510
9512
9514
9515
9516
9517
9518
9519
9520
9037
9039
9054
9543
9546
9547
9552
9554
9555
9557
1374
1375
1376
1379
1382
9069
9071
906
907
938
939
941
1393
1394
1395
1396
1397
1398
1399
944
1400
1401
1402
1403
1404
1405
1406
1407
1408
1410
1411
1412
1413
1414
1415
1416
1417
1418
1425
1426
1427
1429
9613
9614
9620
945
947
949
951
952
9641
9642
9645
9646
9652
9666
9669
9671
9673
9674
9675
9676
9677
9680
9681
9684
9686
9688
9689
9693
9694
9698
9701
9703
9705
9706
9707
9708
9709
9712
9713
9716
9718
9720
9721
9725
9726
9729
9730
9731
9735
9736
9740
9741
9744
9749
9761
9762
9763
9767
9768
9772
9773
9776
9781
9800
9801
9803
9805
9809
9812
9815
9397
9832
9833
9835
9837
9841
9844
9847
9856
9858
9860
9861
9862
9863
9864
9865
9872
9873
9874
9875
9876
9877
9878
9879
9880
9881
9882
9883
9884
9885
9886
9887
9888
9890
9892
9893
9894
9895
9896
9897
9436
9904
9905
9906
9907
9908
9909
9910
9911
9912
9913
9914
9915
9916
9917
9918
9919
9921
9922
9923
9924
9925
9936
9937
9938
9939
9940
9941
9942
9943
9944
9945
9946
9947
9948
9953
9954
9955
9956
9957
9968
9969
9970
9971
9972
9973
9974
9975
9976
9977
9978
9979
9980
9988
10009
10020
10041
10049
1874
1875
1876
1877
1878
1879
1880
1881
1882
1883
1884
1885
1886
1887
1888
1889
1890
1893
1896
1906
1907
1908
1909
1910
1911
1912
1913
1914
1915
1916
1917
1918
1919
1920
1921
1922
1924
1925
1926
1927
1928
1929
1930
1931
1932
1933
1934
1935
1938
1939
1940
1942
1944
1945
1946
1947
1948
1949
1950
1951
1952
1953
1954
1956
1957
1958
1959
1960
1961
1962
1963
1964
1965
1966
1967
1970
1971
1972
1974
1976
1977
1978
1979
1980
1981
1982
1983
1991
1993
10216
10217
10218
10222
10225
10227
10229
10230
10237
10239
10241
10245
10251
10257
10258
10259
10261
10263
10264
10265
2121
2122
2123
2124
2125
2126
2127
2128
2129
2130
2131
2132
2133
2134
2135
2136
2137
2138
2139
2140
2141
2142
2143
2144
2147
2148
2149
2151
2153
2154
2155
2156
2157
2158
2159
2160
2161
2162
2163
2164
2165
2166
2167
2168
2169
2170
2171
2172
2173
2174
2175
2176
2178
2182
2192
2193
2194
2195
2196
2197
2198
2199
2200
2201
2202
2203
2204
2205
2207
2208
2210
2214
2217
2220
2221
2222
2223
2224
2225
2226
2227
2228
2229
2230
2231
2232
2233
2234
2235
2236
2237
2239
2240
2241
2242
2243
2244
2245
2246
2247
2248
2264
2265
2266
2267
2272
2273
2274
2275
2276
2277
2278
2279
2280
2296
2297
2298
2299
9926
9927
9928
9929
2325
2537
9958
9959
9960
9961
2572
2573
2576
2577
3325
3326
3327
3330
3336
3340
3341
3342
3343
3344
3345
3346
3347
3348
3349
3350
3351
3352
3353
3355
3356
3359
3362
3368
3372
3373
3374
3375
3376
3377
3378
3379
3380
3381
3382
3383
3384
3385
3387
3388
3391
3392
3393
3394
3395
3396
3397
3399
3401
3402
3403
3404
3405
3406
3407
3408
3409
3410
3411
3412
3413
3414
3415
3416
3417
3418
3420
3421
3422
3424
3425
3426
3427
3428
3429
3431
3433
3434
3435
3436
3437
3438
3439
3440
3441
3442
3443
3444
3445
3446
3447
3448
3449
3450
3452
3453
3454
3456
3457
3458
3459
3461
3462
3463
3464
3466
3467
3468
3469
3472
3475
3476
3477
3478
3479
3481
3482
3483
3485
3486
3487
3488
3489
3490
3491
3493
3494
3495
3496
3498
3499
3500
3501
3504
3507
3508
3509
3510
3511
3513
3514
3515
3517
3518
3519
3527
3528
3559
3560
3561
3562
3563
3566
3567
3571
3573
3574
3575
3578
3579
3854
3855
3856
3859
3862
3870
3871
3872
3891
3894
3956
3957
3958
3959
3960
3961
3963
3964
3965
3966
3970
3971
10249
4126
4127
4141
4142
4158
4159
4162
4163
4164
4165
4166
4167
4168
4169
4130
4129
4170
4171
4172
4173
4174
4175
4176
4177
4178
4179
4180
4181
4182
4183
4184
4186
4187
4188
4189
4194
4195
4196
4197
4198
4199
4200
4201
4202
4203
4204
4205
4206
4207
4208
4209
4210
4211
4212
4213
4214
4215
4216
4218
4219
4220
4221
4224
4272
4273
4276
4277
4286
4289
4292
4294
4295
9049
9051
4739
4740
4741
4742
4743
4744
4745
4746
4747
4748
9085
9132
9134
9135
5067
5068
5069
5070
5071
5072
5073
5074
5075
5076
5077
5078
5081
5084
5085
5086
5116
5117
5118
5119
5122
5123
5124
5125
5126
5128
5129
5131
5134
5136
5137
5139
5140
5141
5142
5143
5154
4111
5155
5156
5157
5158
5160
5161
4112
4113
4114
4116
4117
4118
5163
5166
5168
5169
4119
4122
5171
5172
5173
5174
5175
4133
4136
4138
4143
4144
4145
4146
4148
4149
4150
4151
4154
4160
4161
5184
5185
5186
5187
5189
5190
5192
5199
5200
5201
5203
5204
5259
5260
5263
5266
4185
5275
5273
4192
4193
5403
5404
5407
5408
5409
5410
5411
5412
5415
5416
5417
5418
5422
5423
5468
4217
5500
5506
5523
5538
5555
5568
5569
5570
5571
5572
5574
5575
5576
5580
5581
5591
5593
5596
5597
5598
5599
5600
5601
5602
5603
5604
5606
5607
5608
5612
5613
5629
5630
5631
5632
5634
5637
5662
5664
5666
5669
5670
9086
5687
5694
5066
5765
5766
5769
5770
5778
5779
5780
5781
5784
5785
5813
5816
5817
5820
5821
5822
5823
5847
5848
5849
5850
5851
5854
5855
5862
5864
5865
5866
5869
5870
5874
5875
5878
5879
5880
5881
5882
5883
5886
5887
5892
5893
5924
5925
5927
5928
5931
5932
5936
5937
5940
5941
5988
5989
5990
5991
5994
5995
6011
6013
6014
6015
6018
6019
6027
6028
6029
6030
6032
6033
6034
6043
6050
6051
6057
6058
6059
6060
6061
6062
6064
6065
6073
6075
6088
6089
6092
6093
6102
6103
6177
6178
6179
6180
6181
6184
6185
6631
6632
6638
6639
6640
6641
6643
6644
6645
6646
6647
6648
6649
6650
6651
6652
6653
6654
6655
6656
6668
6671
6672
6735
6736
6739
6740
6742
6744
6745
6746
6747
6748
6749
6750
6751
6752
6753
6754
6755
6756
6757
6759
6760
6761
6762
6763
6764
6765
6767
6768
6771
6772
6776
6777
6779
6780
6781
6782
6783
6784
6785
6791
6792
6793
6794
6797
6798
6799
6813
6814
6816
6817
6820
6823
6824
6825
6826
6829
6830
6831
6845
6846
6854
6856
6857
6859
6861
6865
6870
6886
6888
6889
6891
6893
6897
6902
9575
9578
9579
9584
9586
9587
9589
9609
9610
7824
7827
7828
7832
7836
7856
7859
7860
7864
7868
7872
7873
7874
7876
7877
7878
7879
7880
7881
7891
7892
7893
7894
7895
7896
7904
7905
7906
7908
7909
7910
7911
7912
7913
7914
7915
7923
7924
7925
7926
7927
7928
7940
7941
7942
7944
8043
8044
8062
8065
8066
8067
8068
8069
8070
8082
8084
8085
8086
8088
8089
8097
8098
8099
8100
8101
8102
8114
8116
8117
8118
8120
8121
8138
8140
8142
8143
8146
8147
8152
8153
8156
8157
8184
8185
8188
8189
8287
6778
8344
8353
8376
6858
6860
6862
8513
8527
8545
6890
6892
6894
781
785
786
790
792
793
794
795
796
813
817
818
863
864
867
868
896
897
905
908
937
940
942
946
950
953
954
9381
9382
9398
9399
9400
9401
9402
9403
9414
9624
9627
9656
9659
9664
9667
9696
9699
787
819
9015
1803
1804
1805
1806
10000
10003
1835
1836
1837
1838
10032
10035
1864
10242
10246
10247
10248
10250
10252
10254
10255
10256
10268
10273
10274
10277
10278
10279
10280
10281
10282
10283
10284
10286
10287
10288
10289
10290
10291
10293
10295
10296
10297
10300
10307
10308
10309
2250
2268
2269
2282
2300
2301
2304
2305
2306
2307
2308
2310
2313
2319
2322
2326
2330
2336
2337
2338
2339
2340
2342
2414
2456
2475
2488
2492
2495
2496
2497
2498
2499
2500
2501
2502
2503
2504
2508
2514
2517
2521
2522
2524
2526
2527
2528
2529
2530
2531
2532
2533
2534
2535
2536
2540
2546
2549
2553
2554
2556
2558
2559
2560
2564
2591
2592
2596
2618
2619
2620
2621
2623
2624
2625
2626
2627
2628
2629
2631
2633
2635
2636
2637
2638
2639
2640
2647
2648
2649
2650
2652
2653
2651
2654
2655
2656
2657
2658
2659
2660
2661
2663
2665
2667
2679
2680
2681
2682
2683
2684
2685
2687
2690
2691
2692
2686
2693
2694
2696
2697
2698
2699
2700
2701
2704
2705
2706
2707
2708
2710
2711
2712
2713
2714
2715
2716
2717
2718
2719
2722
2723
2724
2725
2726
2728
2729
2730
2731
2732
2733
2736
2737
2738
2739
2740
2742
2743
2744
2745
2746
2747
2748
2749
2750
2751
2753
2754
2755
2756
2758
2759
2760
2763
2772
2771
2790
2791
2792
2795
2804
2803
2825
2831
2833
2834
2835
2836
2837
2838
2840
2843
2846
2847
2848
2849
2850
2851
2854
2857
2863
2865
2866
2867
2868
2869
2870
10339
10340
10341
2969
2970
2971
2972
2973
2975
10381
10384
10387
3134
3136
3137
3138
3139
3140
3143
3144
3145
3147
3148
3149
3150
3152
3153
3154
3155
3156
3157
3158
3159
3160
3161
3162
3163
3164
3165
3166
3167
3168
3169
3170
3171
3172
3175
3176
3177
3179
3180
3181
3182
3184
3185
3186
3187
3188
3189
3190
3191
3192
3193
3194
3195
3196
3197
3198
3199
10413
3320
3321
3322
3323
3324
3860
3861
2505
3892
3893
3896
3897
4190
4222
5080
5082
5083
5087
5088
5089
5090
5091
5092
5093
5094
5095
5096
5097
5098
5099
5100
5101
5102
5103
5104
5105
5106
5110
5111
5112
5115
9362
9363
9366
9367
9368
9369
9370
9371
9372
9373
9374
9375
9376
9377
6495
6866
6869
6872
6874
6875
6879
6898
6901
6904
6906
6907
6911
6912
6914
6915
6918
6919
6944
6946
7213
7214
7219
7939
8132
50
53
57
87
88
89
90
91
92
93
94
95
96
97
98
99
100
101
102
103
105
110
114
5079
119
120
121
122
123
124
125
126
127
130
131
133
134
137
138
139
140
141
142
143
144
145
146
147
148
153
782
814
9365
943
1172
1377
1381
1383
1384
1385
1386
1891
1895
1897
1898
1899
1900
3339
3371
3484
3516
3520
3521
3522
3523
3524
3525
3526
3529
3531
3532
3533
3534
3535
3536
3539
3541
3542
3543
3545
3546
3547
3548
3549
3550
3551
3552
3553
3554
3555
3556
3557
3558
3564
3565
3568
3577
3580
3581
3582
3583
3585
3587
3588
3589
3590
3591
3592
3599
3600
3601
3602
3605
3606
3607
3608
3609
3610
3612
3611
3614
3615
3617
3619
3632
3634
3633
3631
3637
3639
3640
3638
3641
3642
3644
3643
3646
3647
3650
3651
3652
3653
3654
3656
3657
3658
3659
3660
3661
3662
3664
3665
3666
3668
3670
3667
3673
3679
3676
3682
3683
3684
3685
3686
3688
3689
3690
3691
3692
3693
3694
3696
3697
3698
3699
3700
3702
3705
3708
3711
3713
3716
3717
3718
3721
3720
3722
3725
3726
3780
3781
3784
3785
3794
3795
3796
3797
3798
3799
3800
3801
3802
3806
3807
3816
3817
3818
3819
3822
3823
3824
3826
3827
3828
3829
3830
3831
3832
3833
3834
3838
3839
3840
3850
3851
3852
3853
3857
3882
3883
3884
3885
3889
4134
4137
4191
4223
4807
4808
4810
4811
4814
4826
4830
4839
4840
4842
4846
4843
4858
4862
4864
4868
4869
4867
4870
4879
4881
4882
4883
4886
4889
4887
4890
4896
4895
4892
4900
4901
4902
4899
4911
4913
4914
4915
4918
4919
5065
5120
5121
5127
5133
5135
5147
5146
5148
5149
5150
5151
5152
5153
5159
5165
5167
5178
5179
5180
5181
5182
5183
5188
3530
5258
5264
5262
5267
5268
5271
5278
5280
5281
5282
5285
5283
5284
5288
5286
5716
5718
5721
5725
5726
5727
5748
5749
5750
5753
5758
5757
5761
5763
5760
5759
5764
5768
5782
5786
5787
5788
5789
5790
5791
5792
5793
5795
5796
5797
5798
5800
5801
5802
5803
5804
5806
5805
5807
5808
3863
5810
5811
5812
5814
5818
5819
5830
5831
5832
5833
5834
5837
5838
5841
5842
5843
5844
5845
5846
5863
3895
5873
5876
5877
5890
5894
5895
5896
5899
5897
5900
5901
5903
5904
5905
5907
5908
5909
5911
5913
5914
5916
5918
5919
5922
5926
5929
5933
5935
5939
5943
5945
5946
5948
5953
5951
5952
5950
5954
5955
5956
4290
5957
5958
5959
5960
5962
5963
5964
5965
5966
5967
5968
5979
5981
5982
5983
5984
5985
5986
5987
5992
6016
6017
6031
6042
6044
6045
6047
6048
6049
6052
6054
6055
6056
6063
6066
6074
6076
6077
6079
6083
6086
6090
6101
6104
6105
6107
6110
6115
6118
6120
6121
6122
6124
6125
6126
6127
6129
6132
6133
6134
6135
6136
6137
6139
6142
6144
6145
6147
6148
6149
6150
6151
6152
6153
6154
6155
6156
6157
6158
6159
6160
6161
6176
6182
6183
6187
6188
6189
6190
6191
6192
6193
6195
6196
6197
6198
6199
6201
6203
6207
6208
6210
6212
6213
6219
6220
6221
6222
6223
6224
6225
6226
6227
6228
6229
6230
6231
6232
6233
6234
6235
6236
6237
6238
6239
6240
6242
6244
6245
6251
6252
6253
6254
6255
6256
6257
6258
6259
6260
6261
6262
6263
6264
6265
6266
6267
6268
6269
6270
6271
6272
6273
6274
6275
6276
6277
6278
6279
6280
6281
6282
6283
6284
6285
6286
6287
6289
6291
6292
6293
6294
6295
6296
6297
6299
6301
6302
6304
6305
6306
6307
6309
6308
6310
6311
6312
6313
6314
6315
6316
6317
6318
6319
6321
6323
6324
6325
6326
6327
6328
6329
6331
6333
6334
6336
6340
6343
6346
6347
6348
6349
6352
6350
6354
6355
6356
6357
6359
6358
6361
6362
6363
6365
6364
6367
6368
6372
6375
6378
6379
6381
6380
6382
6384
6386
5717
6388
6387
6390
6389
6391
6393
6394
6395
6396
6397
6399
6400
6401
6403
6404
6405
6406
6407
6408
6409
6410
6411
6412
6413
6414
6417
6418
6431
6428
6432
6433
6435
6436
6437
6438
6439
6440
6441
6442
6443
6444
6445
6446
6447
6449
6450
6460
6463
6477
6481
6483
6484
6485
6486
6788
6800
6801
6832
6833
6864
6896
6920
6922
6926
7825
7826
7829
7830
7833
7834
7838
7839
7842
7843
7847
7848
7851
7852
7857
7858
7861
7862
7865
7866
7870
7871
7875
7887
7888
7889
7890
7897
7898
7899
7900
7907
7917
7918
7919
7920
7916
7921
7922
7929
7930
7931
7932
7943
7946
7945
7953
7954
7955
7956
7957
7958
7959
7960
7961
7962
7964
7965
8000
8001
8002
8003
8004
8005
8007
8008
8009
8010
8006
8011
8012
8013
8014
8015
8016
8017
8018
8019
8020
8022
8023
8024
8025
8026
8027
8042
8045
8046
8047
8048
8049
8050
8051
8052
8054
8055
8056
8057
8058
8059
8063
8064
8071
8072
8073
8074
8081
8083
8087
8090
8091
8092
8093
8094
8096
8103
8104
8105
6300
8106
8113
8115
8119
8122
8123
8124
8125
8126
8130
8131
8136
8139
8141
8145
8148
8144
8155
8158
6332
8159
8162
8163
8164
8168
8170
8171
8172
8173
8174
8175
8176
8177
8178
8179
8180
8187
8190
8191
8193
8196
8197
8200
8201
8199
8202
8204
8205
8206
8207
8214
8215
8216
8217
8218
8219
8222
8223
8225
8228
8229
8231
8232
8267
8268
8269
8270
8271
8272
8274
8275
8277
8279
6415
8278
8276
8280
8281
8282
8283
8284
8299
8300
8301
8302
8303
8304
8309
8310
8313
8315
8386
8387
8389
8391
8392
8394
8393
8395
8397
8399
8400
8402
8403
8404
8405
8406
8407
8408
8410
8413
8418
8419
8421
8423
8424
8425
8426
8431
8434
8445
8448
8451
8514
8515
8517
8530
8531
8535
8536
8546
8547
8549
8562
8563
8567
8568
8585
8586
8587
8588
8589
8590
8591
8592
8593
8594
8595
8596
8613
8615
8619
8623
8625
8624
8626
8627
8628
8642
8654
8656
8659
8662
8663
8664
8665
8666
8668
8667
8669
8670
8674
8671
8691
8695
8694
8697
8696
8698
8699
8700
8701
8702
8703
8704
8705
8708
8709
8743
8744
8748
8753
8755
8751
8754
8757
8756
8752
8759
8763
8766
8764
8771
8768
8772
8773
8774
8775
8776
8777
8781
8782
8784
8794
8786
8793
8795
8796
8797
8803
8800
8804
8805
8808
8806
8814
8807
8809
8813
8816
8818
8825
8829
8828
8832
8833
8843
8849
8850
8856
8860
8861
8863
8866
8864
8865
8862
8867
8868
8869
8870
8871
8872
8873
8875
8876
8877
8878
8879
8882
8883
8884
8885
8886
8881
8889
8890
8891
8892
8888
8893
8895
8896
8897
8899
8900
8894
8901
8904
8905
8906
8908
8907
8909
8910
8911
8913
8917
8912
8915
8916
8914
8919
8920
8921
8924
8933
8938
8940
8943
8942
8936
8939
8946
8944
8947
8949
8948
8951
8952
8953
8956
9002
9003
9006
9007
9055
9087
9088
9091
9092
9148
9149
9150
9151
9154
9155
9157
9158
9159
9160
9161
9163
9167
9186
9187
9189
9190
9191
9193
9192
9195
9199
9211
9218
9219
9224
9223
9221
9235
9228
9227
9239
9238
9241
9250
8388
9251
9253
9255
9256
9259
9260
9267
9270
9271
9273
9279
9278
8420
9291
9292
9301
9305
9306
9307
9308
9309
9323
9324
9327
9328
9329
9333
9337
9338
9339
9340
9341
9344
9345
9349
9351
9350
9361
9413
8603
8604
8605
8606
9445
8635
8636
8637
8638
9489
9490
9494
9492
9493
9491
9497
9498
9499
9503
9502
9521
9522
9523
9524
9525
9526
9531
9529
9530
9534
9535
9536
9537
9538
9539
9540
9541
9542
9545
9544
9551
9548
9550
9549
9553
9556
9558
9559
9562
9563
9564
9565
9566
9567
9568
9570
9571
9569
9572
9573
9574
9576
9577
9580
9581
9582
9583
9590
9591
9588
9585
9594
9595
9596
9597
9598
9599
8859
9742
9745
9746
9774
9777
9778
9792
9793
9794
9795
9797
9798
9804
9806
9807
9808
9811
9817
9818
9820
9821
9822
9824
9827
9826
9825
9829
9830
9836
9838
9839
9840
9843
9849
9850
9852
9853
9854
9857
9866
9867
9868
9869
9870
9871
9889
9898
9899
9900
9901
9902
9903
9930
9962
10001
10004
10008
10033
10036
10040
10048
10050
10052
10053
10063
10064
10066
10074
10075
10076
10077
10078
10080
10081
10079
10082
10084
10085
10096
10095
10098
10106
10107
10108
10109
10110
10111
10113
10114
10116
10115
10117
10118
10121
10122
10123
10124
10126
10127
10129
10130
10132
10133
10134
10135
10136
10137
10138
10140
10141
10144
10139
10143
10145
10146
10147
10148
10149
10150
10153
10154
10155
10156
10158
10159
10161
10162
10164
10165
10166
10167
10168
10169
10172
10170
10171
10173
10175
10176
10178
10179
10180
10181
10184
10185
10186
10187
10190
10192
10193
10195
10196
10197
10198
10199
10201
10204
10205
10206
10207
10208
10210
10211
10212
10213
10219
10224
10228
10231
10233
10236
10238
10240
10243
10244
10253
10272
10275
10276
10285
10112
10266
10267
10269
10270
10271
10298
10299
10301
10302
10303
10332
10334
10335
10366
10367
10368
10370
10371
10372
10373
10312
10313
10314
10315
10316
10317
10318
10322
10323
10326
10327
10328
10329
10330
10331
10344
10345
10346
10347
10348
10349
10350
10354
10355
10358
10359
10360
10361
10362
10363
10364
10375
10400
10402
10403
10404
10407
3357
3389
3398
3400
3419
3423
3430
3432
3451
3455
3537
3538
3544
3576
3886
3887
3888
3904
3906
3907
3908
3912
3944
3945
3948
3949
3962
3967
3969
4055
4056
4057
4058
4061
4062
4063
4064
4067
4070
4073
4074
4087
4088
4089
4090
4093
4094
4095
4109
4110
4225
4226
10260
8352
10405
4101
4104
4106
5530
5562
5783
5815
5888
5132
5138
5164
5170
5191
1196
1200
1201
1202
1203
1206
1207
1208
1209
1210
1235
1236
1240
1241
1267
1268
1271
1272
1273
1276
1290
1291
1292
1293
1296
1297
1298
1299
1300
1302
1303
1304
1305
1312
1313
1314
1317
1318
1319
1322
1323
1324
1325
1328
1329
1330
1331
1332
1334
1335
1336
1337
1361
1362
1363
1364
1365
1372
1373
1774
1775
1778
1779
1793
1794
1795
1796
1797
1798
1799
1800
1801
1802
1822
1823
1825
1826
1827
1828
1829
1830
1831
1832
1833
1834
1865
1866
1867
1868
1873
1905
2177
2179
2181
2209
2211
2213
2215
2218
2219
2249
2281
9034
9038
9066
9070
5108
5109
1234
1244
1247
1266
8526
5107
6877
6909
8095
8127
5130
5162
5272
5467
5499
5505
5590
5686
6416
6664
6665
6666
6667
6669
6670
6674
6675
6676
6678
6681
6683
6684
6685
6686
6687
6688
6689
6690
6691
6692
6693
6694
6695
6696
6697
6698
6699
6700
6701
6702
6703
6704
6706
6707
6708
6710
6713
6714
6715
6716
6717
6718
6719
6720
6721
6722
6723
6724
6725
6727
6728
6729
6730
6731
6732
6733
9628
9660
9668
9700
6657
6658
6659
6660
6661
6662
6663
5177
5194
5198
5202
5205
5206
5207
5210
5216
5217
5218
5219
5221
5222
5223
5224
5226
5230
5231
5232
5233
5234
5235
5236
5237
5238
5239
5242
5257
5824
5825
5828
5829
5993
5996
5997
5998
5999
6002
6003
6004
6005
6008
6020
6025
6026
5144
5145
5176
6146
4120
4152
8649
8681
1807
1808
1811
1812
1813
1814
1818
1819
4227
4228
9081
5583
5615
5616
5619
5622
5628
9083
5537
5582
5614
5623
8288
8289
8291
8292
8294
8295
8296
8297
8298
8322
8323
8324
8325
8326
8327
8338
8339
8340
8341
8342
8343
8346
8354
8355
8356
8357
8358
8359
8370
8371
8372
8373
8374
8375
8378
8384
8385
8416
8417
8422
8428
8430
8433
8441
8447
8460
8462
8463
8465
8467
8468
8472
8499
8500
8504
8520
8524
8525
8529
8533
8538
8552
8565
8570
8578
8607
8610
8612
8639
8640
8641
8643
8644
8650
10438
10439
8682
10440
10441
8747
10442
8762
8767
8778
8789
10444
8810
8821
8842
8848
8855
8922
8923
8925
8926
8927
8930
8934
8935
8950
8954
8955
800
801
802
803
804
805
806
807
808
809
9005
9014
9016
9017
9019
9020
9022
9023
9024
9025
9026
9027
9028
9029
9030
9031
9032
9042
9043
9044
9045
9046
9047
860
861
862
865
866
9056
9057
9058
9059
9060
9061
9062
9063
9064
9074
9075
9076
9077
898
899
900
901
902
903
904
9099
936
9138
9140
9141
9142
9145
9146
9164
9166
9174
9196
9198
9206
9210
9216
9217
9225
9226
9240
9248
9249
9257
9258
9261
9262
9263
9264
9265
9266
1173
1179
1180
1181
1182
1183
1184
1185
1186
1187
1188
1189
1190
1191
1192
1193
1194
9378
9379
9380
9385
9386
9396
9415
9416
9417
9418
9420
9422
9423
9424
9425
9426
9427
9434
9435
9437
9447
9448
9449
9450
9452
9454
9455
9456
9457
9458
9459
9460
9461
9462
9463
9464
9465
9466
9467
9469
9472
9474
9475
9476
9479
9481
9495
9496
9500
9501
9504
9506
9507
9508
9511
9513
9527
9528
9532
9533
9560
9561
1378
1380
1387
1388
1389
1390
1391
1392
1409
1419
1420
1421
1422
1423
1424
1428
9615
9616
9617
9618
9619
9621
9622
9623
9625
9626
9629
9630
9631
9632
9633
9634
9635
9636
9637
9638
9639
9640
9643
9644
9651
9653
9654
9655
9657
9658
9661
9662
9663
9665
9670
9672
9678
9679
9682
9683
9685
9687
9690
9691
9692
9695
9697
9702
9704
9710
9711
9714
9715
9717
9719
9722
9723
9724
9727
9728
9732
9733
9734
9739
9743
9747
9748
9750
9751
9752
9753
9754
9755
9756
9757
9758
9759
9760
9764
9765
9766
9769
9770
9771
9775
9779
9780
9782
9783
9784
9785
9786
9787
9788
9789
9790
9791
9796
9799
9802
9810
9813
9814
9816
9819
9823
9828
9831
9834
9842
9845
9846
9848
9851
9855
9859
9891
9920
9931
9932
9933
9934
9935
9949
9950
9951
9952
1772
9963
9964
9965
9966
9967
9987
9989
9990
9991
9992
9993
9994
9995
9996
9997
9998
9999
10002
10005
10006
10007
10010
10011
10012
10013
10014
10015
10016
10017
10018
10019
10021
10022
10023
10024
10025
10026
10027
10028
10029
10030
10031
10034
10037
10038
10039
10042
10043
10044
10045
10046
10047
10051
10054
10055
10056
10057
10058
10059
10060
10061
10062
1892
1894
1901
1902
1903
1904
1923
1936
1937
1941
1943
1955
1968
1969
1973
1975
1984
1985
1986
1987
1988
1989
1990
1992
1994
1995
1996
10436
10215
10220
10221
10223
10226
10262
10292
10294
10304
10305
10306
10310
10311
2120
2145
2146
10333
10336
2180
10369
10374
2206
2212
2216
2238
2251
2252
2253
2254
2255
2256
2257
2258
2259
2260
2261
2262
2263
2270
2271
2283
2284
2285
2286
2287
2288
2289
2290
2291
2292
2294
2295
2302
2303
2309
2311
2312
2314
2315
2316
2317
2318
2320
2321
2323
2324
2327
2328
10437
2538
2539
2541
2542
2543
2544
2545
2547
2548
2550
2551
2552
2555
2557
2561
2562
2563
2565
2566
2567
2568
2569
2570
2571
2574
2575
2617
10319
10320
10321
10324
10325
10337
10338
10342
10443
10343
10351
10352
10353
10356
10357
10365
10376
10377
10378
10379
10380
10382
10383
10385
10386
10388
10389
10390
10391
10392
10445
10393
10394
10395
10396
10397
10398
10399
10401
3328
3329
3331
3332
3333
3334
3335
3337
3338
3354
3358
3360
3361
3363
3364
3365
3366
3367
3369
3370
3386
3390
3460
3465
3470
3471
3473
3474
3480
3492
3497
3502
3503
3505
3506
3512
3572
3858
3873
3874
3875
3876
3877
3878
3879
3880
3881
3890
3955
3968
4115
4121
4123
4124
4125
4128
4131
4132
4135
4139
4140
4147
4153
4155
4156
4157
4274
4275
4279
4280
4281
4282
4283
4284
4285
4287
4288
4291
4293
9001
9004
9048
9050
9089
9090
9130
9131
9133
9136
9137
9364
6633
6634
6635
6636
6637
6642
6734
6737
6738
6741
6743
6758
6766
6769
6770
6775
6795
6796
6802
6803
6804
6805
6806
6807
6808
6809
6810
6811
6812
6815
6818
6819
6821
6822
6827
6828
6834
6835
6836
6837
6838
6839
6840
6841
6842
6843
6844
6847
6848
6849
6850
6851
6852
6853
6855
6863
6867
6868
6871
6873
6876
6878
6880
6881
6882
6883
6884
6885
6887
6895
6899
6900
6903
6905
6908
6910
6913
6916
6917
6941
6942
6943
6945
7210
7211
7212
7215
7216
7217
7218
9592
9593
9600
9601
9602
9603
9604
9605
9606
9607
9608
9611
9612
10065
10067
10068
10069
10070
10071
10072
7831
7835
7837
7840
7841
7844
7845
7846
7849
7850
7855
7863
7867
7869
7901
7902
7903
7933
7934
7935
7936
7937
7938
8053
8060
8061
8075
8076
8077
8078
8079
8080
8107
8108
8109
8110
8111
8112
8128
8129
8133
8134
8135
8137
8149
8150
8151
8154
8160
8161
8182
8183
8186
3540
3569
3719
3777
3779
6109
6205
1810
1815
1816
1817
1820
1821
1840
1842
1843
1844
1845
1846
1847
1848
8475
8477
8478
8479
8490
8491
8493
8496
8498
1279
1284
1285
1286
1287
1289
1294
1295
1301
1307
1308
1309
1310
1311
1316
1321
1326
1327
1333
1339
1340
1341
1342
1343
1360
6429
6461
8390
822
824
825
826
827
828
830
831
837
869
5529
5561
8481
8482
8489
8492
8495
8497
1198
1204
1217
1218
1221
1212
1222
1223
1225
1227
1224
1226
1230
1232
1233
1237
8476
1238
1231
1249
1250
1254
1255
1256
1259
8481
8482
8489
8492
1257
1258
1253
8495
8497
1262
1263
1264
1265
1269
1270
1280
1281
1282
1283
10406
10408
10409
10410
10411
10412
3865
1315
4071
4072
4097
4098
5220
823
829
6448
1839
4310
4312
4313
4316
4317
4318
4319
4321
4324
4325
4326
4327
4328
4331
4341
4342
4344
4345
4348
4349
4350
4351
4355
4387
4394
4457
4506
4509
4510
4519
4520
4533
4535
4536
4538
4541
4542
4545
4549
4560
4565
4566
8476
3864
4309
650
651
657
658
682
683
689
690
710
716
723
1197
1211
1213
1215
1219
1220
1239
2150
2152
10414
10418
10420
10421
10422
10423
10424
10425
10428
10429
3902
3866
3898
3869
3901
3903
3910
3911
3913
3919
3916
3924
3925
3926
3932
3931
3933
3928
3927
3929
3917
3920
3922
3923
3921
3934
3935
3930
3936
3939
3942
3943
3940
3938
3954
4102
4105
4568
4569
4570
4574
4571
4575
4576
4580
4579
4581
4583
4582
4585
4584
4589
4588
4591
4592
4593
4596
4595
4600
4602
4601
4603
4607
4606
4610
4636
4637
4642
5062
5063
5064
6001
6006
6009
6010
6012
10430
10431
6421
6419
6434
6430
6453
6451
6462
6493
6494
6682
1229
10416
10419
5061
8880
832
835
836
838
870
895
9343
3947
3953
4662
4663
4664
4661
4665
4666
4668
4667
4669
4670
4671
4672
4673
4674
4678
4677
4686
4693
4696
4694
4700
4701
4699
4702
4704
4705
4706
4714
4715
4718
4725
4726
4728
4731
4732
4733
4734
4737
5290
5292
5291
5294
5295
5296
5298
5299
5300
5303
5304
5307
5310
5313
5316
5312
5325
5332
5331
5335
5338
5341
5342
5508
5507
5510
5509
5512
5520
5518
5524
5528
5527
5541
5539
5540
5542
5544
5552
5556
5550
5560
5559
6496
6497
6514
6515
6531
6535
6545
6546
1243
1228
1344
1347
1246
1245
1260
1261
1275
1350
1277
1278
1306
1338
1345
1351
1353
1349
1352
1354
1355
1356
1357
1358
1780
1784
1781
1785
1786
1787
1791
1824
1792
2329
2413
2426
2432
2433
2434
2431
2427
2435
2428
2437
2436
2440
2438
2439
2442
2443
2441
2444
2446
2447
2448
2449
2450
2451
2453
2454
2457
2465
2458
2459
2460
2462
2461
2463
2464
2466
2467
2469
2470
2473
2471
2476
2474
2472
2479
2478
2481
2480
2483
2485
2482
2486
2489
2490
2493
2491
2494
2634
2666
2668
2520
2622
2630
2662
2671
2669
2670
2672
2688
2689
2703
2709
2720
2702
2721
2734
2735
2741
2761
2762
2764
2765
2766
2767
2769
2768
2770
2783
2773
2774
2775
2776
2777
2778
2779
2780
2781
2782
2784
2787
2794
2793
2797
2798
2799
2801
2796
2800
2805
2802
2806
2815
2822
2807
2808
2809
2832
2821
2810
2811
2816
2812
2814
2813
2817
2818
2819
2820
2826
2827
2824
2823
2839
2853
2864
2852
2855
2856
2859
2858
3135
3141
3151
3173
3201
3200
3183
3203
3204
3207
3206
3205
3208
3209
3210
3211
3212
3213
3216
3215
3219
3218
3220
3214
3223
3222
3225
3224
3231
3227
3228
3229
3232
3230
3236
3237
3238
3239
3240
3241
3242
3243
3247
3244
3245
3248
3250
3246
3252
3254
3251
3255
3256
3257
3259
3262
3263
3264
3260
3266
3261
3288
3289
3293
3294
3295
3290
3291
3292
3296
3298
3319
4245
4240
4241
4244
4231
4233
4232
4234
4236
4237
4242
4243
4246
4247
4248
4251
4257
4258
4256
4259
4260
4249
4252
4250
4255
4253
4263
4264
4265
4266
4268
4269
4278
9310
9311
5398
5399
5400
5401
5402
9342
5625
5305
152
8683
8684
8686
8717
8718
8726
8727
8728
8729
8733
8734
2468
4254
9010
8898
6420
6424
6452
6456
6464
6467
6470
6472
6475
6476
1195
8918
8959
8960
8980
8961
8990
8992
8993
8994
9000
8964
8965
8968
8969
8970
8971
8972
8974
8975
8976
8979
8962
8989
8653
9078
9079
9082
8443
6921
6923
6924
6925
6928
6929
6930
6931
6932
6933
6935
6936
6937
6938
6939
6947
6950
6951
6952
6953
6955
6956
6957
6958
6960
6961
6962
6963
6964
6965
6967
6968
6969
6970
6971
6998
7030
7037
7042
7043
7044
7045
7048
7050
7051
7052
7053
7055
7056
7057
7058
7059
7061
7062
7063
7064
7065
7066
7067
7070
7074
7075
7076
7077
7080
7082
7083
7087
7088
7089
7090
7091
7093
7094
7095
7096
7097
7098
7099
7102
7105
7106
7108
7109
7113
7114
7115
7116
7117
7118
7119
7120
7121
7122
7123
7124
7125
7126
7130
7131
7132
7133
7134
7135
7137
7138
7140
7141
7145
7146
7147
7148
7149
7150
7151
7152
7153
7154
7155
7156
7157
7158
7162
7163
7164
7166
7167
7165
7169
7173
7168
7170
7171
7172
7175
7177
7174
7176
7178
7179
7181
7180
7182
7183
7184
7185
7186
7187
7188
7220
7221
7222
7229
7233
7236
7237
7238
7239
7240
7241
7242
7243
7244
7245
7246
7255
7257
7258
7259
7260
7265
7268
7269
7270
7271
7272
7273
7274
7275
7277
7278
7279
7276
7280
7287
7289
7290
7291
7292
7298
7299
7300
7305
7308
7311
7312
7315
7316
7318
7319
7321
7320
7322
7323
7324
7325
7326
7327
7330
7331
7332
7337
7340
7343
7344
7346
7347
7348
7350
7351
7352
7353
7354
7355
7356
7357
7358
7359
7365
7366
7367
7368
7369
7370
7372
7373
7371
7374
7375
7376
7377
7378
7379
7380
7381
7382
7383
7384
7385
7386
7387
7388
7389
7390
7397
7398
7399
7400
7401
7402
7403
7404
7405
7406
7407
7408
7409
7410
7411
7412
7413
7414
7496
7495
7494
7497
7498
7499
7500
7502
7503
7504
7505
7506
7507
7508
7509
7510
7511
7512
7513
7514
7515
7516
7517
7518
7519
7520
7523
7526
7527
7528
7529
7530
7531
7532
7534
7537
7536
7535
7538
7539
7540
7541
7542
7544
7543
7545
7546
7547
7548
7549
7550
7551
7552
7554
7555
7556
7557
7558
7559
7575
7578
7586
7587
7588
7589
7590
7591
7592
7593
7594
7595
7597
7598
7602
7606
7607
7610
7619
7620
7625
7626
7627
7629
7631
7632
7633
7634
7635
7636
7638
7639
7640
7651
7652
7657
7658
7659
7661
7682
7683
7684
7685
7686
7687
7688
7689
7690
7691
7692
7693
7695
7698
7696
7697
7700
7701
7703
7704
7719
7720
7721
7722
7724
7723
7725
7727
7728
7729
7730
7732
7733
7735
7736
7742
7743
7744
7745
7748
7749
7750
7755
7757
7758
7760
7761
7762
6954
7774
7776
7777
7780
7782
7787
7789
7790
7792
7793
7819
7820
6979
6988
6991
7002
7005
7011
7020
7023
7034
7107
7110
7111
7112
7127
7128
7129
7139
7142
7143
7144
7159
7160
7161
5466
5470
5473
5474
5476
5477
5478
5479
5481
5482
5487
5488
5490
5491
5492
5494
5495
5496
5497
5498
5502
7296
7304
7317
7328
7336
7349
7746
7747
7763
7764
7765
7766
7778
7779
7781
6351
6383
5193
5195
5196
5208
5211
5212
5214
5215
5225
5227
5228
5243
5244
5246
5247
5248
5249
5250
5251
5252
5253
5254
5256
6035
6985
6986
6990
6992
6993
6994
6995
6996
7012
7013
7014
7015
7017
7018
7022
7024
7025
7026
7027
7028
7040
7060
7069
7071
7072
7092
7101
7103
7189
7190
7191
7223
7314
7391
7415
7416
7417
7418
7419
7420
7421
7422
7423
7426
7427
7428
7429
7430
7431
7438
7439
7440
7441
7442
7443
7445
7447
7449
7450
7454
7455
7458
7459
7599
7601
7603
7604
7699
7702
7709
7710
7711
7714
7716
7731
7734
7741
7751
7752
7753
7754
7756
7759
7768
7769
7770
7771
7772
7773
7775
7783
7784
7785
7786
7788
7791
7794
7800
7801
7802
7803
7804
7805
7806
7807
7808
7809
7810
7811
7813
7814
7815
7816
9430
3202
3267
3268
3269
3270
3271
3272
3273
3274
3275
3277
3279
3280
3281
3282
3283
3284
3297
3299
3300
3301
3302
3303
3304
3305
3306
3307
3309
3311
3312
3313
3314
3315
3316
3318
6041
6980
6981
6982
6983
7596
7795
7796
7797
7798
4302
4303
4304
4305
4306
4314
4315
4320
4323
4329
4332
4333
4334
4335
4336
4337
4338
4339
4340
4343
4346
4347
4352
4353
4354
4356
4357
4374
4375
4376
4377
4378
4379
4380
4381
4383
4384
4385
4386
4388
4389
4390
4392
4406
4407
4408
4409
4410
4411
4412
4413
4415
4564
5504
5511
5513
5514
5515
5516
5517
5519
5521
5525
5526
5531
5532
5533
5535
5534
5536
5543
5545
5546
5547
5548
5549
5551
5553
5557
5558
5563
5564
5565
5566
5567
5589
4077
4079
4080
4081
4083
4084
4085
4307
4308
4311
4322
7446
2695
2727
2757
754
755
756
757
759
760
765
767
772
773
6468
661
3276
3308
4567
4572
4573
4598
4599
4597
4604
4605
4608
4611
4612
4614
4615
4616
4618
4619
4623
4624
4630
4633
4640
4643
4644
4646
4647
4648
4650
4651
4655
4656
6402
5197
5261
5265
5269
5270
5274
5276
5277
5279
5287
5397
5405
5406
5413
5414
5419
5420
5421
5469
5471
5472
5475
5480
5483
5484
5485
5486
5489
5493
5501
5503
5522
5554
5573
5577
5578
5579
5588
5592
5594
5595
5605
5609
5610
5611
5633
5635
5636
5663
5665
5667
5668
5688
5689
5690
5691
5692
5693
5695
5696
5697
5698
5699
5700
5701
5702
5703
5704
5705
5706
5707
5708
5709
5710
5711
5712
5713
5714
5715
5719
5720
5722
5723
5724
5728
5737
5738
5739
5740
5741
5742
5743
5744
5745
5747
5751
5752
5754
5755
5756
5762
5767
5826
5827
5852
5853
5867
5868
5871
5872
5884
5885
5889
5891
5930
5934
5938
6046
6053
6078
6080
6081
6082
6084
6085
6087
6091
6106
6108
7444
6094
6095
6097
6100
6112
6113
6114
6117
6119
6123
8688
8730
8736
8737
8740
8741
6186
3613
3645
2452
2484
2511
2513
8396
2506
2507
2509
2510
2512
2515
2518
2578
2579
2582
2583
2584
2585
2586
2587
2588
2589
2590
2594
2595
2598
2599
2607
2609
2610
2611
2612
2613
2614
2615
2616
2828
2829
2830
2860
2861
2862
2907
2908
2910
2918
2913
2914
2911
2912
2916
2915
2917
2919
2920
2923
2924
2925
2922
2926
2928
2929
2930
2931
2932
2933
2934
2935
2936
2937
2938
2939
2940
2942
2943
2944
2946
2947
2948
2949
2951
2952
2950
2954
2953
2955
2956
2957
2958
2959
2960
2961
2962
2963
2964
2965
2966
2967
2968
3265
3570
3586
3603
3604
3618
3620
3635
3636
2580
3217
3221
3249
3253
3317
2581
10131
10128
10120
10142
10152
10160
10163
10174
10177
10182
10188
10191
10194
10200
10203
10209
10214
2597
2600
2601
2602
2603
2604
2605
2608
86
117
118
128
129
132
135
136
4685
4691
4695
4713
4717
4723
4727
5293
5297
5301
5302
8398
8401
8411
8412
8415
155
159
163
165
166
187
191
342
271
274
275
374
377
303
306
307
267
390
394
299
496
497
515
422
516
517
521
426
526
529
525
530
531
533
532
536
386
539
542
547
548
549
553
557
558
561
562
563
564
565
568
571
574
576
579
582
583
586
587
588
418
393
598
604
605
607
608
611
615
614
618
619
620
425
1442
1432
1437
1440
1430
1431
1439
1438
1444
1445
1446
1447
1443
1448
1449
1450
1457
1458
1459
1454
1455
1461
1453
1456
1464
169
1462
1463
1470
1471
1472
1488
1489
1487
1490
1493
1494
1497
1498
1500
1501
1504
1519
1521
1520
1525
1529
1522
1526
1530
1533
1532
1663
1675
1674
1678
1677
1679
1682
1681
1706
1707
1709
1710
1711
1714
1717
1713
1720
1723
1728
1729
1733
1734
1736
1737
1738
1742
1739
1743
1747
1746
1751
1752
1753
1754
1757
1758
1761
1760
1765
1766
1768
1769
1770
1771
2184
2183
2185
2186
2187
2188
2189
2190
2191
3584
3616
171
3649
3648
3663
3669
3671
3677
3672
3680
3674
3681
3950
3952
170
172
194
218
223
226
250
255
277
278
279
280
309
310
311
312
396
398
399
428
430
431
1452
1469
1473
1474
1475
1476
1486
1505
1506
1507
1508
1518
1676
1708
1727
6595
6596
6599
6600
6602
6603
6604
6606
6607
6608
6609
6611
6612
6613
6614
6615
6616
6617
6618
6619
6620
6621
6622
6623
6627
6628
3621
3622
3623
3624
151
3723
3735
3736
3734
3737
3740
3741
3743
3745
3752
3753
3754
3755
3757
3758
3760
3766
3763
3764
3767
3768
3769
3772
3773
3775
3776
3778
5794
5857
5860
5861
5920
6111
6116
6130
6131
6140
6141
6143
6204
6214
6215
6216
6217
6246
6247
6248
6249
6366
6398
6509
6513
6559
6577
6578
6591
6594
8031
8032
8034
8035
8036
8037
8038
8039
8040
8041
8033
8716
8719
8720
8721
8722
8723
8724
8725
8731
8732
10119
10151
10202
6577
6578
4750
4751
4752
4753
4754
4755
4756
4757
4758
4759
4760
4761
4762
4763
4764
4765
4766
4767
4768
4769
4770
4771
4772
4773
4774
4775
4776
4777
4778
4779
4780
4781
4782
4783
4784
4785
4786
149
150
4787
4788
4789
4790
4791
4792
4793
4794
4795
4796
4797
4798
4799
4806
8030
8409
8414
8444
8446
2785
2788
2789
2842
2844
2845
3695
3701
3703
3704
3706
3709
3821
4930
4931
4932
4933
4934
4935
4936
4937
4938
4940
4941
4942
4943
4949
4950
4951
4952
4953
4955
4956
4957
4958
4959
4960
4962
4963
4964
4965
4966
4967
4968
4969
4970
4972
4973
4974
4975
4981
4982
4983
4984
4985
4987
4988
4989
4990
4991
5009
5012
5013
5020
5041
5044
5045
5052
5056
5057
5058
5059
5060
8661
8693
9008
9011
9012
4749
3820
4928
8711
8712
8978
5729
5732
5733
8713
8714
8483
7001
7000
7004
7006
7033
7032
7036
7038
7041
4838
7073
7579
7582
7583
7611
7615
7614
7706
7713
7715
7738
6948
6949
7085
7717
7718
8273
8583
9178
7616
7617
7618
7624
7628
7641
7642
7643
7644
7646
7647
7648
7649
7650
7653
7654
7655
7656
7660
7663
7664
7665
7666
7667
7668
7670
7671
7672
7673
7674
7675
7676
7678
7679
7681
8580
8581
8582
9176
9177
9179
6465
6537
6553
6563
6567
6569
6585
4888
4894
4920
4921
4926
4927
4929
4945
4948
4961
4977
4980
10232
10234
5774
5776
6482
6527
4939
4944
4971
4976
5771
3803
3805
3835
3837
3841
3842
3843
3844
3846
9737
9738
5113
5114
1436
1468
6422
6423
6425
6426
6427
6454
6458
6459
6466
6455
6457
6469
6473
6474
7230
2445
2477
2519
8484
8486
8487
8485
8488
660
727
728
729
730
731
732
733
734
735
740
742
761
762
763
764
766
3909
3941
5638
5641
5642
5646
5651
5653
5657
5660
5661
6163
6170
6172
6173
6174
6206
2331
2341
2345
2346
2348
2349
2351
2353
2354
2358
2360
2361
2363
2369
2370
2371
2372
2373
2374
2375
2376
2377
2378
2379
2380
2382
2397
2399
2400
2401
2402
2403
2404
2405
2406
2407
2408
2409
2410
2411
2412
2976
2977
2978
2979
2980
2981
2982
2983
2984
2985
2987
2988
2989
2990
3006
3007
3008
3009
3010
3011
3012
3013
3014
3015
3016
3017
3018
3019
3020
3021
3022
3023
3024
3025
3026
3027
3028
3029
3030
3033
3034
3036
3037
3038
3039
3040
3041
3042
3043
3044
3045
3046
3047
3048
3049
3050
3051
3052
3053
3054
3056
3058
3059
3060
3061
3062
3065
3057
3066
3067
3068
3069
3070
3071
3072
3074
3075
3077
3078
3079
3080
3081
3082
3083
3084
3085
3086
3087
3088
3090
3091
3093
3094
3095
3097
3098
3102
3103
3104
3106
3107
3109
3110
3111
3112
3113
3114
3115
2395
3117
5655
3116
3035
3055
3118
3119
3120
3122
3123
3125
3126
3127
3129
3130
8657
8480
8685
8689
8706
8707
8738
8739
8742
2344
2357
2368
2974
2986
2991
3003
3004
8655
8658
8660
8672
8673
8675
8676
8692
8715
5730
5731
5734
5735
5736
9231
5746
5424
5425
5426
5427
5428
5429
5430
5431
5432
5433
5434
5435
5436
5437
5438
5439
5440
5447
5456
5459
5209
9304
9336
4675
4676
4679
4680
4681
4682
4683
4684
4687
4688
4689
4690
4692
4697
4698
4703
4707
4708
4709
4710
4711
4712
4716
4719
4720
4721
4722
4724
4729
4730
4735
5306
5308
5309
5311
5314
5315
5318
5320
5323
5324
5327
5328
5329
5330
5333
5334
5336
5337
5339
5340
5343
5344
5345
5346
5347
5348
5350
5352
5355
5356
5357
5359
5360
5361
5362
5363
5364
5365
5366
5367
5368
5369
5370
5371
5372
5373
5374
5375
5376
5378
5379
5380
5383
5384
5385
5386
5377
5390
5391
5396
67
68
69
70
71
73
78
82
8306
8307
8308
9232
1997
1998
2001
2002
2003
2004
2007
2023
2025
2029
2030
2033
4060
4065
4068
4069
5322
4092
6927
6934
6940
8165
8166
8167
8169
8181
5319
5351
5354
0
1
61
64
65
66
1999
2000
2005
2008
2009
2011
2012
2015
2016
2017
2018
2019
2020
2021
2022
2026
2027
2031
2035
2037
2040
2041
2043
2044
2047
2064
2119
4507
4508
4511
4534
4537
4539
4540
4543
4544
4546
4547
4548
4550
4551
4553
4555
4556
4557
4558
4559
4562
4563
2065
2071
2075
2096
2097
2103
2107
4393
2070
154
156
157
158
160
161
162
164
167
168
176
178
180
185
186
188
189
190
193
195
196
197
198
205
207
208
209
211
212
213
217
219
220
221
222
225
227
228
229
230
237
239
240
241
243
244
245
246
247
248
249
251
252
253
254
256
257
258
259
260
261
262
263
264
265
266
268
270
273
276
287
339
340
343
344
348
349
350
351
352
353
354
355
356
357
358
359
360
361
362
363
364
365
366
367
368
369
370
371
372
375
376
378
379
380
381
382
383
384
385
387
389
391
392
395
397
400
401
402
403
404
405
406
407
408
409
410
411
412
414
415
416
417
419
421
423
424
427
429
432
433
434
435
436
437
438
439
440
441
442
443
444
446
447
448
453
454
456
457
458
459
460
461
462
463
464
465
468
469
470
471
472
473
474
476
475
477
478
479
480
485
486
488
489
490
491
492
493
494
495
500
501
502
503
504
505
506
507
508
509
510
511
512
513
514
518
519
520
523
524
527
528
540
543
544
545
546
550
551
552
555
556
559
560
572
575
578
580
581
590
592
593
595
597
599
602
603
610
612
613
622
624
625
647
649
1433
1434
1435
1441
1451
1460
1465
1466
1467
1477
1478
1479
1480
1483
1484
1485
1491
1492
1496
1499
1502
1509
1510
1511
1512
1515
1516
1517
1523
1524
1528
1531
1534
1664
1665
1666
1667
1668
1680
1699
1700
1712
1716
1718
2067
1721
1722
1725
1726
1731
1732
1735
1740
1741
1744
1745
1748
1749
1750
1755
1759
1763
1764
1767
1773
1776
1777
1782
2006
2013
2036
2038
2039
2045
2051
2054
2059
2062
2063
2083
2086
2091
2094
2095
4358
4362
4922
4924
4946
4978
5049
2099
2102
173
177
179
1730
1762
2099
2102
5017
6626
4096
4099
4100
4103
4107
4108
6517
6773
6774
4812
910
914
911
916
918
921
922
923
925
926
927
928
929
930
931
932
933
934
935
4844
6500
6507
6504
6508
6502
6525
4865
4897
909
912
913
915
917
919
920
4865
4897
9272
9276
9277
9280
9281
9284
9285
9288
9289
9290
9293
9294
9302
9303
9312
9313
9316
9317
9320
9321
9322
9325
9326
9330
9331
9332
9334
9335
9359
9360
10073
10086
10089
10092
10099
10102
10105
10183
9352
7524
7521
7525
9355
9356
2921
2927
2945
5213
5245
8957
8958
653
655
652
654
659
656
662
664
665
666
663
670
671
684
677
680
685
686
687
688
691
692
693
694
695
696
697
698
702
703
704
705
706
707
708
712
709
719
721
713
720
718
711
717
715
725
726
736
737
738
739
741
743
744
745
747
748
749
750
751
777
3867
3899
3905
3937
955
956
957
958
959
960
963
970
971
976
977
978
980
981
982
983
984
985
986
988
990
991
992
994
996
997
998
999
1000
1001
995
1002
1003
2050
2053
2058
2061
2066
2068
2076
2079
2078
2082
2085
2090
2093
2110
2111
2112
2113
2114
2115
2116
2117
3972
2118
3973
3974
3975
3976
3977
3979
3980
3981
3982
3983
3984
3985
3986
3987
3988
3989
3990
3991
3992
3998
4000
3993
3994
3995
3996
3997
3999
4001
4004
4002
4003
4006
4007
4008
4009
4011
4012
4013
4014
4015
4016
4017
4018
4019
4020
4022
4021
4023
4024
4025
4026
4027
4028
4029
4030
4031
4032
4033
4034
4035
4050
4053
4054
6303
6335
6337
6339
6341
6342
6344
6345
6353
6360
6369
6371
6373
6374
6376
6377
6385
6392
8887
8903
10125
10157
966
967
964
962
965
968
969
972
973
975
6526
8687
8690
8735
3100
853
855
859
887
885
891
893
288
289
290
291
292
293
295
296
297
298
300
302
305
308
319
320
321
322
323
324
325
326
327
328
329
330
331
332
333
334
335
336
337
413
445
449
450
451
452
455
466
467
481
482
483
484
487
498
499
1783
1789
1790
9346
9347
9348
9389
9393
9395
9394
9392
8192
8194
8195
8198
8203
8208
8209
8210
8211
8212
8213
8220
8221
8224
8230
8226
8227
8233
8234
8235
8242
8243
8244
8245
8246
8247
8248
8249
8250
8251
8252
8253
8254
8255
8256
8257
8259
8260
8266
8236
8237
8238
8239
8240
8241
6959
6966
6972
6973
6974
6975
7084
7192
7193
7194
7195
7196
7197
7198
7199
7200
7201
7202
7203
7204
7205
7206
7207
7209
7227
7208
7224
7225
7226
7228
7231
7493
7966
7967
7968
7969
7970
7971
7972
7974
7975
7976
7977
7978
7979
7980
7981
7982
7983
7984
7985
7986
7987
8258
7988
7989
7990
7991
7992
7993
7994
7995
7996
7997
7998
7999
8021
8261
7947
7948
7949
7950
7951
7952
7963
7973
1199
1252
8996
8997
9295
9296
9297
3845
3847
3849
6487
6490
2332
2333
2334
2335
2362
2364
2365
2366
2367
2383
2385
2384
2387
2386
2388
2389
2390
2391
2392
2393
2394
2396
2398
2415
2416
2417
2419
2418
2421
2420
2422
2423
2424
2425
2429
2430
3002
3032
3064
3076
3089
3092
3108
3121
3124
3132
3133
3031
3096
6498
6499
6501
6503
6505
6506
6532
6511
6534
6538
6541
6544
6547
6548
6549
6550
6551
6552
6554
6555
6556
6557
6564
6566
6570
6576
6580
6579
6581
6582
6583
6584
6586
6587
6588
6589
6592
6593
6597
6598
6624
6625
6629
6630
3073
3001
3063
3099
3101
3105
3128
3131
6478
6488
6489
6491
6492
6516
6518
6519
6520
6521
6522
6523
6524
6529
6533
6561
6565
2293
6977
7009
1869
1870
181
182
183
184
199
200
203
204
206
231
232
235
236
238
522
534
537
538
554
566
570
577
584
569
594
585
591
600
596
609
617
616
623
626
627
628
630
631
632
634
635
636
639
645
1482
1514
1669
1670
1671
1672
1673
1684
1685
1686
1688
1689
1690
1692
1693
1694
1696
1697
1698
1701
1702
1703
1704
1705
1724
1687
1683
6726
1691
1715
1756
1788
1715
1695
1719
1850
1851
1856
1857
1858
1863
174
175
6288
6290
6298
6320
6322
6330
4296
1695
4299
10235
1854
1855
1859
6471
6479
1861
1861
2752
2786
2992
2993
2994
2996
2997
2998
3000
3005
2381
10189
2359
2355
2352
2347
2350
2356
2
3
4
5
6
7
8
9
10
11
12
13
14
15
16
17
18
19
20
23
21
22
24
25
26
28
31
34
33
35
36
37
38
39
40
41
42
43
51
54
56
44
55
45
46
58
47
48
52
49
60
63
75
76
77
79
80
81
83
84
85
108
109
111
112
113
115
116
1205
3793
3825
3868
32
29
4360
4371
4403
4297
4301
4300
4736
4738
5289
5382
5387
5388
5392
5395
6138
6128
282
283
269
272
285
286
301
304
314
315
317
318
338
346
347
1527
1495
1536
1537
1540
1541
1542
1545
1547
1550
1551
1553
1558
1557
1561
1563
1564
1568
1569
1572
1573
1577
1579
1590
1589
1582
1583
1585
1595
1593
1596
1606
1661
1662
2028
4532
345
753
752
6984
6978
6989
6997
7010
7016
7021
7029
7453
7460
7461
7462
7463
7471
7474
7473
7477
7481
7478
7475
7476
7472
7488
7479
7486
7491
7487
7482
7485
7470
1216
1248
1251
4594
4620
4617
4626
4621
4622
4625
4631
4627
4628
4629
4635
4634
4649
4652
4653
4654
5321
5326
5353
5358
5381
5393
6480
987
2069
2098
2100
2101
2108
3978
4005
4010
679
3915
4361
1543
5587
5584
6164
6165
1539
7560
7561
7563
7562
7553
7568
7565
7564
7566
7570
7567
7574
7573
7576
7581
7584
7580
7572
7585
7600
7605
7612
7608
7613
9102
9103
9107
9111
9112
9101
9105
9106
9108
9113
9116
9115
9117
9120
9121
9128
9129
1544
4561
8559
1575
1546
1549
1565
1567
1571
3951
4365
4368
4359
4366
4364
4370
4369
4391
4373
4396
4397
4398
4400
4401
4402
4405
6171
8558
8560
4577
4587
4578
3809
3811
3812
3813
6510
7046
7282
7433
7456
4298
1554
1578
1580
1555
1548
1581
1586
1587
1601
1607
1605
1608
1610
1603
1604
1617
1600
1611
1620
1613
1621
1630
1623
1629
1631
1618
1626
1622
1624
1628
1627
1632
1639
1636
1633
1638
1635
1637
1640
1643
1645
1642
1649
1652
1653
1654
1650
1660
1656
1655
1658
1659
4552
1612
1609
4871
4872
4873
4875
4876
4885
4891
4903
4905
4907
4904
4908
4893
4923
4917
4925
4954
4979
4947
4996
4995
4986
4999
5003
5000
5002
5027
5028
5005
5007
5008
5010
5031
5032
5011
5006
5014
5015
5035
5019
5022
5021
5023
5038
5034
5043
5039
5037
5046
5040
5042
5047
5051
5053
5054
5055
5617
5620
1641
5621
5624
5643
5627
5645
5626
5647
5644
5648
5650
5652
5640
5656
5659
5649
5672
5674
5673
5675
5676
5677
5678
5679
5680
5681
5682
5683
5684
5685
1644
5654
849
848
879
880
881
882
888
889
890
892
4432
4382
4395
4419
4418
4420
4414
4426
4399
4433
4429
4442
4440
4436
4445
4441
4435
4464
4444
4450
4451
4452
4443
4465
4461
4458
4467
4473
4468
4474
4477
4475
4476
4472
4481
4489
4486
4487
4480
4485
4482
4491
4483
4495
4488
4497
4496
4492
4493
4498
834
4501
4500
4504
4502
4512
4503
4515
4517
4505
4518
4514
4513
840
858
841
847
850
856
857
872
873
2034
6610
7645
7677
7306
2032
3678
3710
3712
3715
3724
3727
4425
5240
5961
5970
5971
5972
5973
5976
6000
7307
7338
7339
1871
1872
3655
3675
7569
7571
6168
6167
6166
6175
6202
6200
7812
7818
7823
6162
6194
9123
7767
7799
9124
9354
9357
9391
4554
6023
6024
5856
3687
3751
3739
3750
3765
3774
3783
3771
3789
5241
5835
5840
5859
5836
5839
6211
6209
6241
5906
5910
5902
6250
5944
5915
5898
5923
5921
5947
5942
5917
5912
5949
3742
8556
9230
9233
9234
3786
3790
3791
3787
3788
3815
10083
6169
6218
6243
8557
8561
3235
3287
3233
9274
2872
2874
2841
2878
2875
2871
2873
2880
2877
2901
2886
2876
2896
2898
2887
2891
2882
2900
2888
2879
2892
2904
2903
2881
2906
2885
2905
2897
2893
2883
2899
2884
2894
2890
2895
2889
2902
3848
4874
4878
4877
4912
4909
4906
4910
4880
5585
3234
1503
1535
1538
1570
10097
104
8874
8902
1809
10101
10100
5809
10103
5799
10104
6673
6712
6677
6370
6679
6680
6705
6338
10088
10091
6709
6711
10087
10090
10093
10094
4835
4884
4834
7288
4852
4855
4856
4815
4863
7264
4854
4823
4850
4818
4853
4813
4837
4861
4824
4841
4836
4827
4859
4857
4820
4916
4809
7253
7281
7267
7293
7234
7283
7261
7235
7252
7286
7256
7284
7297
7364
7392
7309
7362
7360
7334
7393
7822
7345
7310
7452
7609
1320
1359
1274
6976
1242
1214
7104
1841
7086
7031
7039
7079
7263
7294
6999
7302
7049
7019
7100
7295
7232
7081
7739
7068
7266
7303
7301
7740
7341
7054
7285
7008
7394
7821
7254
7003
7335
7047
7007
7363
7035
7342
7333
7577
7329
6987
7313
7262
7078
7637
7361
7396
7522
7395
7694
9275
7501
7533
7630
7726
7737
9282
9283
9286
9287
9314
9315
9318
9319
9246
9247
106
9244
9244
6789
7882
7883
4817
4816
4845
4847
7448
4848
4849
7480
9245
8494
