0
2
4
5
6
7
11
28
259
261
2077
2078
2079
2080
2081
2082
2093
2097
2102
15
257
2111
547
548
549
550
551
552
554
555
556
557
561
562
579
581
582
583
586
258
587
733
739
744
747
748
765
734
766
3
789
790
262
784
785
788
792
793
816
817
821
820
822
824
825
838
839
840
841
842
843
844
845
846
854
855
856
858
859
832
833
834
835
836
837
851
857
860
861
862
864
865
866
867
868
263
870
260
869
871
872
873
874
875
876
877
878
886
887
888
890
891
900
901
902
903
904
905
906
847
883
889
892
908
909
910
911
914
917
918
919
920
921
922
923
924
925
926
927
928
929
932
879
933
934
935
936
937
938
943
946
949
950
951
952
953
954
955
956
957
958
959
971
974
12
1003
1006
967
968
1038
1041
999
1000
1
8
9
10
13
14
16
18
22
23
27
1538
1539
1540
1543
1546
1552
1553
1556
1557
1558
1561
1566
1567
1570
1571
1572
1575
1578
1584
1585
1588
1589
1590
1593
1598
1599
1605
1608
1610
1613
1614
1615
1616
1617
1618
1619
1620
1621
1623
1624
1625
1626
1627
1628
1629
1630
1631
1637
1640
1642
1645
1646
1647
1648
1649
1650
1651
1652
1653
1655
1656
1657
1658
1659
1660
1661
1662
1663
1821
2068
2069
2070
2071
2072
2073
2075
2076
2049
2055
2058
2061
2062
2063
2064
2065
2066
2067
2004
2005
2007
2008
2009
2010
2011
2013
2014
2018
2019
2029
2030
2031
2032
2033
2034
2036
2037
2039
2040
2041
2042
2043
2045
2046
2066
2067
2004
2005
2007
2008
2009
2010
2011
2013
2014
2019
2029
2030
2031
2032
2033
2034
2036
2037
2039
2056
2040
2041
2042
2043
2045
2046
2059
2060
2054
2048
2052
2060
2059
2047
2056
2052
2048
2054
2060
2015
2047
2052
2060
2015
2054
563
564
565
2056
2048
566
567
568
570
571
2059
572
2015
573
577
578
580
2052
2047
2015
732
2047
2059
2052
749
751
752
753
754
755
757
758
759
760
761
762
763
764
772
2054
776
777
804
808
809
2048
2047
907
912
915
916
980
981
982
983
984
985
2015
986
987
988
989
990
991
992
995
998
1001
1002
1004
1005
1007
1008
1009
1010
1011
1012
1013
1014
1015
1016
1017
1018
1019
1020
1021
1022
1023
1027
1028
1031
1032
1033
1035
1036
1037
1039
1043
1045
1046
1047
1048
1050
1051
1054
1055
1059
1060
1075
1077
1078
1079
1080
1082
1083
1255
1514
1541
1545
1547
1548
1549
1550
1551
1573
1577
1579
1580
1581
1582
1583
1622
1654
1671
1672
1680
1681
1685
1686
1688
1703
1704
1712
1713
1717
1718
1720
1729
1730
1757
1758
1761
1762
1789
1790
1822
1839
1840
1841
1842
1844
773
775
779
781
782
783
805
807
811
813
814
2048
815
993
996
997
1024
1025
1026
1029
1030
1034
1042
1044
1056
1057
1058
1061
1062
1063
1064
1065
1066
1067
1068
1069
1070
1071
1073
1074
1076
1086
1256
1259
1260
1261
1262
1263
1264
1265
1266
1267
1268
1269
1270
1271
1272
1273
1274
1275
1276
1278
1279
1280
1282
1283
1284
1285
1287
1288
1289
1290
1291
1292
1293
1294
1295
1296
1297
1299
1300
1301
1302
1304
1257
1258
1305
1306
1312
1314
1315
1316
1317
1319
1320
1321
1322
1323
1324
1325
1326
1327
1328
1329
1331
1332
1333
1334
1336
1337
1338
1344
1513
1515
1516
1517
1518
1519
1520
1521
1522
1523
1524
1525
1526
1527
1528
1529
1530
1532
1533
1534
1535
1536
1537
1542
1555
1560
1562
1568
1569
1574
1565
1587
1592
1594
1597
1601
1602
1603
1606
1607
1609
1611
1612
1633
1634
1635
1638
1639
1641
1643
1644
1683
1684
1715
1716
1734
1754
1756
1786
1788
1807
1808
1809
1810
1812
1813
1814
1815
1817
1818
1994
1995
1996
1997
2000
2001
2002
913
944
945
947
948
960
961
963
964
965
966
969
970
973
975
976
977
972
978
979
994
1682
2103
2104
962
863
930
939
940
941
942
962
1277
1281
1286
1303
1308
1309
1313
1318
1335
1340
1341
1600
1604
1632
1636
1714
770
774
778
780
796
799
802
806
810
812
882
884
1664
1667
1673
1675
1676
1677
1696
1699
1705
1707
1708
1709
31
32
33
34
35
36
37
38
39
40
41
42
43
45
54
57
63
89
90
95
121
122
127
129
130
131
132
133
135
136
137
138
139
140
141
142
143
145
146
148
149
150
152
153
154
161
162
163
164
165
167
168
169
170
171
172
173
174
175
177
178
180
181
182
184
185
186
194
196
197
198
199
201
203
204
205
207
208
226
228
229
230
231
233
235
236
237
239
240
93
124
125
2074
2003
25
2035
46
92
849
881
157
189
768
769
795
797
800
801
827
829
1531
2050
2057
2084
2086
2089
2090
2094
2095
2096
2098
2099
2100
2101
2105
2106
2108
2112
2132
2087
2144
2164
2091
2092
2138
786
787
791
794
798
818
819
823
826
828
830
831
848
850
852
853
880
885
2133
2166
2149
2170
2026
2027
2028
2282
2284
2118
2136
2088
2117
2150
2134
2135
2165
2131
2137
2281
2163
2167
2168
2169
2286
2285
2283
803
1665
1666
1669
1678
771
735
736
737
738
740
741
742
743
746
750
756
767
771
535
264
265
266
267
268
269
270
271
272
274
275
276
278
279
280
281
283
284
285
287
291
292
296
297
541
542
543
536
545
546
521
522
537
523
524
525
526
540
527
538
528
529
530
531
532
539
533
534
553
559
560
569
575
576
585
588
589
592
597
598
599
600
601
602
603
604
605
606
607
608
627
628
609
610
611
612
613
614
615
618
619
631
629
617
632
630
633
636
637
638
634
640
641
639
642
635
643
646
644
645
647
648
649
652
651
653
650
657
654
663
655
659
658
664
660
661
662
666
665
667
668
669
671
670
672
673
674
675
676
677
678
679
680
689
681
682
683
686
684
687
685
690
698
701
691
692
693
694
695
697
704
696
700
703
702
699
705
706
708
710
709
656
688
707
712
711
713
714
718
715
716
717
724
719
720
721
722
723
725
726
727
728
729
730
731
745
48
50
55
59
60
47
159
191
29
44
61
69
64
68
66
67
71
73
74
70
72
75
79
76
77
80
78
81
83
82
84
85
87
86
88
91
96
99
98
100
101
102
103
104
106
105
107
109
108
110
112
111
113
114
115
116
117
595
118
120
123
119
596
134
166
158
190
19
24
20
21
17
26
30
49
51
52
53
56
58
62
65
94
97
126
128
144
147
151
155
156
160
176
179
183
187
188
195
193
225
227
256
200
202
213
206
210
214
215
217
218
219
222
223
232
234
238
242
245
246
247
249
250
251
254
255
44
2051
2053
2085
2083
2115
2107
2116
2113
2119
2114
2120
2121
2122
2123
2124
2129
2127
2140
2139
2130
2141
2142
2143
2145
2146
2147
2148
2154
2155
2151
2156
2152
2153
2161
2159
2162
2173
2174
2175
2171
2172
2241
2243
2246
2242
2247
2266
2267
2268
2269
2270
2271
2273
2274
2287
2288
2289
2290
2292
2293
2291
2294
2295
2296
2297
2298
2299
2300
2301
2303
2302
2305
2304
2307
2306
2308
2309
2312
2313
2314
2315
2316
2317
2318
2319
2320
2321
2322
2323
1544
1563
1564
1576
1595
1596
1993
2006
2012
2017
2020
2021
2023
2024
2022
2025
2038
2044
1719
1687
1998
1999
1710
1721
1706
1722
1674
1690
1693
1695
1689
1711
1691
1668
1700
1694
1692
1679
1723
1726
1728
1724
1727
1731
1725
1733
1735
1732
1748
1752
1738
1737
1745
1739
1736
1740
1743
1741
1742
1775
1744
1747
1765
1760
1776
1746
1767
1773
1764
1772
1750
1749
1753
1763
1755
1787
1751
1779
1774
1780
1785
1771
1768
1778
1781
1770
1769
1777
1783
1784
1792
1793
1782
1795
1799
1796
1798
1797
1800
1803
1804
1802
1801
1811
1805
1829
1806
1830
1823
1827
1820
1828
1833
1831
1825
1824
1846
1835
1870
1859
1836
1852
1832
1849
1854
1843
1853
1850
1865
1837
1834
1869
1845
1838
1861
1858
1855
1874
1875
1872
1864
1862
1868
1873
1860
1871
1877
1856
1863
1866
1879
1876
1880
1878
1857
1867
1881
1882
1883
1885
1884
1887
1890
1889
1896
1893
1886
1891
1897
1892
1898
1888
1894
1905
1895
1911
1915
1919
1938
1908
1912
1916
1901
1914
1907
1900
1909
1922
1904
1903
1925
1924
1910
1899
1926
1906
1902
1937
1913
1935
1917
1923
1933
1936
1934
1930
1939
1932
1944
1940
1942
1920
1943
1918
1921
1928
1927
1929
1931
2328
2331
1945
1946
1947
2360
1948
1949
1951
1952
1956
2363
1975
1954
1958
1966
1977
1978
1962
1953
1955
1965
1957
1980
1979
1974
1964
1986
1967
1950
1968
1969
1971
1972
2377
1981
1970
1983
1960
1988
1991
1976
1984
1963
1992
1959
1987
1989
1990
1961
2380
1982
2393
2325
2394
2396
2342
2397
2344
2345
2346
2409
2352
2412
2425
2426
2353
2428
2429
2355
2357
2387
2419
2436
2450
2459
2468
2482
2491
282
273
277
893
894
896
897
1087
1223
898
899
895
898
899
931
898
895
899
931
895
898
899
931
2109
2110
931
591
584
593
625
623
620
626
616
594
590
622
624
621
1701
1698
1697
1559
1554
1670
1591
