8215
8226
8227
8230
8231
8247
8341
8344
8349
8350
8352
8361
8376
8377
8378
8379
8381
8383
8382
8384
8385
8387
8390
8386
8388
8393
8395
8398
8399
8400
8401
8402
8403
8404
8405
8406
8408
8411
8414
8415
8416
8417
8418
8419
8420
8422
8425
8427
8431
8435
8436
8432
8430
8434
8433
8437
8438
8440
8443
8446
8447
8448
8449
8450
8451
8452
8455
8456
8457
8458
8459
8460
8461
8462
8463
8499
8500
8501
8502
8504
8506
8507
8508
8509
8510
8511
8518
8521
8520
8522
8523
8524
8526
8527
8528
8529
8530
8531
8533
8536
8537
8538
8541
8550
8552
8553
8554
8555
8556
8558
8559
8560
8561
8562
8563
8565
8569
8570
8573
8568
8576
8578
8587
8589
8593
8596
8597
8598
8599
8600
8601
8602
8603
8605
8608
8609
8610
8612
8619
8621
8625
8628
8629
8630
8631
8632
8633
8634
8635
8637
8640
8641
8665
8643
8670
8667
8666
8668
8669
8672
8673
8675
8677
8678
8679
8680
8685
8681
8683
8682
8686
8689
8690
8692
8697
8698
8699
8700
8701
8702
8705
8706
8708
8216
8248
8713
8714
8716
8715
8717
8720
8721
8722
8723
8342
8343
8345
8346
8347
8351
8374
8375
8727
8728
8734
8735
8737
8740
8738
8745
8746
8747
8748
8749
8752
8753
8754
8755
8759
8519
8525
8760
8539
8540
8542
8543
8551
8557
8571
8572
8574
8575
8577
8766
8767
8579
8580
8768
8769
8770
8771
8772
8773
8774
8777
8588
8590
8591
8592
8594
8595
8606
8607
8611
8620
8785
8791
8792
8795
8622
8623
8624
8626
8627
8800
8801
8802
8803
8804
8805
8806
8638
8639
8823
8824
8827
8832
8833
8834
8836
8837
8838
8839
8840
8841
8842
8843
8844
8846
8847
8848
8849
8851
8852
8853
8854
8855
8856
8857
8858
8859
8860
8861
8862
8684
8863
8864
8865
8866
8867
8868
8869
8871
8872
8873
8870
8874
8875
8876
8878
8879
8880
8881
8883
8884
8885
8886
8887
8888
8889
8890
8891
8892
8893
8894
8895
8907
8909
8910
721
723
724
725
726
727
728
729
730
731
732
733
734
735
736
737
738
739
740
741
742
743
744
745
746
747
748
749
750
751
752
753
755
756
757
758
759
760
761
762
763
764
765
766
767
768
769
770
771
772
773
774
775
776
777
778
779
780
781
782
783
784
785
786
788
789
790
791
792
795
796
797
799
800
801
802
803
804
805
806
807
808
809
810
811
812
813
814
815
816
817
818
820
821
822
823
824
827
828
829
831
834
835
836
837
838
839
841
840
842
844
845
843
847
848
849
850
851
852
854
855
856
857
858
859
860
861
862
863
866
867
868
869
870
871
873
872
874
875
876
877
879
880
881
882
883
884
886
887
888
889
890
891
892
893
894
895
896
897
898
899
900
901
902
903
906
907
908
909
910
911
912
913
915
914
916
917
919
920
921
923
922
924
925
927
928
926
929
930
931
932
933
934
935
938
939
940
943
941
942
944
945
947
948
949
951
952
946
953
955
954
956
957
958
959
960
961
963
964
965
967
968
969
970
971
972
973
974
975
977
978
979
980
981
8778
983
984
982
986
987
988
990
991
992
993
995
989
996
997
999
1000
8941
1026
1027
1028
1029
8779
8781
8783
8784
1032
1033
1034
8787
8790
8796
8799
8822
8828
8831
8835
1104
1107
1109
1119
1113
1105
8896
8897
8898
8899
8908
1136
1139
722
754
1137
1141
1156
1159
1145
1166
1151
1176
1188
1191
1195
1198
1208
1223
1225
1226
1230
1231
1088
1090
1092
1093
1094
1095
1096
1097
1098
1099
1101
1241
1242
1243
1118
1120
1122
1124
1125
1126
1127
1128
1129
1130
1131
1133
1255
1257
1258
1262
1263
1273
1274
1150
1275
1281
1282
1283
1152
1154
1155
1284
1157
1158
1160
1161
1163
1165
1167
1168
1169
1170
1171
1174
1175
1177
1183
1184
1186
1187
1189
1190
1192
1193
1296
1298
1197
1199
1200
1201
1202
1203
1299
1206
1207
1209
1215
1313
1314
1315
1316
1224
1328
1227
1228
1229
1330
1331
1563
1564
1565
1566
1568
1572
1240
1581
1580
1579
1576
1578
1244
1245
1246
1247
1584
1256
1587
1595
1596
1597
1598
1259
1260
1261
1606
1272
1607
1608
1609
1610
1612
1613
1611
1615
1276
1277
1614
1616
1278
1279
1638
1630
1639
1641
1640
1642
1297
1643
1644
1645
1647
1646
1648
1300
1301
1302
1303
1662
1664
1665
1668
1666
1329
1667
1669
1670
1672
1671
1332
1333
1334
1356
1357
1358
1359
1360
1673
1361
1383
1384
1385
1674
1676
1675
1386
1387
1388
1389
1390
1391
1392
1393
1394
1395
1398
1678
1677
1680
1683
1681
1679
1402
1404
1405
1562
1567
1687
1688
1691
1692
1693
1695
1696
1697
1698
1699
1700
1701
1702
1703
1704
1705
1706
1707
1708
1709
1711
1710
1712
1713
1719
1594
1599
1600
1715
1601
1602
1603
1604
1605
1720
1723
1724
1725
1617
1618
1619
1620
1621
1622
1623
1631
1632
1633
1634
1635
1727
1728
1636
1637
1729
1730
1731
1732
1733
1734
1736
1737
1739
1740
1741
1743
1744
1745
1746
1747
1748
1749
1750
1751
1752
1753
1754
1755
1756
1757
1758
1759
1760
1761
1762
1763
1764
1765
1766
1767
1768
1769
1771
1772
1649
1650
1773
1775
1776
1777
1778
1651
1652
1653
1654
1779
1780
1782
1781
1783
1784
1785
1786
1787
1788
1789
1790
1791
1792
1655
1793
1794
1800
1804
1812
1813
1817
1818
1819
1820
1821
1822
1824
1825
1832
1836
1844
1845
1849
1850
1851
1852
1853
1854
1858
1663
1861
1862
1863
1864
1865
1866
1867
1868
1869
1870
1873
1884
1886
1890
1893
1894
1895
1896
1897
1898
1899
1900
1901
1902
1905
1916
1918
1920
1921
1922
1925
1926
1924
1928
1929
1932
1933
1934
1935
1936
1937
1938
1939
1940
1941
1942
1943
1944
1945
1947
1948
1949
1954
1952
1953
1950
1951
1956
1957
1958
1960
1961
1964
1965
1966
1694
1967
1968
1969
1970
1971
1972
1973
1974
1975
1976
1977
1979
1981
1982
1983
1984
1985
1986
1987
1989
1991
1990
1992
1993
1995
1996
1997
1998
1999
2000
2001
2002
2003
2004
2006
2007
2008
2009
2010
2011
1726
1735
2012
2014
2015
2016
2017
2018
2019
2021
2022
2023
2024
2026
2027
2025
2028
2029
2030
2031
2032
2033
2034
2035
2036
2038
2039
2040
2041
2042
2043
2044
2046
2047
2048
2050
2051
2052
2053
2054
2055
2056
2057
2058
2060
2064
2061
2059
2062
2063
1856
1857
1859
1860
2065
2066
2067
2068
1871
1872
1874
1875
1876
1877
2069
2070
2071
2073
2074
2075
1885
1887
1888
1889
1891
1892
2076
2077
2078
2079
2080
2082
2083
2084
2085
2086
2087
2089
2090
2092
1903
2088
2091
2093
2096
2097
2098
1904
1906
1907
1908
1909
2094
2095
2099
2100
2101
2102
2103
2105
1917
2106
2107
2108
2109
2110
2111
2112
2113
2115
2116
2118
2119
2120
2121
2122
2123
2125
2126
2138
2139
2140
2141
2142
2143
2144
2145
2147
2148
2150
2151
2152
2153
2154
2155
2157
2158
1919
1923
2159
2160
2161
2162
2163
2164
2165
2166
2168
2169
2170
2171
2172
2173
2174
2175
2176
2177
2178
2179
2180
2181
2182
2183
2184
2185
2186
2187
2188
2191
2192
2193
2194
2196
2198
2199
2200
2201
2204
2205
2206
2208
2209
2210
2211
2212
2213
2214
2215
2216
2217
2218
2219
2220
1955
2223
2224
2225
2226
2228
2230
2231
2241
2242
2243
2244
2245
2246
2247
2249
2250
2251
2252
2253
2255
2256
2257
2248
2254
2258
2259
2260
2262
2263
2264
2261
2265
2266
2267
2268
2269
2270
2271
2272
2273
2274
2275
2276
2277
2278
2279
2280
2281
2282
2283
2284
2285
2286
2287
2288
2295
2296
2297
2298
2299
2300
2301
2302
2303
2304
2305
2306
2307
2308
2309
2310
2312
2313
2314
2316
2317
2318
2319
2320
2321
2322
2323
2325
2326
2327
2329
2330
2331
2332
2334
2335
2336
2337
2338
2339
2340
2341
2342
2344
2345
2346
2348
2349
2350
2351
2352
2353
2354
2355
2357
2358
2359
2361
2362
2363
2364
2366
2367
2370
2371
2374
2375
2377
2378
2381
2386
2387
2388
2389
2390
2391
2392
2393
2394
2395
2396
2397
2398
2399
2402
2403
2406
2407
2409
2410
2413
2418
2419
2420
2421
2422
2423
2424
2425
2426
2427
2428
2429
2430
2431
2432
2433
2434
2435
2436
2437
2438
2439
2440
2441
1994
2448
2449
2450
2451
2452
2454
2455
2456
2457
2458
2459
2460
2461
2462
2464
2465
2466
2467
2468
2469
2470
2471
2472
2473
2480
2481
2482
2483
2484
2486
2487
2488
2489
2490
2491
2492
2493
2494
2497
2498
2500
2501
2504
2503
2507
2508
2509
2512
2513
2516
2517
2518
2519
2521
2525
2526
2529
2530
2532
2533
2535
2536
2539
2540
2541
2544
2545
2549
2550
2551
2553
2557
2558
2561
2562
2563
2564
2565
2566
2567
2568
2569
2570
2571
2572
2573
2574
2575
2576
2577
2578
2579
2580
2582
2583
2584
2585
2586
2587
2588
2589
2590
2591
2593
2594
2595
2596
2597
2598
2599
2600
2601
2602
2603
2604
2605
2606
2607
2608
2609
2610
2611
2612
2614
2615
2616
2617
2618
2619
2620
2621
2622
2623
2628
2629
2630
2631
2632
2633
2634
2635
2636
2637
2638
2639
2640
2641
2644
2645
2646
2642
2643
2648
2649
2651
2652
2653
2654
2655
2660
2661
2662
2663
2664
2665
2666
2667
2668
2669
2671
2670
2672
2673
2674
2675
2676
2677
2678
2680
2681
2683
2684
2685
2686
2687
2688
2689
2690
2691
2692
2694
2695
2696
2697
2699
2698
2700
2701
2702
2703
2704
2705
2707
2708
2711
2712
2713
2715
2716
2720
2721
2722
2723
2726
2724
2728
2729
2731
2732
2727
2730
2733
2734
2735
2736
2737
2739
2740
2743
2744
2745
2747
2748
2752
2753
2754
2758
2761
2760
2762
2764
2765
2766
2767
2769
2768
2772
2773
2774
2776
2775
2777
2780
2781
2784
2785
2786
2790
2792
2793
2794
2796
2797
2798
2799
2801
2800
2804
2805
2806
2442
2807
2808
2809
2443
2444
2445
2812
2813
2821
2822
2453
2820
2823
2827
2824
2825
2826
2828
2830
2463
2829
2831
2832
2833
2834
2835
2836
2837
2474
2475
2476
2477
2838
2839
2840
2841
2844
2485
2842
2843
2845
2846
2847
2848
2849
2850
2852
2853
2854
2495
2496
2499
2502
2851
2855
2856
2859
2860
2862
2857
2858
2861
2863
2864
2865
2866
2867
2505
2868
2869
2506
2870
2871
2872
2873
2874
2876
2875
2879
2880
2877
2878
2881
2882
2883
2884
2885
2887
2888
2528
2531
2886
2890
2891
2892
2534
2893
2894
2895
2896
2897
2898
2899
2901
2537
2538
2912
2913
2914
2915
2916
2917
2918
2919
2920
2922
2923
2924
2548
2925
2926
2927
2928
2929
2930
2931
2933
2952
2955
2984
2987
3037
2900
2905
2907
2911
2932
2937
2939
2943
2944
2945
2946
2948
2950
2951
2958
2960
2963
2966
2967
2968
2969
2970
2971
2972
2973
2974
2975
2976
2977
2978
2980
2982
2983
2990
2992
2995
2998
2999
3000
3001
3002
3003
3004
3005
3006
3007
3008
3011
3012
3067
3069
3013
3014
3016
3018
3019
3026
3028
3031
3032
3034
3035
3036
3038
3078
3039
3040
3095
3098
3110
3127
3130
3139
3142
3149
3150
8917
8921
8949
8926
3492
3493
3494
3501
3502
3503
3504
3507
3508
3509
3510
3511
3512
3513
3514
3515
3516
3517
3518
3521
3522
3523
3524
3525
3526
3527
3528
3529
3530
3531
3532
3534
3535
3536
3537
3538
3539
3540
3542
3543
3545
3546
3582
3583
3584
3586
3589
3590
3592
3593
3594
3596
3597
3600
3601
3603
3607
3608
3609
3610
3611
3612
3615
3616
3618
3621
3622
3624
3625
3626
3628
3629
3632
3633
3635
3639
3640
3641
3043
3044
3642
3643
3644
3647
3648
3649
3650
3045
3654
3655
3665
3666
3046
3667
3668
3669
3671
3672
3673
3674
3675
3677
3678
3679
3680
3681
3682
3686
3687
3692
3693
3694
3696
3697
3698
3699
3700
3048
3050
3051
3701
3703
3704
3705
3706
3707
3709
3710
3711
3712
3713
3715
3716
3717
3718
3722
3723
3724
3726
3727
3728
3729
3058
3060
3730
3731
3732
3733
3734
3735
3736
3737
3738
3739
3740
3743
3744
3745
3747
3748
3749
3063
3064
3750
3754
3755
3756
3758
3759
3760
3761
3762
3066
3068
3070
3071
3072
3763
3764
3765
3766
3767
3768
3769
3770
3771
3772
3775
3776
3777
3778
3779
3780
3781
3782
3783
3784
3785
3789
3790
3791
3792
3794
3795
3803
3806
3808
3809
3810
3811
3812
3813
3814
3815
3816
3817
3821
3822
3823
3824
3826
3827
3835
3838
3842
3843
3846
3847
3104
3850
3853
3859
3860
3863
3864
3865
3867
3868
3869
3874
3875
3878
3879
3882
3146
3885
3891
3892
3895
8948
3896
3897
3899
3900
8924
3901
3904
3905
3906
3909
3916
3920
3921
3922
3925
3926
3929
3931
3933
3934
3935
3936
3937
3938
3941
3948
3952
3953
3954
3957
3958
8927
3981
3984
3985
3986
3987
4016
4017
4018
4019
4022
4023
4024
4025
4029
4030
4031
4032
4034
4038
4039
4040
4041
4045
4048
4049
4050
4051
4052
4053
4054
4055
4056
4057
4058
4059
4060
4061
4062
4063
3676
4064
4066
4070
4071
4072
4073
3695
4077
4080
4081
4082
4083
4084
4085
3708
3714
4086
4087
4088
4089
4090
4091
4092
4093
4094
4095
4097
4098
4102
4103
8958
8959
8960
8961
8962
4137
4138
4139
3720
3721
3725
4140
4141
4142
4143
4144
4145
4146
4147
4148
4149
4150
4151
4152
4153
4154
4155
4156
3741
3742
3746
4159
4160
4161
4162
4163
4164
4165
4166
4167
4168
4169
4170
4171
4172
4173
4174
4175
3752
3753
3757
4176
4177
4178
4179
4180
4181
4182
4183
4184
4185
4186
4187
4188
4190
4191
4192
4193
4194
4195
4196
4197
4198
4199
4200
4201
4202
4203
4204
4205
4206
4207
4208
4209
4210
4211
3773
3774
4212
4213
4214
4215
4216
4217
4218
4219
4220
4222
4223
4224
4225
4226
4227
4228
4229
4230
4231
4232
4233
4234
4235
4236
4237
4238
4239
4240
4241
4242
4243
4244
4245
4246
4247
4248
4249
4250
4252
4253
4254
4255
4256
4257
4258
4259
4260
4261
4262
4263
4264
4265
4266
4267
4268
4269
4270
4271
4272
4273
4274
4275
4276
4277
4278
4279
4280
4281
4282
4284
4285
4286
4287
4288
4289
4290
4291
4292
4293
4294
4295
4297
4298
4300
4301
4302
4303
4305
4306
4307
4308
4309
4311
4312
4313
4314
4315
4316
4317
4318
4319
4320
4321
4322
4323
4324
4325
4326
4327
4329
4330
4332
4333
4334
4335
4337
4338
4339
4340
4341
4343
4344
4345
4346
4347
4348
4349
4350
4351
4352
4353
4354
4355
4356
4357
4358
4359
4360
4361
4362
4363
4364
4365
4366
4367
4368
4369
4370
4371
4372
4373
4374
4375
4376
4377
4378
4379
4380
4381
4382
4383
4384
4385
4386
4387
4388
4389
4390
4391
4392
4393
4394
4395
4396
4397
4398
4399
4400
4401
4402
4403
4404
4405
4406
4407
4408
4409
4410
4411
4412
4413
4414
4415
4416
4417
4418
4419
4420
4421
4422
4423
4424
4425
4426
4427
4428
4429
4431
4432
4434
4435
4436
4437
4439
4440
4441
8928
8929
4442
4443
4445
4446
4447
4448
4449
4450
4451
4452
4453
4454
4455
4456
4457
4458
4459
8930
8931
4460
4461
4463
4464
4466
4467
4468
4469
4471
4472
4473
4474
4475
4477
4478
4479
4480
4481
4482
4483
4484
4485
4486
4487
4488
4489
4490
4491
4492
4493
4494
4495
4496
4497
4498
4499
4500
4501
4502
4503
4506
4507
4508
8972
8975
8976
8977
8978
8979
8980
8981
8982
8983
8984
8985
8988
8989
8942
8990
8991
8992
8993
8994
8995
8996
8963
8964
8965
9007
9008
9009
8939
9010
9011
9012
9013
8968
8969
8945
8953
8946
8913
8914
8915
8947
4096
8956
1178
1179
1180
1181
1182
1185
1210
1211
1212
1213
1214
2020
2045
2324
2328
2333
2356
2360
2365
2369
8940
8916
2401
2706
2709
2710
2725
2738
2741
2742
2755
2757
2763
2778
2779
2782
2783
2787
2789
2795
2810
2811
3598
3630
4251
4283
0
2
5
6
7
9
12
8
10
11
13
15
19
22
23
24
14
16
17
18
20
21
27
28
25
29
30
31
32
41
33
34
37
38
39
40
42
44
47
43
45
46
48
49
51
54
50
52
53
55
56
57
60
59
61
62
65
63
64
66
67
69
70
71
68
74
75
77
80
81
82
83
84
85
86
87
88
89
90
92
91
93
94
95
97
96
98
99
101
102
103
100
106
107
109
112
113
114
115
116
117
118
119
120
121
2693
122
124
123
125
126
127
128
129
130
131
132
133
134
135
136
137
138
139
140
141
142
143
144
145
147
148
150
151
146
149
152
153
155
156
157
158
154
159
160
161
162
163
164
165
166
167
168
169
170
171
172
173
174
175
176
177
179
180
182
183
184
178
181
185
186
187
188
189
190
191
192
193
194
195
196
197
198
199
200
201
203
204
202
205
206
207
210
211
208
209
212
213
214
215
217
218
219
220
221
223
224
225
226
227
222
228
229
230
231
232
233
235
236
238
234
237
239
242
243
245
240
241
244
246
247
249
250
251
252
253
255
256
257
258
254
259
260
261
262
263
264
265
266
267
268
269
270
271
272
274
276
277
278
279
280
281
282
283
284
285
286
287
288
289
290
291
292
293
294
295
296
297
299
298
300
301
302
303
304
306
308
309
310
311
312
313
314
315
316
317
318
319
320
321
322
323
324
325
326
327
328
329
330
331
332
333
334
335
336
342
338
340
341
343
344
345
346
348
350
351
352
349
353
354
355
356
357
358
359
360
361
362
363
364
365
366
368
367
374
370
372
373
375
380
381
382
383
376
377
378
384
386
387
388
389
390
391
385
392
394
395
397
393
396
399
398
400
401
402
403
404
405
406
407
408
410
411
412
413
414
409
415
416
417
418
419
420
421
423
424
422
425
426
427
429
428
430
431
432
433
434
436
440
442
443
435
437
438
441
444
445
446
447
453
454
457
458
463
464
466
467
468
469
470
471
472
473
475
474
476
477
478
479
485
486
489
490
495
496
498
499
500
501
502
503
504
506
507
509
510
511
512
566
567
568
505
508
576
577
578
579
580
581
583
582
584
585
586
587
588
589
590
591
593
594
595
596
597
598
599
592
600
601
602
604
605
606
603
607
608
609
610
611
612
613
615
616
617
618
614
619
620
621
622
623
625
626
627
628
629
630
624
631
632
633
634
636
637
635
638
639
640
641
642
643
644
645
648
649
652
653
647
656
657
663
664
668
667
672
673
674
675
676
677
679
680
681
710
684
685
688
689
712
714
717
713
718
1035
1
1041
1038
1039
1051
1054
1058
1059
1060
1061
1064
1065
1066
1067
1069
1070
1071
1073
8192
8193
8194
8195
8196
8197
8198
8199
8200
8201
8202
8204
8205
8206
8207
8208
8209
8210
8211
8212
10149
10150
10151
10152
10154
10155
10156
10161
10163
4509
4510
4512
4515
4518
4519
4520
4523
4524
4534
4537
4538
4541
4542
4547
4548
4550
4551
4556
4559
4562
4563
4565
4568
4569
4573
4574
4575
4579
4580
4582
4583
4588
4591
4594
4595
4597
4600
4601
4605
4606
4607
4608
4544
4615
4616
4546
4619
4545
4529
4620
4621
4622
4623
4625
4525
4549
5179
5180
5181
5182
4533
4511
4572
4527
5185
5187
5188
5189
5190
4552
5191
5192
5193
5194
5195
5196
5197
5198
5199
5202
5203
4581
4557
5204
5205
5207
4599
4576
5210
5212
4553
5213
5215
5217
5219
5220
5221
5222
4589
4578
5223
5224
5225
4543
4584
5226
5227
4602
5228
5229
5230
5231
5234
4593
4567
5235
5236
5237
5239
4561
5242
5244
5245
5247
5248
5249
4570
4604
5250
5251
5252
4577
5254
5255
5261
5262
5263
5264
5265
5266
5267
5268
5269
5270
5271
5272
5273
5274
5275
5276
5277
5278
5279
5280
5281
4585
5282
5283
5284
5286
5287
5293
5294
5295
5296
5297
5298
5299
5300
5301
5302
5303
5304
5305
5306
5307
5308
5309
5310
5311
5312
5313
5314
5315
5318
5319
5320
5321
5322
5323
5324
5329
5330
5331
5333
5334
5335
5340
5341
5342
5343
5344
5345
5346
5347
5350
5351
5352
5353
5354
5355
5356
5361
5362
5363
5365
5366
5367
5372
5373
5374
5375
5376
5377
5379
5380
5382
5383
5384
5385
5386
5387
5388
5390
5389
5391
5392
5336
5394
5395
5397
5398
5399
5400
5401
5402
5403
5396
5404
5405
5406
5407
5408
5409
5411
5412
5414
5415
5416
5417
5418
5419
5420
5368
5422
5423
5424
5421
5426
5427
5429
5430
5431
5432
5433
5434
5435
5436
5437
5428
5438
5439
5443
5444
5446
5448
5449
5452
5458
5459
5460
5461
5463
5464
5468
5469
5470
5471
5475
5476
1037
5478
5480
5481
5484
5490
5491
5492
5493
5495
5496
5500
5501
5502
5503
5505
5506
5507
5508
5510
5511
5515
5516
5519
5520
5521
5522
5523
5524
5525
5526
5527
5528
5529
5530
5531
5534
5537
5538
5539
5540
5542
5543
5547
5548
5551
5552
5553
5554
5555
5556
5557
5558
5559
5560
5561
5562
5563
5581
5583
5584
4555
5593
5595
5596
5599
5616
5625
5627
5628
5631
5637
5639
5640
5643
5647
5669
5671
5672
5675
4587
5679
5696
5697
5702
5705
5706
5707
5708
5709
5710
5711
5712
5713
5715
5718
5720
5721
5723
5724
5728
5729
5750
5752
5753
5755
5756
5777
5778
5779
5780
5781
5782
5783
5784
5785
5786
5787
5788
5789
5803
5804
5805
5806
5807
5808
5809
5810
5811
5812
5813
5814
5815
5816
5817
5818
5819
5820
5821
5822
5827
5966
5969
5971
5967
5968
5970
5972
5973
5975
5974
5976
5977
5978
5979
5980
5981
5982
5983
5984
5986
5988
5989
5987
5991
5993
5994
5990
5992
5996
5995
5998
6001
6003
5997
5999
6000
6002
6005
6007
6008
6009
6004
6006
6010
6011
6012
6013
6014
6015
6016
6017
6018
6020
6021
6022
6023
6024
6026
6027
6928
5260
6025
6930
6931
6932
6933
6934
6935
6936
6937
6938
6939
6940
6941
6942
6943
6948
6949
6950
6951
6954
6955
6956
5292
6957
6960
6962
6963
6964
6965
6966
6967
6968
6969
6970
6971
6972
6973
6974
6975
6976
6977
5316
6978
6980
6981
6983
6984
6985
6986
6990
6991
6992
6993
6994
6995
6996
6997
6998
5337
5338
5339
6999
7000
7001
7002
7003
7005
7006
5348
7008
7009
7010
7012
7013
7015
7016
7017
7018
7022
5369
5370
5371
7023
7024
7025
7026
7027
7028
7029
6989
6987
7030
7031
7032
7033
7034
7035
7037
7038
6988
7040
7041
7043
5381
7044
7045
7046
7047
7048
7049
7050
7052
7053
7054
7055
7056
7057
7058
7059
7060
7065
7066
5413
7068
7069
7019
7072
7073
7075
7021
7076
7078
7079
7080
7081
7082
7084
7077
7085
7086
7087
7088
7089
7090
7091
7092
7020
7097
7653
7654
7655
5441
7658
7659
7662
7665
7671
7672
7673
7674
7677
7678
7679
7680
7684
7685
7688
7689
5473
7692
7729
7730
7733
7734
7737
7740
7744
7745
7746
7747
7748
7749
7750
7751
7753
7754
7755
7756
7757
7758
7759
7760
7761
7762
7763
7764
7765
7766
7767
7770
7771
7774
7775
7768
7776
7777
7778
7779
7780
7781
7782
7783
7785
7786
7787
7788
7789
7790
7791
7792
7793
7794
7795
7796
7797
7798
7799
7800
7802
7803
7806
7807
7808
7809
7810
7811
7812
7813
7814
7816
7820
7815
7817
7818
7819
7827
7829
7821
7822
7823
7824
7826
7828
7833
7835
7836
7831
7834
7837
7841
7842
7843
7844
7845
7846
7848
7847
7849
7850
7851
7852
7859
7853
7854
7855
7856
7858
7861
7865
7867
7868
7871
7860
7863
7866
7869
7872
7873
7874
7875
7876
7877
7878
7881
7879
7880
7882
7885
7887
7889
7883
7884
7890
7891
7892
7893
7894
7895
7897
7898
7901
7906
7907
7902
7903
7904
7905
7910
7908
7909
7913
7914
7911
7912
7915
7916
7917
7919
7921
7922
7923
7924
7925
7926
7927
7929
7930
7933
7934
7937
7938
7935
7936
7940
7941
7942
7939
7944
7945
7954
7955
7943
7957
7959
7960
7961
7962
7963
7964
7965
7966
7967
7969
7970
7958
7968
7972
7973
7971
7974
7976
7977
7975
7978
7981
7982
7979
7980
7985
7986
7987
7991
7992
7993
7994
7995
7996
7997
8019
8020
7983
7984
7989
7990
8023
8024
8025
8026
8029
8035
8038
8039
8040
8042
8043
8044
8047
8048
8049
5965
8050
8051
8052
8055
8056
8057
8058
8061
8064
8066
8084
8085
8086
8087
8088
8089
8090
8091
8092
8093
8094
8095
8096
8098
8101
8102
8103
8104
8105
8106
8107
8109
8110
8115
8116
8118
8119
8120
8121
8122
8123
8124
8125
8126
8127
8128
8129
8131
8132
8137
8138
8139
8140
8145
8150
8151
8152
8153
8154
8155
8156
8157
8158
8159
8160
8161
8163
8164
8169
8170
8171
8182
8183
8184
8185
8186
8187
8188
8189
8190
8191
26
58
1030
1036
1040
1062
1068
1072
4624
4628
4655
4656
4660
4674
4678
4681
4770
4777
4778
4865
7886
4874
4877
4997
4998
4999
5000
5001
5005
5009
5010
5011
5012
5013
7918
5027
5028
5029
5030
5031
5032
5033
5037
7956
5041
5042
5043
5044
5045
5059
5060
5067
5077
7988
5091
5092
5099
5109
5122
5125
5127
5128
5133
5134
5135
5136
5139
5140
5141
5142
5143
5146
5147
5150
5151
5154
5157
5159
5160
5165
5166
5167
5168
5171
8117
5172
5173
5174
5175
5178
5183
5200
5208
5214
5232
5240
5246
5256
5257
5288
5289
5440
5465
5472
5497
5590
5622
5634
5646
5666
5678
5701
5719
5733
5734
5737
5738
5739
5740
5741
5742
5743
5744
5745
5747
5751
5849
5850
5851
5852
5856
5860
5861
5864
5868
5872
5875
5877
5878
5879
5881
5882
5883
5884
5885
7596
7595
7621
7622
7623
7626
7627
7630
7633
7635
7636
7639
7640
7643
7646
7667
7668
7675
7838
7870
8113
8691
8710
8711
8718
8719
8724
8725
8731
8732
8733
8742
8743
8750
8751
8756
8757
8763
8764
8765
985
994
998
1025
1031
1075
1076
1077
1078
1079
1080
1081
1082
1083
1084
1085
1086
1102
1103
1087
1089
1091
1100
5853
1577
1946
1978
2005
2037
3599
3602
3604
3605
3606
3631
3634
3636
3637
3638
1285
1286
1287
1288
1317
1318
1319
1320
9770
9772
9773
2013
9776
9777
10096
9783
9784
9785
9786
10098
9787
9788
9792
9793
9794
9774
9795
9835
9797
9798
9803
9804
9823
9824
9780
9825
9826
10106
9827
9829
9781
9830
9858
9859
9862
10113
9863
9790
9890
9891
9894
904
905
936
937
976
1001
1003
1004
1005
1006
1007
1008
1009
1010
1011
1012
1013
1015
1016
1014
1017
1018
1019
1020
1021
1022
1023
9218
9219
9221
9223
9224
9226
9227
9229
9230
9231
9228
9232
9233
9235
9236
9237
9238
9239
9240
9234
9241
9242
9243
9244
9245
9246
9247
9248
9249
9250
9251
9253
9255
9256
9561
9562
9563
9564
9565
9569
9570
9571
9593
9594
9595
9596
9597
9600
9601
9602
9603
9604
9607
9608
9610
9611
9612
9613
9614
9615
9616
9617
9618
9619
9621
9622
9623
9624
9625
9626
9627
9628
9629
9630
9632
9633
9634
9635
9636
9639
9640
9642
9643
9644
9645
9646
9647
9648
9649
9650
9651
9653
9654
9655
9656
9657
9658
9659
9660
9661
9662
9665
9673
9674
9675
9676
9677
9678
9679
9680
9681
9682
9683
9684
9685
9669
9771
9666
9690
9692
9668
9834
9697
9686
9705
9706
9707
9708
9709
9782
9710
9711
9712
9713
9700
9701
9698
9714
9715
9716
9717
9722
9724
9718
9802
9728
9729
9730
9731
9732
9733
9734
9735
9736
9737
9738
9739
9740
9741
9742
9743
9744
9860
9861
9892
9893
10131
10132
1002
10133
9851
9931
1280
1312
9605
9609
9637
9641
9667
9670
9671
9672
9887
9801
9687
9688
9689
9699
9702
9703
9704
9719
9720
9721
9839
9895
9896
9800
9898
9925
9915
9899
9900
9904
9905
9906
9907
9911
9914
9840
9926
9929
10126
10127
9928
9932
9036
9948
9038
9935
9039
9040
9041
9949
9042
9870
9043
9044
9045
9046
9950
9049
9048
9866
9050
9051
9951
9052
9053
9054
9055
9056
9057
9952
9058
9059
9060
9061
9062
9953
9063
9936
9064
9066
9067
9068
9954
9069
9070
9071
9072
9955
9073
9074
10128
9075
9076
10102
9077
9956
9078
9080
9081
9082
9957
9084
9083
9085
9086
9087
9958
9937
9089
9090
9091
9872
9092
9959
9913
9093
9094
9095
9807
9096
9097
9960
9098
9099
9100
9101
9961
9103
9105
9104
9102
9106
9962
9108
9109
9110
8986
9938
9112
9963
9113
9114
9115
8987
9116
9873
9117
9964
2906
9799
9118
9119
9808
9121
9122
9123
9124
9125
9126
9966
9127
9919
9128
10134
9129
9918
9130
9855
9131
9967
9132
9133
9135
9136
9137
9134
2938
9968
9138
9939
9920
9140
9141
9874
9142
9868
9969
9146
9147
9970
9149
9148
9144
9145
9150
9151
9971
9152
10135
9153
9154
9156
9972
9157
9158
9159
9161
9973
9162
9163
9940
9164
9165
9166
9875
9974
9168
9169
9170
10114
9171
9975
9172
9173
9174
9175
9176
9976
9177
10136
9178
9179
9180
9181
9977
9182
9184
9185
9186
9978
9188
9941
9189
9190
9191
9876
9979
9193
9194
9811
9195
9196
9980
9197
9198
10129
9200
10103
9201
9981
9202
10137
9203
9204
9205
9206
9982
9207
9208
9209
9210
9211
9983
9212
9213
9942
9850
9877
9984
9985
9916
9986
10138
9987
9988
9943
9989
9813
9934
9014
9908
10139
9015
9992
9258
9259
9016
9261
9262
9260
9993
9944
9921
9263
9264
9865
9265
9879
9017
9266
9267
9268
9843
9269
9867
9270
9018
9271
9791
9897
9901
9902
9903
9272
9273
9274
9275
9019
9276
9277
9996
10140
9278
9279
9020
9281
9282
9778
9021
9945
9910
9880
9022
9999
9023
9789
9300
9301
9024
9302
10141
10109
9025
9307
9309
9026
9946
9313
9314
9881
9027
10004
10125
9320
9321
9028
9323
10130
9325
10099
9029
10142
9327
9328
9329
9330
9331
9030
9332
9333
9334
9927
9031
9947
9339
9882
9341
9032
9817
9345
9347
9348
9349
9350
9864
9351
9034
10143
9352
9353
9354
9035
9357
9360
9849
9883
9818
9366
9367
9370
9373
9909
9377
9933
9379
9380
9037
9838
9381
10144
9382
9383
9386
9384
10112
9385
9389
9922
9884
9871
9819
9806
9088
9398
9399
9402
9405
10145
9409
9779
9410
9413
9414
9885
9120
9965
9412
9415
9416
9418
9820
9419
9842
9420
9421
9422
9423
9424
9425
9426
9427
9428
9810
9429
9836
9430
9431
10146
9432
9433
9434
9435
9436
9437
9886
9439
9441
9442
9445
9444
9446
9812
9878
9447
9448
9450
9451
9452
9453
9454
10108
9455
9456
9869
9457
9458
9459
9460
9814
9461
9462
9463
9466
9465
9464
9467
9468
9856
9469
9471
9472
9815
9473
9474
9475
9476
9477
9478
9308
9310
9311
9479
9480
9481
9482
9484
9485
9816
9488
9489
9492
9493
9494
9496
9497
9498
9501
9340
9342
9343
9344
9346
9503
9504
9923
9917
9775
9845
10046
10048
10049
9358
9359
10050
10052
9361
9362
9363
9364
10053
10054
9930
10055
9574
9575
9577
10056
9578
9581
9582
10057
9585
10058
9588
10059
10060
9852
10061
10064
10066
10067
9924
10110
10070
9376
9378
10071
10074
10075
10076
10077
10078
9831
10080
10107
10081
10082
10084
9832
10085
10086
10087
10088
10089
9745
9746
9390
9833
9747
10090
9748
9912
9749
9750
9751
9752
10091
9753
9754
9755
9756
9757
9391
9392
9844
9393
10092
9758
9759
9760
9761
10093
9762
9763
9764
9765
9766
9767
9768
9769
9394
9395
9396
9857
9691
9694
9695
9723
9726
9727
9796
9828
9888
1121
1134
1135
1162
1172
1194
9848
9889
10047
1204
10051
10101
1295
1304
1305
1306
1307
1308
1309
1310
9846
10069
1327
1336
1337
1338
1339
1340
1341
10083
1342
1345
1346
1347
1348
1349
1350
1365
9395
9396
1367
1368
1374
1377
1378
1379
1380
1381
1382
1399
1397
1406
1400
1408
1409
1410
1411
1412
1414
1413
1415
1416
1417
1420
1419
1418
1421
1422
1423
1424
9846
9847
9848
1425
1426
9888
9889
1427
1428
1429
1430
1431
1432
1434
1433
10047
10051
10069
1435
10083
10101
1436
1437
1438
1440
1442
1441
1444
1439
1445
1443
1446
1447
1448
1449
1450
1451
1452
1453
1454
1455
1456
1457
1458
1459
1460
1461
1462
1463
1464
1465
1466
1467
1468
1469
1470
1471
1478
1479
1480
1492
1494
1495
1499
1500
1509
1510
1511
1512
1524
1527
1526
1531
1532
1311
1335
1343
1344
1351
1352
1353
1354
1355
1362
1363
1364
1366
1369
1370
1372
1373
1375
1376
1396
1401
1407
1555
1624
1625
1626
1627
1628
1472
1473
1474
1629
1475
1477
1657
1656
1658
1660
1659
1481
1482
1483
1484
1682
1661
1686
1684
1689
1685
1690
1491
1493
1496
1497
1498
1501
1502
1503
1504
1505
1714
1716
1506
1507
1513
1514
1515
1516
1718
1721
1717
1722
1795
1523
1525
1528
1798
1799
1806
1529
1530
1533
1802
1805
1807
1534
1535
1536
1537
1538
1539
1540
1541
1542
1543
1544
1810
1814
1816
1834
1837
1838
1839
1842
1846
1848
1988
2049
2081
2114
2117
2124
2146
2149
2156
1545
1546
2520
1547
1548
2552
2560
2581
2592
2613
2902
2903
2904
2908
2909
2910
2934
1549
1550
1551
1552
2940
2936
2935
2941
2942
2947
2949
2953
2954
2956
2957
2959
2961
2962
2965
2979
2981
2985
2986
2988
2989
2991
2993
2994
2997
3009
3010
3015
1561
1569
1570
1571
3030
3041
3042
3047
1573
1574
1575
1582
1583
3062
3079
3080
3081
3082
3083
3084
3085
3086
3087
3089
3088
3090
3091
3092
3093
3094
3096
3099
3100
3101
3102
3103
3105
3106
3107
3108
3109
3111
3112
3113
3114
3115
3116
3117
3118
3119
3120
3121
3122
3123
1593
3124
3125
3126
3128
3129
3131
3132
3133
3134
3135
3136
3137
3138
3140
3141
3143
3144
3148
3151
3152
3153
3154
3155
3156
3157
3162
3161
3158
3163
3164
3167
3168
3169
3170
3171
3172
3173
3174
3175
3176
3178
3180
3181
3182
3183
3184
3185
3186
3187
3188
3189
3190
3193
3194
3195
3196
3199
3200
3201
3211
3212
3213
3214
3215
3216
3217
3218
3219
3220
3221
3222
3223
3224
3225
3226
3227
3228
3229
3230
3231
3232
3233
3234
3235
3236
3237
3238
3239
3240
3241
3242
3243
3244
3245
3246
3247
3248
3249
3250
3251
3252
3253
3254
3255
3256
3257
3258
3259
3260
3261
3262
3263
3264
3265
3266
3268
3269
3270
3271
3273
3274
3277
3278
3279
3283
3284
3287
3288
3291
3294
3296
3297
3298
3300
3301
3302
3303
3305
3306
3309
3310
3311
3315
3316
3335
3336
3337
3338
3339
3340
3341
3342
3343
3354
3355
3356
3357
3358
3359
3364
3367
3368
3369
3370
3371
3372
3373
3374
3376
3375
3377
3380
3382
3378
3381
3379
3383
3384
3386
3387
3388
3389
3390
3391
3392
3393
3394
3395
3396
3397
3398
3399
3400
3401
3402
3403
3404
3405
3406
3407
3408
3409
3410
3411
3412
3413
3414
3415
3416
3417
3418
3419
3420
3421
3422
3424
3423
3425
3426
3427
3430
3434
3428
3429
3432
3431
3433
3435
3436
3437
3438
3439
3440
3441
3442
3443
3444
3445
3446
3447
3448
3449
3450
3451
3452
3453
3454
3455
3456
3457
3458
3459
3460
3461
3462
3463
3464
3465
3466
3467
3468
3473
3474
3475
3476
3469
3472
3470
3471
3477
3478
3479
3480
3481
3482
3483
3484
3485
3486
3487
3488
3489
3490
3491
3495
3496
3497
3498
3499
3500
3505
3506
3519
3786
3787
3788
3793
3796
3797
3798
3799
3800
3801
3804
3805
3807
3818
3819
3820
3825
3828
3829
3830
3831
3832
3833
3836
3837
3839
3840
3851
3854
3852
3855
3856
3857
3858
3872
3871
3883
3884
3886
3887
3888
3889
3890
3903
3907
3908
3911
3912
3913
3914
3917
3918
3923
3924
3927
3928
3930
3932
3950
3955
3959
3964
3965
3956
3960
3961
3962
3963
3968
3969
3975
3980
4014
4015
4033
4035
4036
4037
4042
4043
4044
4046
4047
4065
4067
4068
4074
4069
4075
4076
4078
4079
4100
4101
4104
4105
4106
4107
4108
4110
4109
4111
4112
4113
4114
4115
4116
4117
4118
4119
4120
4121
4122
4123
4124
4125
4126
4127
4128
4129
4130
4132
4133
4134
4135
4136
4157
4158
8213
8214
8220
8221
8237
8238
8245
8246
8252
8253
8259
8257
8260
8261
8291
8292
8293
8299
8300
8301
8302
8303
8304
8305
8306
8307
8309
8308
8312
8313
8389
8391
8392
8410
8413
8412
8421
8423
8424
8442
8444
8445
3097
8453
8676
8900
8901
8902
8903
8904
8906
8912
8918
8925
8932
8933
8934
8935
8936
3267
3272
3275
3276
8938
8944
8950
8957
9047
9079
9107
9111
9139
9143
3299
9155
9160
9187
9192
3304
3307
3308
9821
9853
1108
1110
1106
1111
1112
1114
1116
1117
1123
1132
1140
1142
1143
1144
1146
1148
1149
1138
1164
1173
1196
1205
1508
3972
1738
1742
1770
1774
1797
1803
1808
1815
1809
1827
1823
1811
1826
1829
1830
1831
1835
1847
1841
1855
1840
1843
1927
1930
1931
1959
1962
1963
2311
2315
2343
2347
2510
2511
2515
2522
2523
2524
2527
2543
2542
2547
2554
2555
2556
2559
2624
2625
2626
2627
2647
2650
2656
2657
2659
2658
2679
2682
3027
3059
3073
3074
3075
3076
3077
3285
3289
3293
3317
3319
3320
3321
3323
3325
3326
3328
3329
3332
3333
3334
3360
3361
3365
3366
3520
3533
3541
3588
3620
3719
3751
3861
3862
3910
3893
3894
3915
3919
3939
3940
3942
3943
3944
3945
3946
3947
3949
3951
3966
3967
3982
3983
1153
1371
1403
1476
8373
8394
8396
8397
8407
8409
8426
8428
8441
8439
8429
8454
8532
8535
8564
8567
1980
8687
8688
8693
8696
8694
8695
8707
8704
8709
8712
8730
8736
8739
8744
8761
8762
8726
8758
8741
8775
8776
8786
8788
8789
8793
8794
8797
8798
8807
8808
8809
8817
8818
8820
8821
8825
8826
8829
8830
8905
8911
8919
8920
8922
8923
8937
8943
8951
8952
8954
8955
9183
3286
9355
3290
3292
3295
3318
9356
9365
9387
9388
9368
9372
9374
9375
9397
3322
3324
3327
9400
9404
9406
9407
9417
9408
9438
9449
9470
9483
9440
9491
9495
9500
10063
10068
10073
10079
10095
10100
10105
10111
78
79
110
111
275
307
337
339
369
646
650
654
655
660
665
666
670
669
671
678
682
686
687
692
696
695
697
698
699
700
701
702
703
704
707
716
719
720
5514
5533
5546
8363
8364
8365
8366
8367
5566
5565
5568
5569
5570
5573
5577
5578
5582
5587
5594
5598
5600
5601
5602
5605
5609
5610
5613
5614
5619
5626
5630
8782
8810
8811
8813
8814
8815
8816
8819
5834
5836
5837
5838
5840
5841
5842
5843
6029
6030
6033
6034
6035
6036
6038
6039
6040
6041
6048
6049
6050
6052
6055
6056
6057
6058
6059
6061
6062
6065
6066
6067
6068
6070
6071
6072
6073
6083
6088
6101
6104
6105
6109
6111
6115
6120
6133
6136
6137
7109
7110
7121
7122
7124
7126
7135
7141
7142
8130
8133
8134
8136
8141
8142
8143
8144
8146
8147
8148
8149
8162
9822
8165
8166
8168
8172
8173
8174
8175
8176
8177
8178
8179
8180
9854
8181
371
3651
3652
3653
3670
3683
3684
3685
3688
3689
3690
3845
3834
3691
3702
3802
3841
3844
3848
3849
711
715
1063
4505
4513
4514
4516
4517
4522
4526
4528
4530
4531
4532
4521
4535
4539
4540
4558
4566
4590
4598
4618
4626
5176
5177
5184
5186
5201
5209
5216
5218
5233
5241
5253
5258
5259
5285
5290
5291
5317
5327
5328
5349
1042
5359
5360
5378
5393
5410
5425
5442
1074
5445
5447
5450
5451
5453
5456
5457
5462
5454
5455
5466
5467
5474
5477
5479
5482
5483
5485
5486
5489
5498
5499
5487
5488
5494
5985
7832
7864
7896
7900
7928
7932
8224
8225
8228
8229
8236
8239
8240
8241
8242
8243
8244
5206
5211
5238
5243
3549
3547
3550
3551
3552
3553
3554
3555
3556
3557
3558
3559
3560
3561
3562
3563
3564
3565
3566
3567
3568
3569
3570
3577
3578
3579
3580
3581
3587
3619
9411
9443
9499
9505
9508
9507
9509
9510
9511
9512
9514
9513
9516
9517
9521
9520
9524
9528
9527
9526
9529
9530
9531
9533
9532
9535
9538
9539
9541
9542
9573
9994
9995
9997
10001
10002
9998
10005
10014
10016
10017
10018
10019
10021
10028
10031
10020
10026
10027
10024
10025
10029
10034
10030
10033
439
448
449
480
481
658
662
659
661
691
693
694
709
690
705
708
706
1057
3544
3548
9506
9525
10006
10015
5615
5649
5638
5653
5654
5642
5657
5835
5832
5681
5674
5670
5686
5848
5689
2759
2791
5685
6054
6108
6047
6076
6053
6085
6031
6090
6084
6064
6080
6100
6093
6063
5831
6075
6037
6087
6044
6140
6077
5828
6112
6079
6069
6151
6117
6081
6028
6147
6114
6032
6086
6045
6153
6089
6095
6157
6043
6113
6099
6102
6118
6122
6097
6082
6094
6096
6125
6103
6116
6119
6106
6110
6107
6098
6126
6123
6121
6128
6127
6130
6141
6148
6132
6139
6160
6129
6131
6134
6159
6135
6143
6138
6154
6144
6150
6145
6161
6142
6152
6158
6156
7119
6146
6155
6149
7129
7132
7051
7148
7151
7071
7111
7161
7103
7083
7106
7164
7115
7098
7169
7100
7113
7101
7104
7147
7114
7107
7112
7108
7136
7130
7160
7192
7191
7154
7118
7125
7157
7131
7127
7172
7153
7201
7134
7143
7156
7173
7145
7144
7163
7170
7140
7128
7221
7167
7224
7138
7166
7150
7146
7158
7139
7159
7175
7176
7180
7185
7162
7186
5829
5830
7184
7179
7181
7183
7171
7207
7177
7182
5839
7211
7178
7187
7190
7210
7174
7209
7233
7203
7195
7219
7208
7222
7193
7226
7194
7204
7212
7223
7196
7202
7205
7225
7214
7213
7232
7217
7206
7228
7216
7218
7244
7235
7243
7215
7264
7234
7262
7239
7236
7258
7227
7237
7274
7261
7318
7241
7242
7263
7272
7260
7257
7321
7283
7267
7276
7271
7240
7269
7259
7289
7266
7329
7300
7275
7265
7268
7273
7277
7281
7298
7278
7284
7301
7280
7279
7350
7287
7295
7299
7285
7296
7282
7353
7286
7306
7294
7293
7319
7309
7305
7303
7311
7302
7310
7291
7320
7292
7316
7315
7290
7288
7371
7332
7312
7374
7304
7307
7324
7313
7314
7326
7308
7317
7344
7322
7328
7325
7355
7335
7323
7331
7345
7336
7116
7333
7338
7330
7348
7337
7339
7342
7356
7406
7341
7346
7334
7351
7352
7340
7363
7327
7357
7359
7376
7343
7358
7366
7347
7361
7349
7364
7365
7360
7372
7381
7427
7362
7367
7428
7370
7375
7382
7379
7354
7369
7368
7386
7389
7441
7444
7388
7380
7378
7404
7383
7387
7394
7392
7390
7400
7391
7402
7189
7398
7459
7385
7460
7399
7393
7397
7395
7401
7384
7407
7473
7396
7416
7476
7419
7408
7434
7425
7422
7438
7415
7413
7412
7417
7421
7411
7423
7430
7420
7410
7426
7433
7414
7418
7432
7429
7440
7512
7424
7458
7431
7516
7435
7463
7456
7437
7446
7442
7448
7468
7455
7475
7445
7487
7436
7461
7443
7472
7478
7488
7465
7470
7469
7447
7462
7496
7457
7464
7467
7466
7474
7489
7492
7479
7480
7477
7297
7490
7703
7493
7491
7495
7705
7706
7530
7708
7518
7511
7535
7522
7513
7682
7517
7532
7525
7494
7519
7533
7523
7521
7534
7686
7520
7524
7527
7738
7683
7529
7531
7681
7537
7538
7526
7528
7699
7536
7693
7687
7698
7717
7697
7701
7694
7700
7714
7732
7726
7702
7716
7720
7713
7712
7715
7772
7719
7805
7731
7718
7721
7769
7752
7725
7801
7804
7773
7784
7724
7403
8111
8112
8203
8108
7510
7735
10162
6042
6046
6074
6078
7099
104
248
216
72
826
864
825
830
833
793
865
794
832
798
1056
1050
1052
1049
1053
1024
1046
1055
76
108
1043
1044
1045
1047
1048
4629
4586
4609
4636
4554
4644
4639
4653
4643
4630
4652
4637
4635
4654
4612
4634
4617
4627
4631
4641
4646
4640
4633
4651
4650
4638
4661
4658
4632
4657
4675
4662
4659
4677
4668
4669
4670
4664
4680
4665
4676
4671
4685
4679
4672
4695
4666
4705
4673
4683
4663
4688
4687
4710
4720
4718
4707
4709
4667
4711
4717
4699
4689
4714
4700
4684
4721
4690
4704
4686
4713
4696
4691
4726
4719
4706
4701
4703
4708
4732
4697
4715
4716
4694
4693
4692
4712
4725
4727
4722
4723
4724
4746
4728
4733
4611
4613
4614
4645
4647
4648
4649
4731
4747
4739
4738
4736
4743
4745
4744
4737
4752
4748
4742
4735
4751
4749
4763
4775
4760
4765
4755
4767
4741
4764
4766
4750
4783
4762
4753
4779
4740
4786
4772
4754
4780
4774
4757
4758
4761
4759
4781
4768
4756
4776
4769
4782
4773
4789
4794
4784
4792
4682
4787
4785
4806
4802
4797
4812
4813
4803
4793
4805
4791
4788
4804
4798
4816
4796
4790
4800
4799
4818
4801
4807
4814
4822
4795
4820
4811
4821
4836
4828
4835
4815
4810
4819
4817
4825
4809
4824
4823
4826
4831
4846
4841
4729
4834
4838
4845
4829
4837
4863
4832
4827
4830
4842
4839
4840
4843
4833
4852
4844
4850
4858
4859
4853
4857
4860
4848
4849
4854
4870
4851
4862
4864
4872
4855
4867
4871
4856
4873
4771
4866
4868
4879
4880
4861
4888
4881
4869
4887
4886
4875
4878
4882
4897
4885
4892
4889
4894
4904
4884
4891
4914
4899
4883
4911
4896
4903
4890
4910
4902
4901
4900
4895
4913
4893
4906
4808
4924
4907
4919
4932
4920
4905
4912
4918
4909
4947
4915
4922
4916
4926
4921
4934
4933
4917
4929
4931
4923
4935
4939
4927
4928
4938
4943
4925
4930
4937
4940
4955
4948
4944
4941
4951
4942
4946
4962
4847
4945
4949
4954
4950
4967
4953
4960
4970
4980
4956
4952
4975
4957
4963
4961
4968
4965
4964
4966
4958
4982
4959
4971
4973
4972
4976
4978
4985
4977
4984
4983
4969
4974
4981
4987
4996
4979
4993
4991
4992
4986
4989
4990
5003
4995
5002
4988
4898
5022
5004
5016
5019
5023
5008
5006
5007
5018
5014
5025
5020
5061
5021
5017
5024
5050
5038
5015
5034
5026
5036
5035
5058
5066
5039
5054
5048
5063
5040
5051
5049
5055
5057
5047
5076
5046
4936
5052
5068
5053
5056
5097
5062
5064
5069
5070
5072
5075
5071
5065
5073
5079
5080
5081
5086
5082
5074
5084
5089
5088
5078
5090
5093
5103
5085
5100
5095
5083
5098
5120
5107
5110
5112
5094
5114
5106
5101
5096
5124
5102
5105
5108
5118
5104
5113
5116
5117
5111
5130
5144
4994
5115
5509
5131
5123
5132
5162
5156
5155
5575
5145
5163
5164
5152
5536
5504
5574
5518
5512
5648
5656
5545
5652
5541
5532
5658
5655
5592
5517
5513
5564
5571
5567
5661
5612
5544
5597
5611
5680
5688
5535
5550
5572
5549
5684
5687
5623
5690
5693
5604
5576
5621
5588
5579
5585
5618
5603
5617
5586
5580
5591
5589
5608
5620
5644
5607
5629
5606
5660
5624
5632
5645
5633
5635
5726
5692
5730
5641
5676
5662
5636
5748
5664
5663
5667
5659
5665
5673
5714
5677
5716
5703
5704
5691
5148
5699
5694
5695
5862
5149
5698
5668
5759
5863
5865
5746
5867
5871
5700
5761
5735
5766
5731
5765
5736
5732
5749
5722
5770
5717
5764
5873
5725
5754
5772
5870
5758
5869
5760
5874
5762
5763
5727
5769
5791
5757
5790
5767
5768
5796
5792
5799
5775
5776
5797
5773
5774
5826
5798
5894
5823
5854
5844
5794
5793
5825
5858
5886
5795
5845
5914
5801
5890
5802
5800
5880
5847
5889
5857
5887
5916
5893
5846
5901
5892
5855
5876
5952
5953
5895
5956
5905
5954
5859
5903
5906
5955
5957
5961
5960
5958
5962
5959
5964
5888
5891
5927
5963
5900
5913
5911
5902
5904
6162
6163
5897
6164
6165
5898
6166
6167
6170
5907
6168
6171
5921
6169
6172
6173
6179
6180
6183
5909
5912
5899
6189
5896
6194
6195
5910
6196
5915
6197
6198
6199
6200
6201
6202
6203
6204
6205
6174
5918
6175
6193
6182
5932
5930
6190
6186
5935
5922
5926
5933
6209
5919
6217
6207
5944
5936
6214
5931
5924
6206
5923
5934
6218
5928
5942
5925
5937
5920
5939
5929
6222
6226
6223
6241
6227
5938
6060
5945
6246
5946
6249
5943
6254
5771
6250
5949
5948
6255
5947
5950
6259
6258
6272
5951
6213
6276
5941
6277
6278
6279
6282
6281
6273
6188
6287
6274
6212
6289
6211
6192
6275
6216
6185
6239
6232
6215
5824
6301
5833
6283
6286
6302
6285
6303
6290
6288
6284
6228
6304
6308
6309
6310
6233
6311
6300
6234
6220
6295
6248
6314
6312
6294
6313
6319
6244
6305
6321
6306
6291
6293
6235
6333
6335
6267
6334
5866
6337
6338
6229
6247
6340
6341
6270
6339
6342
6320
6224
6230
6236
6317
6326
6307
6323
6322
6252
6231
6245
6353
6315
6238
6354
6356
6357
6325
6318
6316
6360
6361
6260
6327
6362
6369
6370
6243
6371
6372
6373
6374
6237
6266
6386
6385
6388
6261
6265
6268
6389
6392
6394
6393
6256
6401
6269
6262
6264
6263
6406
6400
5917
6407
6402
6409
6410
6271
6345
6411
6408
6420
6421
6422
6423
6418
6424
6425
6343
6364
6426
6433
6336
6376
6428
6436
6368
6427
6397
6378
6440
6431
6430
6442
6432
6403
6429
6344
6434
6375
6363
6453
6452
6457
6454
6405
6456
6455
6458
6399
6346
6366
6467
6441
6443
6459
6460
6438
6377
6473
6474
6476
6477
6475
6470
6365
6412
6479
6478
6480
6469
6450
6481
6367
6181
6184
6187
6489
6490
6491
6191
6492
6493
6461
6464
6499
6462
6395
6483
6463
6505
6507
6506
6396
6398
6501
6508
6509
6502
6510
6511
6465
6468
6512
6484
6486
6513
6487
6495
6488
6435
6482
6521
6522
6523
6524
6219
6525
6416
6485
6417
6528
6531
6413
6515
6221
6494
6496
6536
6497
6537
6539
6500
6517
6543
6538
6518
6542
6225
6447
6520
6519
6516
6527
6514
6415
6526
6414
6560
6563
6551
6550
6568
6446
6546
6569
6571
6541
6540
6570
6547
6545
6544
6575
6556
6553
6552
6445
6557
6251
6572
6253
6437
6573
6577
6444
6584
6576
6257
6578
6448
6583
6579
6599
6594
6596
6588
6582
6585
6589
6449
6592
6595
6602
6593
6601
6600
6607
6630
6628
6606
6598
6625
6605
6621
6604
6620
6623
6622
6626
6555
6280
6631
6624
6633
6627
6549
6650
6632
6637
6647
6634
6638
6636
6639
6648
6664
6641
6655
6652
6654
6656
6591
6653
6672
6657
6667
6668
6684
6681
6683
6676
6685
6673
6471
6559
6558
6678
6587
6675
6548
6674
6590
6677
6679
6696
6581
6682
6688
6355
6358
6359
6689
6704
6700
6580
6699
6697
6715
6716
6713
6720
6706
6387
6390
6391
6705
6709
6717
6503
6710
6707
6708
6711
6721
6714
6404
6722
6744
6646
6419
6752
6747
6750
6754
6753
6439
6727
6451
6738
6741
6723
6748
6472
6728
6740
6734
6737
6778
6725
6504
6733
6732
6729
6736
6731
6739
6529
6782
6724
6751
6730
6779
6742
6743
6749
6726
6735
6561
6574
6763
6745
6597
6755
6603
6758
6756
6777
6629
6771
6759
6760
6774
6768
6635
6761
6765
6757
6762
6769
6642
6764
6643
6785
6766
6772
6773
6770
6775
6665
6666
6767
6780
6669
6670
6671
6788
6783
6781
6792
6686
6687
6791
6786
6793
6787
6794
6804
6797
6698
6701
6702
6703
6795
6799
6784
6789
6801
6800
6796
6802
6718
6719
6863
6805
6865
6798
6814
6809
6812
6860
6868
6820
6827
6867
6815
6818
6819
6803
6813
6808
6810
6807
6875
6746
6817
6823
6816
6825
6872
6873
6878
6833
6806
6879
6896
6897
6831
6893
6832
6839
6900
6821
6895
6899
6826
6892
6844
6824
6829
6834
6845
6907
6842
6904
6905
6836
6828
6835
6853
6837
6838
6857
6830
6855
6856
6944
6916
6910
6924
6911
6917
6922
6918
6919
6841
6847
6923
6840
6921
6925
6854
6927
6953
6959
6858
6846
6866
6870
6776
6876
6871
6885
6889
6887
6869
6890
6903
6898
6886
6901
6902
6888
6908
6914
6929
6915
6920
6926
6945
7220
6946
6913
6961
6952
6982
7039
6947
7004
6958
7036
7007
7014
7067
6848
6849
6850
6851
7547
7545
7539
6852
7550
7555
7552
6859
7540
7543
7544
6861
6862
7562
6864
7560
6874
7569
7561
7567
7570
7568
6877
6880
6881
6882
6883
6884
7584
7587
7573
7580
7576
7514
7594
6891
6894
7602
7599
7593
6906
7592
7600
7601
7608
7605
7542
6909
7612
6912
7564
7549
7565
7551
7548
7546
7574
7571
7598
7572
7583
7582
7575
7577
7578
7581
7611
7579
7647
7830
7839
7840
7862
7603
7946
7947
7948
7950
7951
7619
7949
7634
7952
7631
7604
7645
7597
7613
7649
7607
7624
7609
7620
7606
7625
7642
7628
7648
7614
7615
7641
7610
7188
7632
7616
7618
7657
7663
7617
7656
7650
7652
7660
7664
7666
7515
7953
7563
7566
7651
10003
10120
10123
10124
10013
10010
10008
10012
10000
10009
10007
10035
10023
10011
10045
10097
9991
10032
497
10037
10065
10094
10036
10042
10160
885
853
878
10115
10040
846
10039
10116
10041
10121
10148
10062
10043
10158
10044
10147
10153
10159
10157
1326
1517
2128
2129
2130
2132
2135
2137
2134
2167
2133
2376
2373
2372
2379
2384
2383
2382
2404
2414
2405
2415
2416
2411
5138
5153
5158
5121
5126
5137
5169
5170
5650
5651
5683
5682
6242
6208
6240
6210
10038
6609
6614
6615
6613
6616
6619
6645
6651
10117
10118
10119
10122
7556
7553
7558
7585
7589
7557
7588
7638
7637
7590
7669
7644
7676
7670
7741
7742
7736
7743
8966
8729
8967
8970
8971
8973
8999
9001
8997
9000
9003
9002
8998
9005
9033
9220
9065
9167
9199
6610
6611
6618
9004
7931
7899
8651
8655
8657
8656
8654
8647
8660
8636
8658
8671
8604
8650
8644
8663
8646
8659
8648
8661
8662
8642
8649
8664
8674
8703
1115
1147
3330
3363
3385
3362
3331
3353
8645
8652
7245
6091
7123
7155
7251
7252
7253
7247
7256
7238
7246
7270
7248
7250
7249
7254
7255
7498
7165
7499
7497
7504
7505
7502
7501
7503
7500
7507
7506
7509
7133
8354
2412
9296
9280
9288
9293
9317
9312
9315
9283
9299
9326
9284
9316
9286
9289
9291
9295
9290
9297
9319
9318
9285
9287
9322
9294
9298
9567
9584
9580
9606
9590
9589
9586
9579
9599
9638
9591
10022
9990
2819
2814
2817
2815
2818
2816
6331
6296
6297
6298
6328
6329
6299
6330
6332
7377
7409
7709
7711
7704
7710
8000
8006
8009
7998
8010
8002
8062
8008
7999
8041
8003
8054
8001
8063
8099
8067
8100
8004
8005
8007
8011
8012
8015
8016
8017
8034
8033
8018
8037
8031
8032
8022
8027
8030
8036
8059
8517
2293
2294
2289
2290
2292
2291
3145
3614
3657
3595
3659
3658
3661
3147
3662
3656
3627
3646
4299
4304
4336
3664
4465
4331
4476
4444
4433
3660
4504
1222
1254
3663
1556
1560
1559
1554
1588
1557
1590
1591
1558
1589
1592
1586
3160
3166
3177
3192
3198
3210
3017
3576
3020
3023
3021
3022
3574
3024
3025
3033
3049
3029
3571
3053
3052
3057
3054
3055
3061
3056
3065
3203
3202
3204
3205
3206
3207
3208
3575
4004
4007
3209
3348
3313
3282
3281
3345
3344
3349
3314
3352
3347
3346
3350
3351
3179
3573
3876
3877
3572
3881
3978
3970
3971
3977
3973
3990
3976
3991
3992
3989
3993
3997
3998
3994
3996
4003
4000
4002
3999
4001
4009
4005
4013
4008
4342
4310
4010
4026
4012
4028
4021
4438
4560
8235
4571
4470
4596
4564
4603
4592
4536
8320
8331
8329
8217
8219
8234
8232
8249
8233
8223
8470
8251
8256
8222
8298
8472
8255
8254
8474
8295
8296
8294
8475
8476
8468
8314
8478
8477
8297
8311
8479
8318
8317
8316
8319
8469
8321
8323
8324
8322
8325
8326
8330
8327
8328
8340
8360
8380
8356
8353
8355
8348
8359
8357
8362
8466
8358
8372
8464
8471
8465
8473
9217
8486
8485
8653
8497
8496
8498
8503
8505
8850
8882
9545
8845
8877
9006
8974
9548
9216
9552
9214
9553
9215
9554
9556
9557
8332
9558
8333
8334
8335
9487
8467
9486
8480
8481
8482
8483
8484
9490
8487
8488
8489
8490
8491
8492
9515
8493
8494
8495
9518
9522
9519
9537
9523
9543
9547
9546
9550
9549
9559
9725
9693
8780
8812
