166
167
177
175
178
168
179
180
199
206
208
209
212
213
231
238
240
241
244
245
256
143
145
146
147
148
161
162
163
164
165
143
145
146
147
148
160
161
162
163
164
165
192
325
326
327
328
329
330
331
332
333
334
335
336
337
338
160
192
160
192
160
192
259
258
260
261
262
324
339
340
341
29
30
31
32
33
34
194
195
38
39
40
41
42
43
108
109
110
111
112
113
137
138
139
140
150
151
152
153
154
155
156
157
158
171
172
173
174
176
159
169
170
144
198
230
133
134
135
136
141
142
149
181
182
184
183
191
201
196
197
215
216
219
15
16
17
20
22
23
24
26
27
44
45
46
47
227
233
48
49
52
54
55
56
58
59
62
65
228
229
68
73
75
76
77
78
79
80
81
82
83
84
85
86
114
115
116
117
118
119
120
121
123
126
127
128
129
130
131
132
251
257
247
248
265
267
268
269
270
193
282
284
285
288
200
289
290
202
203
205
297
301
300
299
302
211
214
314
316
317
217
321
218
221
222
223
224
225
226
232
234
235
237
243
246
249
250
253
254
255
263
264
271
272
273
274
281
283
286
287
292
293
295
296
303
304
305
306
313
315
318
319
320
322
323
122
64
266
298
280
291
294
298
307
308
309
310
311
312
18
19
21
25
28
35
36
60
276
277
278
279
37
185
186
187
188
189
190
204
207
210
236
239
242
252
37
185
210
236
239
242
252
37
185
186
187
188
189
190
204
207
210
236
239
242
252
37
185
186
187
188
189
190
204
207
210
236
239
242
252
37
185
188
189
190
204
207
210
236
239
242
252
204
207
210
236
239
242
252
50
51
53
57
61
63
66
67
69
70
50
51
71
72
74
124
125
220
275
53
57
61
63
66
67
69
70
71
72
74
124
125
220
275
50
51
53
57
61
63
66
67
69
70
71
124
125
220
275
50
51
53
57
61
63
66
67
69
70
71
72
74
124
125
220
275
63
66
67
69
70
71
0
1
3
4
5
6
9
10
7
11
12
13
14
95
96
107
101
102
98
102
101
90
92
87
88
89
91
93
94
97
100
105
87
88
89
90
91
93
94
97
98
100
105
