4275
4276
4278
4279
4284
4371
4375
4377
4378
4258
4260
4261
4264
4283
4258
4260
4264
4257
4258
4260
4264
4292
4299
4258
4260
4264
4257
4283
4
5
6
7
8
9
10
11
12
13
14
15
18
20
22
23
24
25
26
27
32
33
34
36
37
38
39
40
41
42
43
44
45
46
47
50
52
54
55
56
57
58
59
64
65
66
68
69
70
71
72
73
74
76
77
78
80
81
82
83
85
86
87
89
90
92
93
94
95
96
97
98
100
101
102
103
104
105
106
108
109
110
112
113
114
115
117
118
119
121
122
124
125
126
127
130
131
132
134
135
136
137
139
162
245
246
247
248
249
251
253
254
255
256
257
258
260
261
262
264
265
267
268
269
270
271
272
273
274
275
276
277
278
279
280
281
283
287
288
289
290
292
293
294
296
297
299
300
301
302
303
304
305
306
307
308
309
310
311
312
313
315
319
320
322
323
325
327
328
331
332
335
336
337
338
340
341
342
343
347
348
352
354
355
357
359
360
363
364
367
368
369
370
372
373
374
375
376
379
380
448
449
452
455
0
1
2
3
16
17
19
35
461
48
49
51
67
75
84
91
464
466
469
99
107
472
116
123
475
476
484
480
481
487
141
493
496
498
266
501
504
505
511
512
513
514
515
517
520
522
523
282
284
285
298
524
525
527
532
533
535
537
538
542
544
545
314
316
317
324
546
547
549
550
326
553
558
559
564
565
567
569
570
344
350
351
574
576
577
579
580
581
582
584
589
592
601
602
605
607
609
356
358
611
612
613
614
616
621
624
382
633
634
637
639
640
642
643
646
649
651
652
654
655
658
659
660
661
663
664
665
668
671
672
674
675
678
681
684
683
686
687
690
691
692
693
695
696
383
700
703
384
386
387
388
707
389
390
715
716
717
718
719
720
721
722
724
710
725
726
727
728
711
708
739
742
747
748
749
750
751
752
753
754
756
757
758
759
760
743
740
851
852
853
855
858
859
861
863
866
867
868
870
873
878
879
882
883
884
885
887
890
891
893
895
908
909
910
911
912
913
914
915
916
917
923
924
925
926
940
941
942
943
944
945
946
947
948
949
518
521
955
956
957
958
963
969
972
973
974
975
978
554
556
557
979
985
988
990
995
1001
1004
1005
1006
608
1007
1010
1011
1017
1020
1022
1025
1027
1029
1028
1030
1032
1033
1036
709
712
713
714
1098
729
730
731
732
741
1101
1102
1104
1125
744
745
746
761
762
763
1130
1133
1134
1135
1136
1137
1138
1139
1140
1143
764
1144
1145
1146
1148
1149
1150
1151
1152
1153
1155
1156
1157
1159
1160
1161
1162
1163
1164
1166
1167
1170
1171
1172
1174
1175
1176
1177
1178
1179
1180
1181
1182
1183
1184
1185
1187
1188
1189
1193
1191
1192
1194
1195
1196
1199
1202
1203
1207
1208
1209
1210
1211
1212
1213
1214
1215
1216
1217
1218
1219
1220
1221
1222
1223
1225
1226
1227
1228
1229
1230
1231
1232
1233
1234
1235
1237
1238
1240
1242
1243
1246
1247
1248
1249
1250
1251
1252
1253
1254
1255
1257
1258
1259
1260
1261
1262
1263
1264
1265
1267
1268
1269
1270
1272
1274
1278
1279
1280
927
1296
1297
1299
1300
1303
1304
1305
1306
1307
938
1312
1328
1329
1331
1332
1335
1336
1337
1338
1339
1345
1346
1347
1348
1352
1356
1361
1362
1364
1365
1368
1369
1370
1371
1372
959
960
961
1373
1374
1375
962
1377
1378
1379
1380
1384
1388
1393
1394
1396
1397
1400
1401
1402
1403
1404
1405
1406
1407
1408
1409
1410
1411
970
1412
1413
1414
1415
1416
1417
1418
1419
1421
1422
1423
1424
1426
1427
1428
1429
1430
1431
1432
1435
1436
1437
1438
1439
1440
1441
1442
1443
1444
1445
1446
992
993
1447
1448
1449
1450
1451
1453
1454
1455
1456
1458
1459
1460
1461
1462
1463
1467
1468
1469
1470
1471
1481
1165
994
1484
1197
1002
1562
1570
1572
1573
1574
1576
1577
1578
1579
1580
1608
1609
1610
1612
1613
1614
1615
1616
1617
1618
1619
1620
1621
1622
1634
1636
1637
1638
1640
1641
1642
1644
1645
1646
1647
1648
1649
1650
1651
1652
1653
1654
1664
1665
1666
1667
1668
1669
1670
1671
1672
1673
1674
1675
1676
1679
1680
1681
1682
1683
1684
1685
1686
1688
1689
1691
1692
1693
1694
1695
1696
1697
1698
1699
1700
1701
1702
1703
1704
1705
1706
1707
1708
1711
1712
1713
1714
1715
1716
1717
1718
1720
1721
1723
1725
1726
1727
1728
1731
1734
1737
1739
1740
1741
1743
1744
1747
1748
1749
1750
1751
1752
1755
1758
1760
1763
1764
1766
1769
1771
1772
1773
1775
1776
1779
1780
1781
1782
1783
1784
1787
1790
1792
1793
1794
1796
1797
1798
1799
1800
1801
1802
1803
1805
1806
1103
1809
1810
1811
1812
1813
1817
1818
1821
1824
1825
1826
1827
1828
1829
1830
1831
1832
1833
1834
1835
1837
1838
1841
1842
1844
1845
1846
1849
1853
1854
1856
1858
1860
1862
1868
1869
1872
1873
1874
1875
1877
1878
1879
1880
1881
1882
1885
1886
1888
1890
1892
1894
1896
1900
1904
1905
1906
1907
1909
1910
1911
1912
1913
1914
1917
1918
1929
1930
1934
1936
1937
1938
1940
1946
1945
1943
1941
1939
1950
1944
1947
1949
1942
1951
1961
1962
1966
1968
1969
1972
1970
1977
1978
1976
1974
1979
1975
1971
1981
1973
1982
1983
1984
1985
1986
2004
2017
2018
2016
2036
2059
2060
2061
2062
2064
2065
2066
2067
2068
2069
2070
2063
2071
2078
2079
2080
2081
2082
2083
2084
2085
2086
2088
2089
2090
2091
2092
2093
2094
2095
2096
2097
2098
2099
2100
2101
2102
2103
2110
2111
2113
2114
2116
2117
2118
2119
2120
2121
2123
2125
2129
2133
2136
2138
2140
2141
2142
2143
2145
2146
2148
2149
2150
2151
2152
2153
2155
2157
2161
2164
2165
2166
2167
2168
2170
2172
2173
2174
2175
2176
2177
2179
2178
2180
2182
2190
2191
2192
2195
2196
2197
2198
2199
2200
2201
2189
2193
2203
2204
2194
2205
2208
2209
2210
2211
2212
2214
2216
2222
2223
2224
2227
2229
2230
2221
2225
2231
2233
2235
2236
2237
2240
2226
2232
2242
2243
2248
2244
2245
2246
2247
2249
2250
2251
2252
2253
2254
2255
2259
2258
2256
2257
2261
2262
2260
2267
2268
2270
2265
2263
2272
2269
2274
2275
2271
2276
2280
2278
2277
2281
2279
2282
2283
2284
2285
2286
2287
2289
2288
2290
2291
2292
2293
2294
2295
2297
2299
2300
2302
2301
2306
2303
2305
2304
2314
2316
2317
2313
2315
2321
2319
2322
2323
2324
2325
2330
2326
2328
2331
2327
2332
2333
2334
2329
2338
1724
2337
2336
2346
2345
2347
2348
2349
2351
2353
2354
2358
2355
2356
2357
2360
2362
2364
2365
2366
2363
2359
2368
2369
2361
2370
2371
2373
2374
2378
2380
2381
2383
1822
2387
2390
2397
2398
2399
2400
2401
2402
2403
2405
2406
2407
1865
2412
2413
2415
2418
2419
2422
2429
2430
1897
1898
1901
2431
2432
2434
2433
2443
2444
2445
2446
2447
2449
2452
2453
2454
2455
2456
2613
2614
2615
2617
2618
2619
2620
2621
2622
2623
2624
2625
2627
2629
2630
2631
2632
2633
2635
2636
2637
2638
2628
2639
2640
2641
2642
2643
2644
2645
2646
2647
2648
2649
2650
2651
2652
2653
2654
2656
2657
2659
2660
2661
2662
2663
2664
2665
2667
2668
2669
2670
2671
2672
2673
2674
2675
2676
2677
2678
2679
2680
2681
2682
2683
2684
2685
2686
2688
2689
2690
2691
2692
2693
2694
2695
2696
2122
2124
2704
2708
2711
2139
2712
2713
2714
2718
2719
2720
2721
2722
2723
2724
2725
2726
2727
2728
2154
2156
2732
2736
2740
2171
2743
2744
2745
2746
2750
2751
2754
2762
2202
2770
2771
2772
2776
2777
2778
2779
2781
2782
2786
2787
2794
2234
2802
2803
2804
2808
2809
2810
2811
2813
2814
2816
2817
2818
2819
2820
2821
2823
2824
2826
2827
2828
2829
2831
2832
2836
2837
2840
2842
2843
2845
2846
2847
2849
2848
2850
2851
2852
2853
2855
2856
2858
2859
2860
2861
2863
2864
2865
2868
2869
2872
2874
2875
2877
2878
2879
2884
2887
2891
2892
2894
2895
2896
2897
2901
2903
2318
2904
2905
2906
2907
2908
2915
2916
2320
2919
2923
2924
2926
2927
2928
2929
2335
2933
2935
2936
2937
2938
2939
2940
2945
2947
2350
2948
2949
2950
2951
2952
2953
2955
2352
2958
2959
2968
2970
2971
2973
2974
2975
2977
2979
2980
2981
2982
2983
2984
2985
2987
2367
2990
2991
2376
3000
3002
3003
3005
3006
3007
3009
3010
2386
3011
3012
2392
3013
3014
3015
3016
3017
3018
3021
3022
3023
3025
3034
3035
3037
3038
3039
3041
3042
3043
3044
3045
3046
3047
2408
3048
3049
3050
3053
3054
3055
3066
3067
2424
3069
3070
3071
3072
3075
3076
3080
3081
3084
3088
3089
3092
3096
3098
3102
3263
3268
3269
3270
3271
3272
3273
3275
3276
3277
3284
3285
3286
3287
3288
3289
3291
3292
3293
3300
3301
3302
3303
3304
3305
3307
3308
3316
3317
3318
3319
3320
3321
3323
3324
3325
3334
3336
3340
3469
3472
3475
3476
3484
3487
3495
3501
3504
3507
3508
3510
3516
3519
3527
3535
3542
3543
3545
3546
3547
3549
3559
3567
3574
3575
3577
3578
3579
3581
3522
3584
3585
3586
3587
3588
3589
3592
3593
3594
3595
3596
3597
3598
3599
3600
3601
3602
3523
3555
3603
3604
3607
3608
3548
3611
3612
3613
3614
3554
3615
3616
3617
3618
3619
3620
3621
3624
3625
3626
3627
3628
3629
3630
3631
3632
3633
3583
3634
3635
3636
3639
3640
3643
3644
3645
3646
3647
3580
3648
3649
3650
3652
3653
3654
3655
3656
3657
3551
3658
3659
3660
3661
3662
3663
3664
3665
3666
3667
3668
3669
3671
3672
3674
3675
3676
3677
3679
3680
3681
3682
3684
3685
3686
3687
3688
2909
3689
3690
3691
3692
3693
3694
3695
3696
3697
3698
3699
3700
3701
3703
3704
3706
3707
3708
3709
2941
2954
3711
3713
3714
3715
3716
3605
2967
3717
3718
3719
3720
3721
3609
3723
3724
3726
3727
2986
3729
2999
3732
3637
3641
3745
3642
3746
3747
3748
3749
3750
3751
3752
3753
3755
3756
3758
3057
3759
3761
3764
3638
3590
3970
3972
3973
3975
3984
3985
3987
3989
3990
3991
3290
3992
3993
3731
3322
3995
3996
3998
3999
4002
4004
4005
4007
3606
4016
4017
4019
4021
4022
4023
4024
4026
4027
4028
4030
4031
4038
4039
3610
4053
4054
3524
3525
4055
4058
4085
4086
4087
4090
3763
3556
3557
4097
4098
4102
4104
4113
4116
4118
4119
4122
4123
4124
4126
4127
4129
4130
4134
4145
4150
4151
4154
4155
4156
4158
4159
4160
4163
4164
4165
4166
4167
4168
4169
4170
4171
4172
4174
4175
4176
4180
4191
4192
4195
3622
4196
4197
4198
4199
4200
4201
4202
4203
4204
4206
4207
4208
4212
4223
4226
4228
4232
4243
4244
4246
4247
4253
4254
4252
4285
4286
4291
4293
4296
4300
4303
3670
4306
4307
4309
4310
4328
4331
4332
4335
4338
4339
4341
4342
4352
4355
4356
4361
4362
3702
4381
4382
4383
4384
4387
4388
3730
3733
3734
3737
3738
4295
3762
3765
3766
3769
3770
28
29
60
61
88
120
133
138
140
143
146
147
152
157
159
163
165
167
168
169
170
171
172
175
178
179
184
188
189
191
195
213
263
295
334
366
3105
3109
3110
3112
3114
3115
3116
3117
3118
3119
3120
3124
3133
3135
3139
3140
3142
3144
3145
3146
3147
3148
3149
3150
3151
3153
3155
3159
3161
3163
3164
3162
3166
3184
3185
3187
3191
3193
3195
3194
3196
3198
3199
3200
3201
3208
3210
3214
3216
3217
3218
3219
3222
3223
3227
3228
3231
3232
3233
3240
3242
3246
3248
3249
3250
3251
3254
3255
3259
3260
3264
3265
3343
3344
3347
3351
3352
3354
3362
3363
3370
3372
3373
3374
3375
3376
3379
3383
3384
3386
3392
3393
3404
3408
3409
3411
3413
3415
3416
3417
3418
3419
3420
3421
3423
3424
3425
3427
3428
3431
3432
3436
3440
3449
3450
3451
3452
3453
3455
3457
3460
3461
3463
3464
3465
3468
3470
3474
3477
3478
3489
3492
3493
3496
3497
3500
3506
3511
3526
3558
3651
3678
3683
3710
3728
3760
156
164
3994
173
4044
197
4076
4101
4115
4133
4147
4148
4251
4357
4389
3152
3414
128
129
160
161
339
371
479
483
528
552
555
560
697
986
1018
1141
1142
1147
1198
1204
1206
1236
1241
1266
1273
1611
1643
1745
1777
1788
1807
1814
1839
1864
1927
1948
1959
1980
450
451
473
526
2048
2049
2050
2051
2052
2053
2054
2055
2056
2057
2058
2087
2130
2132
2134
2162
2184
2228
2384
2388
2385
2389
2416
2420
2421
2417
2700
2709
2741
939
2755
3306
3509
1866
4265
4266
4269
4271
4272
4273
4274
4277
4281
4282
4265
4266
4269
4271
4272
4273
4274
4277
4281
4282
2934
2944
2946
3104
3108
3123
3154
3158
3186
3190
3207
3209
3213
3215
3239
3241
3245
3247
3357
3358
3360
3364
3365
3367
3368
3369
3389
3390
3403
3435
3520
3521
3528
3536
3537
3538
3539
3540
3541
3544
3550
3552
3553
3560
3568
3569
3570
3571
3572
3573
3576
3582
3591
3623
3673
3705
3712
3722
3725
3735
3736
3739
3740
3741
3742
3743
3744
3754
3757
3767
3768
4036
4037
4042
4043
4046
4047
4048
4051
4052
4056
4057
4059
4060
4062
4064
4065
4068
4069
4074
4075
4078
4079
4083
4084
4088
4089
4091
4092
4094
4096
4099
4100
4103
4105
4106
4107
4108
4110
4111
4112
4114
4117
4120
4121
4125
4128
4131
4132
4135
4136
4137
4138
4139
4140
4142
4143
4144
4146
4149
4152
4153
4157
4162
4173
4177
4178
4179
4194
4294
4298
4301
4304
4327
4330
4333
4336
4343
4345
4346
4347
4349
4351
4353
4354
4358
4385
4386
142
144
145
148
149
150
151
153
154
155
158
166
174
176
177
180
181
182
183
185
186
187
190
193
194
196
198
199
200
202
203
204
205
206
209
210
214
215
216
3479
217
3502
219
221
222
223
225
226
227
228
230
231
232
234
235
236
237
241
242
329
330
333
345
346
349
361
362
365
377
378
381
385
392
393
394
398
400
440
441
442
443
444
445
446
447
454
456
460
462
463
465
467
468
470
471
474
477
478
482
486
488
492
494
495
497
499
500
502
503
506
507
508
509
510
516
531
534
548
563
566
587
588
590
591
594
595
596
598
599
600
603
604
619
620
622
623
626
627
628
630
631
632
635
636
650
653
656
657
662
666
667
669
682
685
688
689
694
698
699
701
918
919
920
937
950
951
952
964
965
967
971
976
977
980
981
982
983
984
987
989
991
996
997
999
1003
1008
1009
1012
1013
1014
1015
1016
1019
1021
1023
1024
1026
1031
1034
1035
1037
1038
1052
1096
1097
1099
1100
1124
1126
1127
1128
1129
1131
1132
1173
1205
1239
1244
1245
1271
1275
1276
1277
1282
1283
1284
1287
1288
1291
1292
1295
1298
1301
1302
1308
1311
1314
1315
1316
1319
1320
1323
1324
1327
1330
1333
1334
1340
1343
1349
1351
1353
1354
1357
1358
1360
1363
1367
1381
1383
1385
1386
1389
1390
1391
1392
1395
1399
1420
1425
1452
1457
1472
1480
1482
1483
1485
1486
1487
1489
1490
1491
1492
1493
1494
1495
1496
1497
1498
1500
1501
1502
1503
1504
1512
1513
1514
1515
1516
1517
1518
1519
1521
1522
1523
1524
1525
1526
1527
1528
1529
1530
1532
1533
1534
1535
1536
1537
1538
1539
1540
1541
1542
1543
1544
1545
1546
1547
1548
1549
1550
1551
1552
1553
1554
1555
1556
1557
1558
1559
1560
1561
1564
1565
1566
1567
1568
1569
1571
1575
1581
1582
1583
1584
1585
1586
1587
1623
1624
1625
1626
1627
1628
1629
1630
1631
1632
1633
1635
1639
1655
1656
1657
1658
1659
1660
1661
1662
1663
1687
1690
1719
1722
1729
1730
1732
1733
1735
1736
1738
1742
1746
1753
1754
1756
1757
1759
1761
1762
1765
1767
1768
1770
1774
1778
1785
1786
1789
1791
1804
1819
1823
1836
1850
1851
1855
1857
220
1859
1861
1863
1867
1870
1871
1876
229
1889
1891
1893
1895
1899
238
1902
1903
1908
1920
1921
1922
252
1923
1924
1926
1931
1935
1952
1953
1954
1955
1956
1958
1963
1967
1988
1990
1991
1994
1995
1996
1998
1999
2000
2020
2022
2023
2026
2027
2028
2030
2031
2032
2035
2112
2115
2126
2127
2128
2131
2135
2137
2144
2147
2158
2159
2160
2163
2169
2181
2183
2185
2187
2188
2213
2215
2217
2218
2219
2220
2264
2296
2372
2375
2377
2379
2382
2391
2393
2394
2395
2396
2404
2409
2410
2411
2414
2423
2425
2426
2427
2428
2616
2626
2634
2655
2658
2666
2687
2697
2698
2699
2701
2702
2703
2705
2706
2710
2717
2729
2730
2731
2733
2734
2735
2737
2738
2742
2749
2956
2961
2962
2964
2965
2966
2969
2972
2976
2978
2988
2993
2994
2996
2997
2998
3001
3004
3008
3020
3027
3029
3031
3040
3052
3059
3061
3063
3078
3087
3090
3093
3094
3095
3097
3101
3103
3266
3267
3274
1154
1186
3294
3295
3296
3297
3298
3299
3309
3326
3327
3328
3330
3331
3333
3335
3339
3341
3342
3974
3976
4006
4008
4025
4061
4063
4093
4095
4109
4141
1820
1852
2186
3077
3082
3083
3085
3086
3113
3121
3128
3130
3134
3366
3073
2442
1059
1795
1795
3091
3107
3122
3329
3332
3337
3338
3361
3371
3486
3518
3771
3772
3774
3775
3776
3777
3778
3779
3781
3782
3783
3784
3785
3786
3787
3788
3789
3790
3792
3791
3793
3794
3795
3796
3797
3798
3799
3800
3801
3802
3803
3804
3805
3806
3807
3808
3809
3810
3811
3813
3814
3815
3816
3817
3818
3819
3820
3821
3822
3823
3824
3825
3826
3827
3828
3829
3830
3831
3832
3833
3834
3835
3836
3837
3838
3839
3840
3841
3850
3529
3852
3853
3530
3854
3855
3856
3857
3858
3861
3561
3531
3532
3562
3534
3564
3862
3865
3533
3566
3563
3871
3872
3565
3873
3882
3884
3885
3886
3890
3893
3894
3897
3868
3903
3908
3910
3911
3912
3913
3914
3915
3916
3917
3919
3920
3921
3900
3926
3909
3867
3927
3929
1057
3940
3942
3943
3944
3904
3925
3945
3946
3947
3948
3899
3949
3922
3941
3951
3952
3953
3958
3959
3961
3932
3930
3935
3928
3936
3956
3957
3962
3954
3967
3960
4183
3964
4188
4209
4215
4220
4225
4231
4233
4263
3859
3860
3863
3864
3866
3869
3870
3891
3892
3895
3896
3898
3901
3902
3905
3906
3907
3918
3923
3924
3931
3934
3937
3938
3939
3950
3955
3963
201
211
212
3966
218
233
243
244
250
490
519
551
578
585
586
610
617
618
641
644
645
648
670
673
676
677
680
702
723
735
755
767
768
820
822
823
824
827
828
856
857
862
888
889
894
896
897
900
901
922
928
929
932
933
954
966
968
998
1000
1039
1040
1055
1058
1060
1061
1062
1063
1064
1065
1066
1067
1068
1069
1070
1071
1072
1084
1087
1088
1090
1091
1092
1093
1094
1095
1122
1123
1158
1168
1169
1190
1200
1201
1473
1474
1477
1478
1479
1488
1505
1506
1509
1510
1563
1808
1815
1840
1843
1847
2003
2206
2207
2238
2239
2241
2273
2436
2435
2753
2756
2759
2760
2761
2764
2765
2768
2769
3980
4012
4182
4186
1056
2807
2830
2833
2834
2835
2839
2862
2866
2867
2871
4210
4234
4235
4237
4239
4248
4267
4280
2774
2775
2806
4344
2266
2298
864
1433
1434
1465
1466
3136
3137
3138
3141
3167
3168
3169
3170
3173
3176
3177
3178
3179
3180
3181
3182
3183
3202
3203
3204
3205
3206
3225
3226
3229
3234
3235
3236
3237
3238
3257
3258
3422
3454
1464
3171
3172
3174
1107
1108
1110
1111
1112
1113
1114
1116
1117
1118
1119
2439
2783
2815
2893
2898
2899
2902
2925
2930
2931
3441
3443
3446
3447
3456
3459
3488
3491
3971
3978
4003
4010
1105
1106
2438
1281
1286
1289
1290
1309
1313
1318
1321
1322
1341
1709
1710
2752
2757
2758
2763
2766
2767
2773
2780
2784
2785
2788
2789
2790
2791
2792
2793
2795
2796
2797
2798
2799
2800
2801
2805
2812
2822
2825
2838
2841
2844
2854
2857
2870
2873
2876
2886
2889
2900
2918
2921
2932
1677
1678
1511
4184
4185
4187
4189
4190
458
1987
2019
4268
4270
1884
1916
4218
1594
1596
1602
1603
1604
1605
1606
1520
2888
2920
3125
3126
3458
3462
3466
3467
3473
3481
3490
3494
3498
3499
3505
3513
3773
3874
3875
3878
3879
3880
3881
3887
3888
3889
4205
4211
4214
4216
4217
4219
4221
4222
4240
4241
4242
4245
4249
4250
2883
1475
1476
1507
1508
2880
2881
2882
2885
2910
2911
2912
2913
2914
2917
2942
2943
4032
4033
4238
4302
4305
4229
1915
1883
1589
1588
1595
4372
1053
1054
1085
1086
2715
2716
2747
2748
3230
3262
3345
3346
3348
3349
3350
3359
3377
3378
3380
3381
3382
3391
3394
3396
3399
3400
3402
3405
3406
3407
3426
3434
3437
3438
3439
3442
3445
3448
4035
4040
4041
4050
4067
4070
4071
4072
4073
4374
3261
3356
3388
3395
3397
3401
3410
3429
3433
1499
1531
1887
1919
4224
4227
4255
4256
4259
4287
4288
4348
4359
4350
4360
4077
4045
4082
1310
1342
1344
1359
1376
3983
4015
1350
1382
4161
4181
4193
4213
4334
4337
3129
3127
571
1285
291
353
111
2957
2890
3024
1398
62
286
192
1224
1387
1366
3026
2922
3032
3074
3224
3099
3068
3313
3192
3157
3188
4000
3483
3283
3279
3430
3281
3412
3482
3252
3253
3982
3977
3986
3969
4290
4367
4366
4364
4373
4363
4380
1925
1957
540
536
541
568
573
572
1293
1294
1326
1325
1928
1960
3485
3514
3515
3517
4323
4313
4312
4325
4376
4289
4368
4262
4365
4370
4369
