14
24
8296
8297
151
152
154
156
157
158
153
159
160
162
163
164
165
166
167
168
169
170
171
172
173
174
175
176
178
181
182
183
184
185
186
187
188
189
190
191
192
207
208
177
215
219
224
8422
8423
8442
8443
8444
8445
8446
8447
8449
278
293
294
295
296
297
299
300
302
304
305
306
307
308
309
328
330
331
332
337
338
339
342
310
360
362
363
364
369
370
371
374
637
668
700
705
737
751
756
760
8985
8986
8989
8990
8991
8996
4
5
15
19
23
8997
8998
8999
9000
9001
8336
8337
149
150
155
9006
8368
8369
8372
8373
8403
8405
8406
8407
8410
8411
8415
8417
8418
8419
9620
9622
9623
9624
9625
9626
9627
9628
9630
9634
9635
9631
9636
9637
9639
9641
9642
9643
9644
9645
9646
9647
9650
9652
9654
9655
9656
9657
9658
9659
9660
9664
9665
9666
9667
9669
9670
9671
9672
9673
9675
9679
9662
9663
9668
9682
9684
9686
9687
9688
9689
9690
9691
9692
9693
9695
9696
9697
9698
9694
9701
9702
9703
9704
9707
9699
9700
9711
9714
9716
9718
9719
9720
9721
9722
9723
9724
9725
9727
9728
9729
9730
9732
9733
9736
9737
9740
9741
9742
9726
9745
9746
9747
9750
9755
9756
9759
9760
9761
9762
9763
9764
9765
9768
9769
9797
9800
9802
9804
9805
9808
9810
9812
9813
9814
9815
9816
9817
9818
9834
9836
9837
9840
9842
9844
9845
9846
9847
9848
9849
9850
9936
9937
9949
9954
9955
9968
9969
9981
9984
9985
9988
9989
10037
10039
10042
10043
10044
10045
10046
10047
10048
10049
10050
10051
10052
10053
10054
10055
10056
10058
10062
10063
10064
10066
10067
10069
10070
10072
10075
10076
10078
10079
10080
10081
10082
10083
10084
10085
10086
10087
10088
10090
10094
10095
10096
10098
10099
10101
10102
10107
10108
10110
1991
1992
2005
2008
10195
10196
10197
10198
10199
10200
10201
10202
10203
10204
10205
10206
10207
10208
10209
10210
10211
10212
10213
10214
10215
10216
10217
10218
10219
10220
10221
10222
10223
10224
10227
10228
10229
10230
10231
10232
10233
10234
10235
10236
10237
10238
10239
10240
10241
10242
10243
10244
10245
10246
10257
10258
10259
10260
10261
10262
10263
10264
10265
10266
10272
10273
10274
10275
10276
10277
10278
2222
2223
2240
2241
2267
2268
2272
2273
2299
2300
2313
2317
2345
2349
2385
8617
8621
2431
2433
8626
8628
8640
9801
8939
8941
8964
8965
8966
8967
8968
8969
8974
5397
5398
5443
5444
5445
5446
5449
5450
5455
5456
5475
5476
5477
5478
5481
5482
5485
5487
5488
5504
5508
5510
5511
5512
5514
5515
5516
5523
5524
5525
5526
5527
5528
5530
5531
5532
5536
5540
5542
5543
5544
5546
5547
5548
5555
5556
5557
5558
5559
5560
5564
5571
5572
5573
5574
5576
5577
5578
5599
5603
5604
5605
5606
5608
5609
5610
5611
5613
5616
5617
5618
5619
5620
5621
10247
10248
10249
10250
5622
5623
5624
5625
5626
5631
5634
5640
5641
5642
5645
5646
5647
5649
5650
5651
5652
5654
5655
5656
10279
10280
5666
5672
5673
5674
5677
5678
5679
5681
5682
5683
5684
5686
5687
5688
5767
5770
5777
5778
5782
5784
5785
5799
5816
5817
5824
5827
5830
5831
5832
5833
5835
5836
5837
5838
5839
5840
5841
5842
5843
5844
5845
5846
5847
5875
6033
6034
6035
6036
6037
6040
6041
6042
6044
6045
6046
6047
6049
6065
6066
6067
6068
6069
6072
6073
6074
6076
6077
6078
6079
6086
6089
6095
2399
6118
6121
6127
6150
6152
6155
6156
6159
6161
6163
6164
6187
6188
6191
6193
6195
6196
6212
6213
6216
6244
6245
6248
6254
6736
6737
6751
6752
6761
6763
6764
6765
6768
6769
6783
6785
6786
6787
6790
6791
6835
6848
6851
6852
6871
6873
6874
6878
7023
7036
7039
7040
7059
7339
7072
7393
7394
7397
7398
7905
7906
7923
7944
7940
7946
7942
7949
8078
8082
7956
7976
7981
8015
8016
7974
7972
7978
7988
8103
8106
8011
8008
8010
8012
8108
8074
8076
8077
8101
8109
8081
8105
8104
279
311
321
322
349
350
353
354
381
382
6359
477
478
509
510
517
549
634
9648
9661
9705
9744
9749
9758
9877
9879
9922
9923
9950
9982
10038
10040
10041
10057
10059
10060
10065
10068
10071
10073
10074
10077
10089
10091
10092
10097
10100
10103
10106
10109
10111
10112
10113
10114
10115
10116
10117
10118
10119
10120
10131
10132
10134
10135
10139
10140
10141
10142
10143
10144
10145
10146
10147
10148
10149
10150
10151
10152
10163
10164
10166
10167
10171
10172
10173
10174
10175
10176
10177
10178
10179
10180
10181
10182
10192
10193
10194
10225
10226
10183
10267
10268
10184
10271
10185
10186
10187
10188
10189
10190
10191
9731
2506
2508
2513
2522
2525
2535
2538
2540
2545
2554
2557
2567
2569
2573
10121
10122
10123
10124
10133
10136
10137
10138
4756
10153
10154
10155
10156
10165
10168
10169
10170
5468
5471
5500
5503
5529
5539
5561
5562
5658
5659
5690
5691
5761
5764
5768
5771
5772
5773
5775
5791
5793
5796
5823
5825
5826
5829
5834
5848
5849
5850
5851
5852
5853
5854
5855
5876
5877
5878
5879
5880
5881
5882
5883
5884
5885
5886
5887
5889
5891
5894
5897
5898
5900
5901
5902
5903
5906
5908
5909
5911
5915
5916
5918
5919
5921
5923
5926
5929
5930
5932
5933
5934
5935
5938
5940
5941
5943
5947
5948
5950
5951
5955
5956
5960
5961
5963
5969
5970
5972
5977
5979
5980
6038
6070
6225
6227
6235
6238
6257
6259
6267
6270
6347
6348
6350
6362
6363
6365
6379
6380
5507
6382
6391
6394
6395
6397
6401
6402
6403
6404
6405
6406
6408
6409
6410
6412
6413
6414
6416
6417
6418
6419
6420
6421
6425
6433
6434
6435
6436
6437
6438
6440
6441
6442
6444
6445
6446
6448
6449
6450
6451
6452
6453
6457
6478
6479
6502
6508
6510
6511
6513
6514
6523
6565
6567
6571
6575
6577
6582
6604
6605
6606
6607
6608
6609
6610
6612
6613
6614
6615
6616
6617
6619
6620
6636
6637
6638
6639
6640
6641
6642
6644
6645
6646
6647
6648
6649
6651
6652
6653
6656
6664
6666
6674
6675
6688
6696
6698
6706
6707
6720
6729
6731
6732
6733
8309
8312
8313
8329
8331
8332
8333
161
8450
303
320
324
329
336
340
343
344
345
346
347
348
351
352
356
361
368
372
375
376
377
378
379
380
383
384
385
386
387
388
389
390
392
393
394
395
396
397
398
399
400
401
402
403
404
406
407
408
409
410
411
412
413
415
416
417
418
419
420
421
422
424
425
426
427
428
429
430
431
432
433
434
435
436
438
439
440
6621
441
442
443
444
445
447
448
449
451
452
453
463
467
469
470
471
473
474
475
476
480
481
483
484
485
495
499
501
502
503
505
506
507
508
518
525
526
527
528
529
533
8732
8733
8734
8735
8736
8738
550
557
8737
558
559
560
561
565
566
8750
8752
8753
8754
8755
8756
8757
8758
8759
8760
8761
8762
8763
8764
8765
8766
8767
8768
8769
8770
8771
8772
8777
8778
8779
8780
8781
8782
8783
8784
8786
8787
8788
8790
8791
8792
8793
8795
8796
8797
8798
8800
8801
8802
8803
8804
8809
8810
8811
8812
8813
8814
8815
638
649
652
8838
8839
8841
8842
8843
8844
8845
8846
8847
8849
8850
669
681
684
8869
8870
8871
8873
8874
8875
8876
8877
8878
8879
8881
8882
701
704
706
707
708
709
710
711
712
713
714
715
716
717
8902
8907
8909
732
733
734
735
736
738
739
740
741
742
743
744
745
746
747
748
749
750
752
754
755
757
761
764
765
766
767
768
770
771
772
773
776
777
778
780
781
782
783
785
786
787
789
790
791
793
800
802
803
804
805
809
810
8995
9002
9003
9004
9005
9007
9008
9009
9010
9011
9012
9013
9014
9015
9017
9018
9019
9020
9021
9022
9023
9041
9045
9046
9073
9108
9109
9110
9111
9112
9113
9114
9115
9116
9117
9118
9119
9120
9123
9124
9125
9126
9127
9128
9130
9131
9132
9134
9135
9136
9137
9139
9140
9141
9142
9143
9144
9145
9146
9147
9148
9149
9150
9151
9152
9153
9154
9155
9156
9157
9158
9159
9161
9162
9163
9164
9166
9167
9168
9169
9170
9171
9172
9173
9174
9176
9177
9178
9179
9180
9181
9182
9183
9184
9185
9186
9187
9188
9189
9190
9191
9193
9194
9195
9196
9198
9199
9200
9201
9202
9203
9204
9205
9206
9208
9209
9210
9211
9212
9213
9214
9215
9216
9217
9220
9221
9222
9223
9224
9225
9227
9228
9229
9230
9231
9232
9233
9235
9236
9237
9239
9240
9242
9246
9248
9249
9252
9253
9254
9255
9256
9257
9259
9260
9261
9262
9263
9264
9265
9267
9268
9269
9271
9272
8356
9274
9278
9280
8358
9283
9284
9285
9286
9287
9288
9289
9290
9291
9292
9293
8361
9294
9295
9296
9297
9298
9299
9300
9301
8363
9302
9303
9304
9305
8364
9306
9307
8365
9312
9316
9317
9318
9319
9321
9322
9323
9324
9326
9327
9328
9329
9332
9333
9334
9336
9337
9338
9339
9344
9349
9353
9354
9355
9356
9357
9358
9359
9360
9361
9363
9365
9367
9368
9369
9370
9371
9372
9373
9374
9375
9376
9381
9382
9385
9386
9387
9388
9389
9390
9391
9392
9393
9395
9397
9399
9400
9401
9402
9403
9404
9405
9406
9407
9408
9409
9410
9411
9412
9413
9414
9417
9418
9419
9421
9422
9423
9424
9425
9558
9560
9562
9563
9567
9568
9569
9570
9573
9574
9575
9576
9577
9578
9579
9580
9581
9583
9587
9590
9592
9594
9595
9618
9619
9629
9651
9819
9851
9856
9858
9859
9860
9861
9862
9869
9875
9876
9878
808
10105
1993
1994
1995
1996
1997
1998
1999
2000
2001
2002
2003
2006
2007
2009
2012
2013
2014
2015
2016
2017
2018
2019
2020
2021
2022
2023
2024
2025
2026
2027
2028
2029
2030
2031
2032
2033
2034
2035
2037
2038
2039
2044
2045
2046
2047
2145
2146
2147
2148
2149
2150
2153
2154
2155
2156
2157
2158
2159
2160
2161
2162
2163
2164
2165
2166
2167
2168
2169
2170
2171
2172
2173
2174
2175
2176
2177
2178
2179
2180
2181
2182
2183
2184
2185
2186
2187
2188
2189
2190
2191
2192
2193
2194
2195
2196
2197
2198
2199
2200
2201
2202
2203
2204
2205
2206
2207
2208
2209
2210
2211
2212
2213
2214
2215
2216
2217
2218
2219
2220
2221
2224
2225
2226
2227
2228
2229
2230
2231
2232
2233
2234
2235
2236
2237
2238
2239
2248
2250
2251
2252
2254
2255
2256
2257
2258
2259
2260
2261
2262
2263
2264
2265
2266
2270
2271
2280
2282
2283
2284
2286
2287
2288
2289
2290
2291
2292
2293
2294
2295
2296
2297
2298
2302
2303
8599
8600
2310
2314
2315
2316
2318
2319
2320
2321
2322
2323
2324
2325
2328
2331
2332
2333
2334
9347
9348
2335
2336
2337
2339
2340
2341
2342
2343
9364
2346
2347
2348
2350
2351
2352
2353
2354
2355
2356
2357
2360
9380
2363
2364
2365
2366
8610
8611
8614
9396
2386
2389
2390
2391
2392
2393
2394
2396
2397
2398
2401
2402
8618
8619
8620
2421
2422
2423
2424
2425
2426
2428
2429
2430
8624
8625
8629
8630
8631
8632
8633
8634
8635
8636
8637
8638
2507
2512
2539
2544
2566
2568
2570
2572
2575
2576
2577
2578
2579
8652
8653
8654
8655
8656
8658
8659
8660
8663
8671
8672
8676
8679
8682
8683
8684
8685
8686
8687
8688
8690
8691
8692
8695
8703
8706
8705
8708
8740
8744
8747
8748
8749
8601
8816
8818
8819
8602
8820
8822
8823
8824
8603
8825
8827
8828
8829
8604
8830
8832
8833
8605
8834
8835
8836
8837
8606
8607
8608
8851
8853
8854
8609
8855
8856
8857
8858
8862
8863
8864
8865
8866
8867
8868
8883
8885
8886
8887
8888
8889
8890
8894
8895
8898
8915
8916
8917
8918
8919
8622
8920
8921
8922
8923
8924
8925
8926
8927
8930
8934
8947
8948
8949
8950
8951
8952
8953
8954
8955
8956
8957
8958
8959
8960
8961
8962
8963
8970
8971
8972
8973
8975
8976
8977
8978
8979
8980
8981
8982
8983
8987
8988
8992
8993
8994
8639
8644
8647
8650
8651
5457
5458
5459
5460
5461
5462
5463
5464
5465
5466
5467
5469
5470
5472
5489
5490
5491
5492
5493
5494
5495
5496
5497
5498
5499
5501
5502
5506
5513
5517
5519
5520
5538
5545
5549
5551
5552
5597
5598
5629
5630
5632
5633
5635
5636
5637
5638
5639
5643
5657
5660
5661
2311
5662
5663
5664
5665
5667
5668
5669
5670
5671
5675
5689
5762
5794
5800
5802
5803
5804
5807
5809
9350
9315
9320
9325
9330
9335
6051
6053
6056
6057
6058
6060
6061
6062
6080
6082
6083
6084
6085
6088
6090
6091
6092
6093
6094
6096
6097
8623
6098
6099
6100
6101
6102
6103
6104
6105
6106
6107
6108
6110
6111
6112
6114
6115
6116
6117
6120
6122
6123
6124
6125
6126
6128
6129
6130
6131
6132
6133
6134
6135
6136
8627
6137
6138
6139
6140
6146
6147
6148
6149
6198
6199
6200
6201
6202
6203
6204
6205
6206
6208
6209
6210
6211
6214
6215
6217
6218
6219
6220
6221
6222
6223
6224
6226
6228
6229
6230
6231
6232
6234
6236
6237
6239
6240
6241
6242
6243
6246
6247
6249
6250
6251
6252
6253
6255
6256
6258
6260
6261
6262
6263
6264
6266
6268
6269
6271
6272
6275
6276
6277
6279
6280
6281
6282
6284
6285
6300
6301
6303
6332
6333
6335
6336
6337
6338
6339
6341
6342
6343
6345
6346
6349
6352
6354
6355
6356
6358
6360
6368
6369
6370
6371
6373
6374
6375
6377
6564
6584
6585
6586
6587
6588
6591
6592
6593
6595
6597
6598
6599
6600
6601
6602
6603
6624
6625
6627
6629
6630
6631
6632
6633
6634
6635
6658
6659
6661
6662
6665
6668
6669
6670
6671
6672
6673
6676
6677
6678
6679
6680
6681
6682
6683
6684
6685
6687
6690
6691
6693
6694
6697
6700
6701
6702
6703
6704
6705
6708
6709
6710
6711
6712
6713
6714
6715
6716
6717
6719
6721
6722
6725
6726
6727
6730
6734
6762
6766
6834
6836
7024
7060
7075
7076
7340
7357
7358
7361
7362
7365
7366
7384
7385
7388
7389
7390
7391
7904
7918
7921
7922
7924
7936
7939
7945
7948
7950
7951
7952
7955
7968
7971
7977
7980
7982
7983
7984
7987
6563
9920
9921
9925
9927
9928
9929
9930
9931
9932
9934
9935
9952
9953
9957
9959
9960
9961
9962
9963
9964
9966
9967
10036
5765
5769
5774
5776
5779
5780
5781
5797
5801
5805
5806
5808
5810
5811
5812
5813
5814
13
8338
298
655
665
8340
8341
5563
8370
9674
9676
9677
9678
9680
9681
9685
9706
9708
9709
9710
9712
9713
9717
9734
9766
9772
9773
9774
9776
9777
9778
9779
9781
9782
9787
9788
9790
9791
9798
9799
9803
9820
9835
9852
9863
9871
9874
9880
2561
2563
2581
2582
2591
2593
2595
2599
2601
2602
2605
2613
2614
2623
2634
2635
2640
2646
2647
2648
2666
2667
2672
2678
2679
2680
2714
2746
3241
3242
3243
3244
3247
3248
3249
3250
3251
3257
3260
3261
3264
3267
3268
3269
3271
3272
3273
3276
3280
3286
3287
3293
3295
3296
3299
3300
3301
3303
3304
3305
3308
3281
3282
3312
3283
3318
3319
3325
3327
3328
3329
3330
3333
3336
3337
3340
3341
3344
3346
3347
3348
3349
3313
3315
3351
3353
3354
3356
3357
3358
3360
3361
3362
3365
3368
3369
3372
3373
3376
3378
3379
3314
3380
3381
3383
3385
3386
3388
3389
3390
3400
3401
3404
3407
3413
3414
3419
3432
3433
3436
3439
3445
3446
3451
3456
3466
3473
3480
3481
3488
3498
3505
3512
3513
3529
3530
3531
3532
3533
3534
3535
3536
3537
3545
3546
3547
3548
3549
3550
3551
3561
3562
3563
3564
3565
3566
3567
3568
3569
3577
3578
3579
3580
2534
3581
3582
3583
2571
2580
2603
2608
2611
2612
3662
3676
3693
3694
3708
3781
3784
3813
3816
3840
3841
3872
3873
3933
3977
3978
3983
3984
3965
3971
3972
8937
8938
8940
4900
5411
5413
5414
5442
5448
5454
5473
5474
5480
5484
5486
5505
5509
5537
5541
5575
5607
5720
5723
5752
5755
3661
5763
5766
5788
5795
5798
5820
5828
6109
6378
6384
6386
6392
6400
6415
6424
6428
6429
6432
6447
6456
6460
6472
6476
6532
6533
6535
6538
6539
6541
6542
6543
6544
6545
6553
6554
6555
6558
6559
3934
3935
6570
6573
6574
6576
6590
3966
3967
3968
3969
6594
6596
6623
6626
6628
3970
3973
3974
6655
3975
6849
7041
7042
7043
7044
7047
7048
7073
7074
650
653
654
682
685
759
763
769
774
788
792
6461
2505
2510
2511
2537
2542
2543
5899
5931
6081
6113
6273
6422
6454
6473
6550
280
282
283
284
286
287
288
289
291
292
312
314
315
316
318
319
464
496
5594
801
811
9823
9829
9831
9832
9855
9857
9872
9886
9889
9890
9891
9892
9893
9894
9895
9903
9904
9909
9911
9912
9918
10104
2010
2011
2040
2041
2042
2043
2253
2285
8931
8932
8933
8935
4895
4927
4929
4942
4944
4955
4957
4959
4961
4974
4976
4987
4989
4991
4997
4999
5000
5001
5002
5014
5016
5017
5018
5020
5021
5022
5029
5031
5032
5033
5034
5046
5048
5049
5050
5052
5053
779
5054
5060
5062
5072
5074
5092
5094
5104
5106
9833
5447
5479
5483
5568
5569
5595
5596
5600
5601
5627
5628
5858
5857
5856
5860
5861
5862
5863
5865
5866
5868
5864
5867
5872
5869
5870
5871
5873
5874
5952
5953
5984
5985
6207
6470
6504
6531
5058
5069
5082
5090
5101
5114
5151
5859
301
519
520
521
522
523
524
530
532
551
552
553
554
555
556
562
564
567
568
577
578
584
591
593
594
600
601
605
606
609
610
616
623
625
626
632
633
806
812
813
815
816
818
819
820
822
824
965
967
969
970
971
972
973
974
975
985
988
997
999
1001
1002
1003
1004
1005
1006
1007
1017
1020
1039
1041
1043
1038
1046
1047
1079
1070
1078
1075
1071
1108
1140
1345
1110
1354
1359
1360
602
1373
1377
1386
1391
1392
992
960
1405
1408
784
1019
1416
1418
1420
1421
1422
1423
1424
1425
1142
1434
1145
1113
1437
1440
1114
1448
977
978
981
1450
982
987
1452
1454
1453
1455
1456
1457
1138
1009
1010
1013
1014
1146
1466
1469
1073
1106
1088
1116
1117
1118
1119
1548
1554
1120
1436
1464
1451
1564
1419
1577
1580
1586
1596
1435
1467
1432
1671
1468
1674
1473
1703
1417
1706
1449
1472
1505
1801
1504
1833
1861
1965
1966
2438
2440
2441
2444
2446
2449
2452
2453
2455
2461
2465
2470
2472
2473
2476
2478
2481
2484
2485
2487
2493
2497
2498
2499
2500
2502
2503
2529
2530
2531
2532
3294
3326
3345
3377
3393
3422
3426
3675
3707
1545
3990
4007
4010
4021
4022
4039
4040
4043
4050
4056
4071
4072
4075
4082
4088
4096
4097
4112
4114
4115
4116
4117
4118
4119
4120
4121
4122
4123
4124
4125
4126
4127
4128
4129
4144
4146
4147
4148
4149
4150
4151
4152
4153
4154
4155
4156
4157
4158
4159
4162
4194
4224
4230
4233
4234
4237
4238
4239
4243
4244
4245
4247
4248
4251
4252
4256
4262
4265
4266
4269
4270
4271
4275
4276
4277
4279
4280
4283
4284
4288
4289
4290
4292
4293
4294
4295
4297
4298
4299
4301
4302
4303
4304
4305
4306
4308
4309
4310
4311
4313
4314
4315
4316
4317
4318
4320
4321
4322
4323
4324
4325
4326
4327
4330
4331
4333
4334
4335
4336
4337
4338
4340
4341
4342
4343
4345
4346
4347
4349
4350
4353
4354
4385
4386
4395
4396
4448
4503
4505
4507
4508
4509
4510
4511
4546
4547
4548
4549
4550
4552
4554
4556
4557
4558
4559
4560
4561
4562
4563
4564
4566
4567
4568
4569
4570
4572
4573
4575
4576
4577
4578
4579
4580
4581
4582
4584
4586
4588
4589
4590
4591
4592
4593
4594
4595
4596
4598
4599
4600
4601
4602
4604
4605
4607
4608
4609
4610
4611
4612
4613
4614
4615
4616
4617
4620
4621
4622
4623
4624
4625
4626
4627
4628
4629
4632
4633
4635
4636
4637
4638
4639
4640
4641
4642
4643
4644
4645
4646
4647
4648
4649
4652
4653
4654
4655
4656
4657
4658
4659
4660
4661
4664
4665
4667
4668
4669
4670
4671
4672
4680
4681
4683
4684
4686
4687
4689
4690
4691
4695
4696
4699
4700
4703
4704
4713
4715
4716
3916
4718
4719
4721
4722
4723
3989
4727
4728
4731
4732
4735
4055
4057
4739
4742
4743
4757
4087
4089
4771
4774
4682
4775
4788
4789
4674
4673
4698
4705
5696
5697
5718
5721
5722
5724
5725
4709
4677
5726
5727
5728
5729
5733
4720
4679
4711
5739
4675
4678
5750
4685
4714
4688
4701
5753
5754
5756
5757
5758
4717
5759
5760
4710
4706
5792
5890
4707
5893
4733
5910
5922
4730
5925
5942
6299
6302
6331
6334
6361
6393
6519
6521
6657
6663
6686
6689
6695
6718
6723
6869
6870
6872
6880
6881
6883
6884
6901
6902
6903
6904
6905
6906
6910
6912
6915
6916
6917
6920
6921
6922
6924
6925
6928
6930
6931
6932
6933
6935
6936
6937
6939
6940
6942
6943
6944
6947
6948
6949
6952
6953
6954
6956
6957
6960
6962
6963
6964
6965
6967
6968
6969
6938
6971
6972
6974
6975
6976
6978
6979
6980
6941
6977
6982
6983
6984
6985
6986
6987
6988
6992
6994
6991
6997
7008
7009
6970
6973
4712
7010
7011
7012
7014
7004
7015
7016
7017
7018
7019
7020
7029
7007
7021
6989
7371
7373
7376
7382
7386
7403
7405
7408
7414
7417
7418
7420
7422
7424
7427
7429
7430
7433
7436
7437
7456
7459
7461
7462
7607
7608
7744
7752
7756
7757
7760
7761
7763
7764
7765
7767
7768
7769
7770
7771
7773
7774
7776
7784
7788
7789
7792
7793
7795
7796
7797
7799
7800
7801
7802
7803
7805
7806
7809
7811
7812
7814
7815
7816
7818
7819
7822
7823
7825
7826
7827
7828
7829
7830
7831
7832
7833
7837
7838
7841
7843
7844
7846
7847
7848
7850
7851
7854
7855
7857
7858
7859
7861
7862
7759
7863
7864
7865
7869
7870
7876
7873
7874
7880
7881
7884
7886
7889
7890
7892
7891
7893
7897
7898
7901
7908
7912
7913
7916
7791
7925
7929
7930
7933
7808
7817
7821
7840
8324
8326
8339
7849
7853
8371
8984
6913
6918
6919
6929
6945
6950
6951
9882
6961
7026
6867
6899
6934
6966
8673
8674
8704
8707
8709
8711
8739
8741
8743
8745
8773
8774
8775
8776
8805
8806
8807
8808
8904
9926
9958
2050
2052
2054
2055
2056
2057
2058
2059
2060
2061
2064
2065
2066
2067
2070
2071
2072
2073
2076
2090
2091
2092
2093
2096
2097
2098
2099
2102
2103
2104
2105
2108
2111
2112
2113
2114
2117
2118
2119
2120
2121
2122
2124
2125
2126
2128
2129
2130
2131
2133
2134
2135
2136
2137
2138
2139
2140
2141
2142
2143
2144
2514
2515
2518
2519
2546
2547
2550
2551
2574
8936
8641
8642
9926
9958
2048
2049
6364
6396
4868
6505
2434
3245
3246
3600
3651
3654
3683
3686
3721
3723
3850
3853
3882
3885
3914
4044
4053
4054
4062
4085
4086
4094
4229
4232
4240
4261
4264
4272
4291
4312
4328
4329
4344
4433
4465
4501
4502
4555
4587
4618
4650
4736
5714
5715
5716
5719
5731
5732
5734
9821
9853
5742
5745
5746
5747
5748
5751
4702
4734
7045
7046
7037
4076
9807
9839
9854
10252
10253
10255
10256
10270
10284
10285
10287
10288
10292
10293
10294
10295
10296
10297
10298
10299
10300
10302
10303
10304
10305
10306
10307
10308
10309
10310
10311
10312
10313
10314
10321
10323
10324
10325
10326
10327
10328
10329
10330
10331
10332
10333
10334
10335
10336
10337
10338
10339
10340
10341
10342
10343
10344
10345
10346
10353
10355
10356
10357
10358
10359
10360
10361
10362
10363
10364
10365
10366
10367
10368
10370
10371
10372
10373
10374
10376
10377
10378
10379
10381
10385
10386
10389
10395
10396
10397
10398
10399
10400
10402
10403
10404
10405
10406
10472
10473
10474
10475
10478
10479
10480
10482
10485
10493
10494
10495
10496
10498
10499
10500
10501
10503
10504
10505
10508
10509
10510
10511
10513
10514
10515
10516
10518
10528
10529
10530
10531
10532
10534
10535
10536
10537
10539
10540
10541
10542
10544
10545
10546
10547
10549
10550
10569
10574
10575
10584
10585
10586
10587
10601
10606
10607
10612
10616
10617
10619
10627
10631
10634
10408
10409
10410
10411
10413
10417
10418
10421
10427
10428
10429
10430
10431
10432
10435
10436
10437
10438
10439
10440
10441
10442
10443
10446
10447
10448
10460
10461
10462
10463
10464
10467
10468
10469
10470
10471
10492
10497
10502
10507
10512
10517
10533
10543
10548
10583
10618
10633
5974
10520
10552
10281
10282
10289
10290
10291
9226
9234
9238
10322
9258
9266
9270
10354
8359
8360
8367
10375
10380
10384
10387
10388
10390
10391
10392
10393
10394
10407
9906
9914
10412
10416
10419
10420
10422
10423
10424
10425
10426
2781
2813
2956
2982
2985
2988
3339
3371
3406
3438
3468
3469
3470
3472
3478
3500
3501
3502
3504
3510
3544
3576
8335
3632
3649
3658
3681
3690
3764
3766
3768
3773
3842
3845
3856
3874
3877
3888
3912
3931
3944
3948
3963
4889
4918
4921
4934
4936
4949
4951
4966
4968
4972
4981
4983
4998
5013
5015
5019
5023
5030
5045
5051
5055
5056
5057
5059
5063
5064
5066
5068
5070
5071
5073
5075
5076
5047
5084
5087
5088
5089
5091
5095
5096
5098
5100
5102
5103
5105
5107
5108
5116
5119
5121
5122
5124
5149
5153
5154
5156
5159
5160
5161
5168
5169
5178
5181
5187
5188
5189
5190
5193
5194
5203
5206
5219
5220
5221
5191
5192
5222
5201
5205
5225
5226
5204
5235
5238
5223
5224
5233
5237
5236
5257
5258
5275
5278
5289
2637
5290
5369
5374
5375
5376
5377
5378
5379
5380
5381
5382
5389
5391
5392
5408
5409
5410
5412
5579
5580
5581
5582
5584
5585
5586
5587
5588
5589
5590
5591
5592
5593
5612
6568
7353
7355
7356
7375
7377
7378
7379
7383
7392
8319
8435
8328
8437
8438
8439
8454
8455
8458
8452
8413
8414
8456
8467
8468
8471
8472
8473
8474
8475
8476
8481
8486
8487
4940
8490
8499
8500
8503
8504
8505
8506
8507
8508
8484
8515
8517
8518
8521
8470
8527
8530
8533
8537
8502
5183
5186
5218
8540
8538
8543
8488
8522
8520
8512
5250
5272
8547
8549
8550
8523
8526
8536
8516
8532
5282
8553
8531
5370
5371
8559
8562
8565
8535
8534
5372
5373
8572
8548
8542
8539
8544
8519
8575
8576
8579
8568
8552
8554
8513
8564
8596
8558
8567
8571
8577
8566
8569
8555
8574
8563
8584
8585
8570
8588
8589
8590
8592
8594
8545
8616
8551
5423
5424
5425
6536
5426
5427
5429
5430
5440
5441
5700
5708
5737
5740
6166
6167
6168
6169
6170
6172
6173
6175
6176
6180
6181
6182
6184
6749
7919
8457
8459
8460
8412
8489
8491
8492
5705
762
8675
8677
8678
8680
8785
8789
8794
8799
8817
8821
8826
8831
8643
8645
8646
8648
148
180
193
194
195
198
199
200
201
210
204
209
214
213
212
211
216
218
220
217
225
222
221
226
223
227
230
231
232
233
236
9924
9956
2417
5892
5896
5904
5905
5907
5912
5913
5917
5924
5928
5936
5937
5939
5944
5945
5949
5954
5959
6031
6032
6063
6064
6781
6784
7091
7131
7134
7135
7150
7151
7155
7158
7163
7166
7167
7171
7175
7176
7180
7181
7184
7185
7187
7188
7189
7191
7192
7193
7194
7195
7203
7207
7208
7212
7213
7216
7217
7219
7220
7221
7223
7224
7225
7226
7227
7249
7253
7258
7261
7281
7285
7290
7293
7296
7299
7304
7308
7307
7317
7321
7323
7324
7328
7336
7349
8901
5895
5927
8681
5957
8649
6427
6459
7005
7092
7118
7119
7123
7126
9870
9883
9884
9885
9887
9888
9901
9902
9905
9907
9908
9910
9913
9915
9916
9917
9919
8751
3669
3698
3701
3770
3798
3801
3830
3833
4009
4228
4260
4348
4445
4477
4932
4941
4943
4945
4946
4947
4953
4954
4956
4964
4973
4975
4977
4978
4979
4985
4986
4988
4992
4993
4994
4995
4996
5003
5004
5005
5006
5024
5025
5026
5027
5028
5035
5036
5037
5038
5061
5065
5067
5093
5097
5099
5150
5152
5157
6618
6650
6660
6692
9873
9881
3666
4001
4005
0
3
1
9735
9738
9739
9748
9751
9753
9757
9771
9754
9770
9767
9780
9775
9783
9785
9786
9794
9789
9795
9796
5120
9793
3255
3254
3259
3263
3265
3266
3297
3298
3331
3332
3334
3335
3338
3342
3343
3350
3352
3359
3370
3363
3364
3366
3367
3375
3374
3384
3382
3391
3395
3427
3454
3458
3463
3461
3460
3462
3464
3467
3490
3492
3493
3494
3496
3495
3499
3660
3692
4692
4694
4724
4726
9743
2418
3424
3434
3650
3664
3668
3674
3677
3678
3679
3682
3696
3700
3706
3709
3710
3711
3777
3778
3779
3783
3785
3786
3787
3788
3789
3795
3797
3800
3803
3805
3806
3807
3809
3810
3811
3815
3817
3818
3819
3820
3821
3827
3829
3832
3835
3837
3838
3839
3946
4296
4887
4888
4891
4923
4919
4920
4933
4935
4948
4950
4965
4982
4967
4980
5115
5123
5155
5158
5698
5699
5701
5702
5704
5706
5710
5707
5711
5712
5713
5730
5736
5738
5743
5744
6142
6286
6853
6885
7080
7077
7078
7122
7125
7127
7129
7132
7154
7157
7159
7161
7177
7172
7164
7178
7204
7209
7210
7245
7257
7277
7289
7360
8325
8327
8357
9933
9965
2639
2671
3392
3402
5083
572
573
575
574
531
563
570
571
569
579
580
583
582
581
586
585
588
587
589
590
592
595
596
597
598
599
604
607
614
624
627
629
628
631
630
611
636
612
613
615
618
617
619
620
621
622
639
7079
6366
6566
2973
2976
3252
3284
3288
3289
3291
3316
3320
3321
3323
3394
3665
3667
3670
3671
3672
3673
3684
3685
3687
3691
3697
3699
3702
3703
3704
3705
3724
3725
3762
3763
3765
3774
3843
3844
3846
3849
3851
3854
3855
3858
3859
3860
3861
3863
3864
3865
3866
3867
3868
603
3869
3870
3871
3875
3876
3878
3881
3883
3886
3887
3890
3891
3892
3893
3895
3896
3897
3898
3899
3900
3901
3902
3903
3904
3907
3908
3915
635
3936
3939
3940
3947
4101
4113
4133
4145
4161
4169
4190
4191
4193
4201
4222
4223
4352
4378
4379
4383
4384
4399
4410
4411
4441
4442
4443
4447
4449
4450
4451
4452
4453
4473
4474
4475
4479
5113
6875
6879
7025
7027
7028
7030
7031
7032
7033
7034
7035
7038
7049
3425
10382
10383
10476
10477
10488
10490
10491
10562
10604
10414
10415
10444
10445
10459
10481
10483
10486
10487
10506
10538
10567
10576
10580
2
6
7
8
9
10
11
12
21
22
27
28
32
33
34
35
36
37
38
39
40
41
42
43
44
45
46
53
54
56
57
58
59
60
92
47
51
55
93
94
95
97
98
100
101
102
103
104
105
106
107
108
109
110
111
124
125
126
127
128
129
130
131
132
133
134
135
136
137
138
139
140
141
142
143
144
146
145
333
334
335
365
366
367
697
3738
3739
3771
10564
10608
10568
10615
99
6753
5703
5717
5735
5749
10572
5692
5693
5694
5695
7109
7110
7142
7246
7271
7278
7282
7287
7298
7302
7320
7330
7352
2669
3403
3435
7236
7239
7250
7255
7268
821
1555
1587
1974
1975
1976
1977
1978
1979
1980
1982
1983
1984
1985
1988
1989
1990
7421
7423
7442
7443
7465
7469
7474
7475
7488
7491
7492
7494
7497
7501
7503
7504
7505
7506
7510
7511
7519
7520
7523
7524
7526
7529
7530
7533
7535
7536
7537
7538
7542
7543
7551
7575
7576
7878
7895
7910
7927
7758
7787
7836
7755
7852
7790
7839
7845
7868
7871
7813
7820
1964
1968
1969
1970
1972
7416
7498
7500
7513
7514
7532
7545
7546
7556
7581
7588
7613
6308
6304
6307
8195
8210
8218
8220
8221
8224
8225
8226
8228
8229
8230
8231
8232
8233
8234
8236
8237
8239
8240
8241
8242
8244
8245
8246
8249
8250
8252
8253
8254
8256
8257
8258
8261
8260
8264
8265
8266
8267
8269
8270
8216
8219
8227
8277
8279
8280
8281
8288
8289
8290
8235
8238
8248
8223
8255
8292
8293
8298
8299
8301
8302
8311
8251
8196
8197
8198
8199
8200
8201
8202
8204
8205
8207
8203
8206
8192
8110
8111
8114
8040
8069
8128
8129
8072
8073
8071
8130
8131
8132
8133
8134
8135
8136
8137
8138
8139
8140
8141
8142
8143
8144
8146
8147
8148
8149
8153
8113
8160
8161
8162
8163
8164
8165
8166
8167
8168
8169
8170
8171
8172
8173
8174
8175
8176
8178
8179
8180
8181
8185
8193
8194
8208
8209
8212
8213
8214
8217
8222
8079
8145
8150
8151
8152
8177
8182
8183
8184
115
116
119
120
121
122
512
513
515
516
534
535
536
538
540
541
543
548
547
544
545
6351
6381
6383
6390
6407
6411
6423
6426
6431
6439
6443
6455
6458
6463
6551
6552
6556
6557
6583
6589
6611
6622
6643
6654
89
114
117
5081
6534
323
355
758
6837
6838
6839
6840
6841
6842
6843
6844
6845
6846
6847
6850
6854
6855
6856
6857
6858
6859
6860
6861
6862
6863
6864
6865
6868
6876
6877
6882
6886
6887
6888
6889
6890
6891
6892
6893
6894
6895
6896
6897
6900
6907
6908
6909
6911
6914
6946
6990
6993
6995
7013
7022
290
3274
3306
3663
3688
3689
3695
3720
8310
3767
3847
3879
6141
6143
6367
6398
6399
6540
6572
7937
7969
325
326
327
341
357
358
359
373
391
405
423
437
640
641
642
643
644
645
646
647
648
656
658
659
660
662
663
664
667
672
673
674
675
676
677
678
679
680
6981
8314
6548
6580
7334
2950
4015
4016
4003
7170
7202
7205
7206
7234
7243
7266
7275
4004
8942
8943
8944
4000
4002
4006
5888
5920
7232
7243
7264
7275
9121
9122
9433
9452
9462
9465
9477
9479
9483
9484
9509
9515
9602
9603
9604
9605
9607
9609
9610
9611
9612
9613
9614
9615
7141
7168
7173
7174
7200
9511
9516
9379
9420
9430
1601
7860
96
9830
20
52
8928
8903
8899
8900
5451
5452
514
537
539
542
546
5453
4801
4802
6526
6527
459
5554
6747
4938
4970
814
817
823
825
1380
205
237
281
285
313
317
686
1986
1987
2082
2086
2088
2089
2062
8746
8897
8905
8906
8908
8929
2081
2051
2079
2080
2083
2084
2087
2094
3209
3210
3211
3212
3215
3216
3217
3218
3219
3225
3229
3233
3235
3232
3236
3238
3239
3240
3205
3234
3256
3226
3228
3258
3231
3237
3227
3224
3091
2889
2966
2998
3092
3094
3095
3098
3100
3102
3103
3121
3123
3124
3126
3127
3130
3132
3134
3135
3138
3139
3140
3141
3142
3143
3144
3156
3157
3161
3162
3163
3164
3165
3166
3170
3171
3188
3189
4332
3193
3194
3195
3196
3197
3198
3200
3201
3202
3203
3204
3206
3207
3208
4300
2624
2625
2628
2633
2649
2652
2656
2657
2660
2665
2681
2684
3089
3137
3169
3220
3223
3222
3397
3405
3408
3409
3415
3416
3418
3420
3429
3423
3437
3440
3441
8861
8893
3447
3448
3450
3452
3455
3474
3475
3477
3476
3482
3483
3485
3487
3507
3506
3509
3508
3515
3514
3517
3519
3520
3522
3521
3524
3523
3525
3527
3526
3528
3552
3555
3554
3556
3553
3557
3558
3559
3560
3585
3586
3587
3588
3592
3593
3594
3591
3595
3597
3598
3601
3602
3604
3603
3605
3606
3607
3608
3610
3609
3612
3613
3615
3618
3617
3620
3623
3619
3624
3625
3627
3626
3629
3630
3633
3634
3635
3637
3638
3636
3640
3641
3639
3642
3645
3644
3647
3655
3653
3652
3656
3657
3659
3775
3776
2961
2968
2969
3796
2993
3000
3001
3005
3009
3011
3808
3014
3015
3021
3024
3030
3031
3037
3038
3041
3043
3046
3047
3053
3056
3075
3077
3078
3828
3081
3082
3083
3084
3085
3086
3087
3088
3107
3109
3110
3113
3114
3115
3116
3117
3118
3119
3120
3152
3155
3158
3159
3172
3173
3174
3175
3176
3184
3187
3190
3191
719
724
728
7539
10632
7507
203
235
240
241
242
243
244
246
248
249
250
252
253
254
255
256
258
259
260
266
269
270
272
273
274
275
276
277
239
247
251
261
262
263
264
265
267
268
5142
5086
5118
5125
5126
5127
5128
5131
5132
5140
4886
5134
5085
5117
4098
4403
4408
5644
5648
5653
5676
5680
5685
30
62
118
3753
3755
4130
4370
4371
4376
4402
727
730
731
6305
6314
7521
1855
1856
1857
7451
7455
7483
7487
7489
7490
7522
5304
5306
5310
5316
5318
5328
5337
5339
5342
5343
5348
5350
5360
6754
6755
6757
6758
6759
7331
3780
3782
3812
3814
5274
5338
5341
1025
1026
1027
1028
1029
1030
1031
1032
1037
1057
1058
1059
1060
1061
1062
1063
1064
1069
1091
1094
1123
1126
1168
1170
1171
1172
1175
1176
1190
1191
1200
1202
1203
1204
1270
1271
1301
1302
1333
1334
1361
1362
1363
1366
1393
1394
1395
1398
1409
1415
1426
1427
1428
1429
1430
1431
1433
1438
1439
1441
1447
1458
1459
1460
1461
1462
1463
1465
1470
1471
1477
1487
1488
1489
1490
1494
1495
1496
1497
1498
1509
1526
1527
1528
1529
1530
1537
1538
1539
1540
1541
1543
1544
1546
1547
1549
1550
1551
1552
1553
1556
1558
1559
1560
1561
1562
1563
1565
1566
1567
1569
1570
1571
1572
1573
1575
1576
1578
1579
1581
1582
1583
1584
1585
1588
1590
1591
1592
1593
1594
1595
1597
1598
1599
1612
1614
1617
1618
1621
1622
1623
1626
1644
1646
1649
1650
1653
1654
1655
1658
1664
1840
1841
1842
1843
1845
1850
1858
1859
1860
6996
1967
1971
976
7387
7419
7425
7432
7457
7463
7750
7753
7782
7785
7872
1008
7639
7130
4768
10005
10007
10008
10010
10011
10013
10014
10015
10016
10017
10020
10021
10027
10029
10031
7671
7772
7775
8718
8721
8722
8723
8724
8725
7804
7807
8726
8727
8728
8729
8730
9995
9997
9999
10006
10012
8713
8714
8715
8716
8731
8717
8720
8712
9559
9591
687
7183
461
462
479
491
493
494
7215
511
858
859
890
891
1174
1206
1207
1208
1238
1239
1355
1356
1357
1358
1387
1388
1389
1390
1480
1512
1542
1574
1892
1482
1945
1946
1947
1948
1950
1951
7431
7464
7609
7610
7612
7614
7615
7616
7617
7618
7619
7620
7621
7622
7623
7624
7627
7628
7629
7630
7632
7633
7634
7637
7638
7641
7642
7643
7644
7645
7647
7648
7649
7650
7651
7652
7653
7654
7655
7656
7659
7660
7661
7662
7664
7736
1893
7737
7738
7739
7740
7741
7742
7743
7751
7762
7783
7794
1933
1934
1936
1937
1938
1940
1942
1943
1944
414
446
651
8840
8848
670
671
683
690
691
692
694
695
696
699
702
703
956
959
2063
2095
2312
2344
2504
2509
2516
2517
2521
2523
2526
2527
2528
2536
2541
2548
2549
2553
2555
2558
2559
8859
8860
8872
8880
8891
8892
8211
8243
8262
8268
8272
8275
8294
8300
8304
8307
454
455
456
457
458
460
465
466
468
486
487
488
489
490
492
497
498
500
688
720
722
723
726
2242
2243
2244
2245
2246
2247
2249
2269
2274
2275
2276
2277
2278
2279
2281
2301
2304
2305
2306
2307
2308
2309
2326
2327
2329
2338
2358
2359
2361
2367
2368
2369
2370
2371
2372
2373
2375
2376
2377
2378
2379
2380
2381
2382
2384
2387
2388
2395
2400
2403
2404
2405
2407
2408
2409
2410
2411
2412
2413
2414
2416
2419
2420
2427
8700
8701
8668
8669
6309
6311
6313
6316
6317
7926
7928
7931
7932
7934
7935
7938
7941
7947
7953
7954
7957
7958
7959
7960
7961
7962
7963
7964
7965
7966
7967
7970
7973
7979
7985
7986
7989
7990
7991
7992
7993
7994
7995
7996
7997
7998
7999
8000
8001
8002
8005
8014
8018
8026
8027
8030
8032
8033
8034
8037
8066
8068
8075
8080
8083
8084
8085
8086
8087
8088
8089
8090
8091
8092
8093
8094
8095
8098
8100
8107
8112
8115
8116
8117
8118
8119
8120
8121
8122
8123
8124
8125
8126
8127
8274
8278
8306
6312
2953
4930
4962
4890
4893
4922
4925
4928
4931
4939
4958
4960
4963
4971
4990
5709
5741
6171
6178
6179
6197
8387
8719
8385
6485
6491
6517
7120
7121
8386
8390
8391
8482
8529
8561
6165
6174
6481
6482
10061
10093
4745
4746
4747
4748
4751
4752
4758
4759
4760
4761
4762
4764
4765
4767
4772
4773
4792
4793
4794
4796
4797
4799
4800
4803
4806
4807
4808
4809
4810
4811
4812
4814
4815
4816
4818
4820
4823
4824
4825
4828
4829
4831
4832
4833
4835
4836
4837
4838
4839
4840
4841
4842
4843
4844
4846
4847
4848
4850
4852
4855
4856
4857
4860
4861
4894
4908
5170
5171
5174
5175
5176
5180
5182
5184
5185
5195
5196
5197
5198
5199
5200
5207
5208
5209
5210
5216
5217
5227
5228
5229
5230
5231
5232
5239
5240
5241
5242
5248
5249
5251
5252
5253
5254
5255
5256
5259
5260
5261
5262
5263
5264
5265
5268
5269
5271
5273
5277
5279
5280
5281
5283
5284
5285
5286
5287
5288
5291
5292
5293
5294
5295
5296
5297
5300
5301
5303
5305
5309
5311
5314
5315
5317
5320
5321
5322
5324
5325
5326
5327
5329
5330
5331
5332
5333
5334
5335
5336
5346
5347
5349
5352
5353
5354
5356
5357
5358
5359
5361
5362
5363
5364
5365
5366
5367
5368
5393
5518
5521
5522
5550
5553
6344
6353
6376
6385
6469
6471
6475
6501
6503
6507
6529
6530
6547
6561
6562
6579
2520
2552
2560
2562
2564
7153
7152
4937
4969
6516
6518
7162
6522
5340
7197
7229
3937
16
17
18
29
48
49
50
61
963
995
1109
1198
1201
1205
1212
1215
1217
1218
1219
1220
1247
1249
1250
1251
1252
1254
1255
1259
1260
1263
1264
1303
1304
1305
1308
1309
2069
2075
2077
2078
2101
2107
2109
2110
2116
112
147
123
179
2524
2556
5399
5400
5401
5402
5403
5404
5405
5406
5415
5407
5416
5419
5417
5420
5418
5428
5422
5421
5431
5433
5435
5432
5434
5436
5439
5438
5437
6151
6154
6157
6153
6158
6160
6177
6162
6183
6189
6185
6186
6190
6194
6192
8154
8155
8156
8157
8158
8159
8186
8187
8188
8189
8190
8191
8282
8276
8271
8283
8273
8284
8285
8303
8305
8308
8315
8316
8317
8321
8322
8323
8320
8343
8342
8344
8330
8345
8346
8347
8348
8350
8349
8352
8353
8355
8374
8354
8362
8375
8376
8394
8395
8396
8397
8398
8399
8400
8401
8402
8404
8409
8424
8421
8426
8427
8425
8428
8429
8430
8432
8431
8434
8436
8433
8451
8441
8453
8448
8461
8462
8477
8469
8479
8478
8483
8480
8485
8493
8494
8501
8509
8510
8511
8514
8541
8546
8573
8578
8581
8582
8580
8586
8583
8587
8597
8612
8598
8613
8615
7887
8287
8556
8524
8525
8528
8557
8560
8945
8946
5914
5946
6050
6052
6054
6340
6372
6430
6462
3029
3032
3034
3035
3061
3062
3063
3064
3066
3067
3070
3074
3080
3106
3112
718
725
729
9016
9024
9026
9028
9029
9030
9031
9032
9034
9035
9039
9040
9042
9043
9049
9050
9051
9052
9053
9054
9055
9056
9058
9060
9061
9062
9063
9064
9066
9067
9071
9072
9331
9426
9427
9441
9442
9443
9444
9449
9450
9451
9453
9454
9455
9456
9457
9458
9459
9461
9463
9464
9472
9473
9474
9478
9480
9481
9482
9485
9486
9487
9488
9489
9490
9491
9492
9493
9494
9497
9498
9495
9496
9499
9500
9501
9502
9503
9504
9505
9506
9510
9512
9513
9514
9517
9518
9519
9520
9523
9524
9522
9525
9527
9528
9529
9530
9532
9537
9534
9535
9533
9538
9540
9542
9543
9544
9545
9546
9550
9547
9548
9549
9551
9552
9553
9554
9555
9556
9557
9564
9565
9584
9585
9586
9588
9589
9596
9593
9599
9597
9606
9616
9617
9638
9649
9521
9526
9531
9536
9541
9572
9561
9582
9048
9415
775
794
795
796
797
798
799
807
826
827
828
829
830
831
832
833
834
835
836
837
838
839
840
849
852
851
853
856
881
883
884
885
888
889
943
944
945
946
947
948
949
950
951
952
953
954
955
958
961
962
964
966
968
979
980
983
984
986
990
989
991
993
994
996
998
1000
1011
1012
1015
1016
1018
1021
1022
1023
1034
1035
1036
1042
1044
1045
1050
1053
1066
1067
1068
1074
1076
1077
1082
1085
1102
1103
1112
1115
1134
1135
1141
1144
1189
1226
1227
1230
1258
1262
1297
1298
1307
1329
1330
1336
1339
9429
9416
9431
9432
9434
9435
9436
9437
9445
9446
9447
9448
9466
9467
9468
9469
2074
2106
2115
2592
2594
2596
2655
2687
2713
2745
2780
2812
1149
1150
7341
7342
7343
7344
7345
7346
7347
7348
7350
7351
7354
7359
7363
7364
7367
7368
7369
7372
7374
7381
7395
7396
7399
7400
7401
7404
7406
7407
7410
7411
7413
7415
7428
7435
7460
7467
7626
7658
7745
7746
7747
7748
7749
7754
7766
7777
7778
7779
7780
7781
7786
7798
7810
7834
7835
7842
7866
7867
1348
9822
8662
8670
8694
8702
10489
10554
10556
10557
10560
10561
10565
10589
10590
10591
10592
10595
10597
10621
10622
10624
10625
10626
10629
10630
10433
10434
10452
10449
10451
10454
10455
10456
10457
10465
10466
10458
10484
10521
10522
10524
10525
10526
10553
10558
10563
10571
10577
10578
10579
10581
10582
10593
10603
10609
10610
10611
10613
10614
10623
10628
5987
5988
5989
5991
5992
5993
5995
6001
6002
6004
6006
6009
6012
6011
6016
6017
6018
6019
6021
6022
6025
6026
6048
6087
6119
6145
6233
6265
10566
10596
10599
10594
10600
10620
10450
10453
10588
10598
5307
5323
5355
7907
7909
7911
7914
7915
7917
7920
7943
7975
8003
8006
8020
8029
8035
8038
8065
8067
8097
8099
8377
8378
8379
8380
8381
8382
8384
8389
8392
8393
8416
6144
3772
6274
6278
6283
6287
6288
6289
6290
6291
6292
6293
6294
6295
6296
6297
6298
6306
6310
6315
6318
6319
6320
6321
6322
6323
6324
6325
6326
6327
6328
6329
6330
1101
1111
1133
1143
1157
1158
1159
1178
1179
1181
1182
1210
1211
1213
1214
1221
1224
1225
1242
1243
1244
1253
1256
1257
1274
1275
1276
1367
1399
1414
1446
1474
1475
1476
1478
1479
1481
1483
1484
1485
1486
1491
1492
1493
1499
1500
1501
1502
1503
1506
1507
1508
1511
1510
1513
1515
1516
1517
1518
1519
1520
1521
1522
1523
1524
1525
1531
1532
1533
1534
1535
1536
1557
1568
1589
1615
1631
1647
1663
1665
1666
1667
1668
1669
1672
1670
1673
1675
1676
1677
1678
1679
1680
1681
1683
1684
1685
1682
1686
1687
1688
1689
1690
1691
1692
1693
1695
1696
1697
1698
1699
1701
1700
1702
1704
1705
1707
1708
1709
1710
1711
1712
1713
1715
1716
1714
1717
1718
1719
1720
1721
1722
1723
1724
1725
1727
1728
1729
1730
1731
1732
1733
1734
1735
1736
1737
1738
1739
1740
1741
1742
1743
1745
1744
1746
1747
1748
1749
1750
1751
1752
1753
1754
1755
1756
1757
1758
1759
1760
1761
1762
1763
1764
1765
1766
1767
1768
1769
1770
1771
1772
1773
1774
1775
1776
1777
1778
1779
1780
1781
1782
1783
1784
1785
1786
1787
1788
1789
1790
1791
1792
1793
1794
1795
1796
1797
1798
1799
1800
1802
1803
1804
1805
1806
1807
1808
1809
1810
1811
1812
1813
1814
1815
1816
1817
1818
1819
1820
1821
1822
1824
1825
1826
1827
1829
1831
1834
1830
1828
1832
1835
1836
1837
1838
1839
1844
1846
1847
1848
1849
1851
1852
1853
1854
7370
7380
7402
7409
7412
7426
7434
7439
7440
7441
7444
7445
7448
7447
7449
7450
7453
7458
7466
7471
7472
7473
7476
7477
7479
7480
7481
7482
7485
7493
7496
7499
7502
7508
7509
7512
7515
7516
7517
7518
7525
7528
7531
7534
7540
7541
7544
7548
7547
7550
7549
7553
7555
7557
7558
7559
7561
7562
7560
7563
7564
7565
7566
7568
7567
7569
7570
7571
7572
7573
7574
7577
7579
7578
7580
7582
7583
7585
7587
7589
7590
7591
7592
7593
7594
7596
7597
7595
7598
7599
7600
7601
7602
7603
7604
7605
7606
7611
7625
7631
7635
7636
7640
7657
7663
7665
7666
7667
7668
7670
7672
7673
7674
7675
7676
7677
7679
7681
7682
7683
7684
7686
7687
7685
7688
7689
7690
7691
7693
7713
7714
7715
7716
7717
7718
7719
7720
7721
7722
7723
7725
7726
7728
7729
7730
7731
7732
7735
7877
7879
7882
7883
7894
7896
7899
7900
1823
1514
1147
1148
1151
1177
1209
7468
3410
3411
3442
3443
3590
3596
3599
3611
3622
3628
3631
3643
3648
3680
3731
3733
3735
3736
3742
3752
3756
3757
5145
3741
7081
9991
10023
8593
10004
9428
9460
9508
3277
3278
3279
3285
8595
8591
3292
3309
3310
3311
3317
3324
3398
3399
3412
3430
3431
3444
3790
3791
3792
3793
3794
3799
3802
3804
3822
3823
3824
3825
3826
3831
3834
3836
9476
3985
3987
3997
3998
3999
4017
4019
4029
4030
4031
4033
4036
4041
4042
4045
4046
4047
4048
4049
4051
4052
4058
4059
4060
4061
4063
4065
4068
4073
4074
4077
4078
4079
4080
4081
4083
4084
4090
4091
4092
4093
4095
4099
4100
4102
4103
4104
4105
4160
4164
4165
4166
4167
4168
4171
4172
4174
4176
4177
4179
4180
4181
4183
4184
4187
4188
4189
4192
4196
4197
4198
4199
4200
4203
4206
4204
4208
4209
4211
4212
4213
4215
4216
4219
4220
4221
4225
4226
4227
4231
4235
4236
4241
4242
4246
4249
4250
4253
4254
4255
4257
4258
4259
4263
4267
4268
4273
4274
4278
4281
4282
4285
4286
4287
4307
4339
4380
4381
4387
4388
4389
4392
4393
4397
4398
4400
4423
4426
4427
4428
4430
4431
4432
4434
4436
4435
4437
4438
4439
4440
4454
4455
4458
4459
4460
4462
4463
4464
4466
4467
4468
4469
4470
4471
4472
4488
4490
4491
4492
4494
4496
4497
4499
4500
4524
4526
4528
4529
4531
4532
4565
4571
4597
4603
4676
4708
4744
857
864
865
866
867
868
869
870
871
872
911
912
913
914
915
916
917
918
919
920
921
922
923
926
1600
1627
1629
1632
1659
1661
1880
1881
1890
1891
1912
1913
1040
1925
1928
1935
1939
1956
1957
1960
7554
7586
7669
1072
7824
7856
1888
6480
6512
7190
7222
1889
1886
1887
1918
1919
1922
1924
1954
4401
4404
4405
4406
4409
4417
4419
4420
4429
4461
5148
5162
5166
5313
5345
4416
4418
4421
4482
2436
2443
2458
2468
2475
2466
2490
4777
4778
4779
4780
4783
4784
4790
4791
4804
4805
4813
4817
4819
4822
4845
4826
4827
4849
4851
4854
4858
4859
4869
4871
4872
4870
4863
4864
4875
4873
4865
4866
4874
4867
4876
4878
4879
4880
4885
4881
4883
4884
4896
4897
4898
4899
4901
4902
4903
4905
4906
4907
4910
4904
4912
4911
4916
4913
4915
4917
4926
6474
6494
6495
6506
6549
6581
271
6998
6999
7000
7001
7002
7003
7006
5167
5164
5163
5165
5173
5172
5179
5270
5276
5319
5302
5308
5312
5344
5351
5394
5395
5583
5615
5133
5135
5136
5138
5139
5143
5144
5147
3093
3125
3730
3743
4363
4362
4364
4367
4394
3213
3214
3734
2921
3732
3991
3992
3993
3994
3995
3996
4023
4024
4025
4026
4027
4028
4032
4034
4035
4037
4038
4064
4066
4067
4069
4070
4368
245
257
2533
3290
3322
3719
3726
3740
3751
3758
4131
4132
4134
4135
4136
4137
4163
4170
4173
4175
4178
4185
4182
4186
4202
4205
4195
4207
4217
4210
4214
4218
4359
4365
4358
4355
4356
4357
4366
4360
4361
4382
4390
4391
4424
4425
4444
4446
4457
4456
4478
4476
4480
4481
4483
4486
4484
4485
4487
4493
4489
4495
4498
4504
4506
4512
4513
4514
4527
4515
4516
4518
4517
4519
4523
4520
4522
4521
4525
4530
4535
4536
4538
4539
4541
4542
4543
4619
4631
4634
4651
4666
4663
6020
6024
6029
6030
6520
6525
4375
4407
4533
4534
4537
4540
4544
4545
9792
9806
9809
9811
9824
9825
9826
9827
9838
9841
9843
5967
5976
5986
5999
6008
472
504
2437
2439
2442
2445
2448
2447
2456
2474
2477
2454
2451
2463
2459
2457
2462
2469
2471
2480
2479
2486
2483
2488
2489
2491
2495
2494
8009
8004
8007
8036
8039
8259
8247
8215
8291
9828
2068
2100
841
842
843
846
847
844
855
862
845
854
860
850
861
848
863
874
873
875
876
878
879
880
893
886
894
895
882
877
887
892
898
897
901
900
899
903
902
905
904
907
906
910
909
924
927
929
930
932
931
933
935
934
936
937
939
938
941
942
1033
1024
1049
1048
1052
1051
1054
1089
1056
1080
1065
1055
1081
1084
1086
1083
1087
1090
1092
1093
1095
1097
1096
1098
1104
1099
1107
1100
1121
1122
1105
1124
1125
1127
1128
1130
1129
1131
1132
1136
1139
1137
1154
1155
1156
1160
1166
1169
1161
1180
1183
1163
1162
1164
1165
1173
1186
1187
1192
1194
1193
1188
1195
1196
1197
1222
1231
1232
1223
1228
1233
1234
1236
1237
1240
1241
1245
1265
1266
1268
1269
1246
1277
1272
1273
1278
1279
1280
1281
1282
1283
1284
1285
1286
1287
1288
1289
1291
1290
1292
1293
1294
1295
1306
1310
1311
1313
1312
1315
1316
1314
1300
1299
1317
1318
1319
1320
1323
1324
1321
1322
1325
1326
1327
1335
1332
1331
1342
1353
1338
1344
1337
1346
1341
1340
1347
1343
1351
1349
1350
1352
1364
1365
1370
1374
1376
1378
1369
1372
1379
1381
1382
1383
1384
1385
1396
1397
1401
1402
1404
1406
1602
1604
1606
1603
1605
1607
1610
1608
1609
1611
1613
1616
1619
1620
1624
1628
1634
1635
1636
1637
1638
1639
1640
1641
1642
1643
1645
1648
1651
1656
1652
1660
7692
7724
7888
7903
1932
1926
1958
3589
3621
3714
3712
3715
3713
3716
3717
3729
3722
3727
3744
3737
3728
3745
3746
3747
3748
3749
3760
3754
3769
3759
3761
3906
3938
5971
7284
7252
7218
2690
2691
2692
2694
2695
2693
2699
2706
2709
2722
2723
2724
2725
2726
2727
2731
2738
2741
6724
6728
6735
6738
6739
6740
6741
6742
6744
6745
6748
6760
6756
6750
6743
6746
6773
6767
6770
6771
6772
6777
6775
6774
6778
6776
6779
6780
6782
6788
6789
6803
6802
6817
6818
6819
6808
6809
6810
6814
6822
6816
6820
6821
6823
6830
6832
6793
6796
6798
6800
6804
6805
6812
6815
6825
6828
7169
7201
6003
5962
5965
5968
5964
5966
5973
5978
5981
5982
5983
5990
5996
5997
5998
6000
5994
6005
6010
6013
6014
6015
6027
6059
10570
10602
9939
2653
2717
2734
8912
8910
8896
7128
7196
7228
5789
7646
7678
7680
7694
7695
7696
7697
7699
7700
7702
7703
7704
7705
7706
7707
7708
7709
7710
7711
7712
7727
7734
196
7698
2737
2767
7701
7733
7065
4551
4583
4574
4606
10000
10009
10032
2590
2565
2636
2642
2675
2661
2673
2720
2740
2744
2783
2787
2788
2793
2792
2822
2797
2801
2806
2826
2825
2832
2852
2864
2880
2888
2979
2957
3355
3942
3949
3955
4766
6477
9250
9938
9977
10316
10527
3848
10251
10254
10283
10286
2763
2798
2816
2883
3926
3979
2881
2898
2887
2886
2896
2912
2890
2899
2902
2913
2928
2918
2922
2930
2919
2931
2934
2952
2958
2964
2984
3479
3511
2627
9979
5602
7066
7069
6039
5819
5787
1662
1630
3880
9972
8665
8697
3932
3905
3909
3964
3941
7311
7309
7316
7310
7322
7312
7327
7314
7313
7315
7318
7319
7325
7326
9279
9948
234
753
9632
9951
9864
8351
661
9947
9752
9865
9941
9945
9715
9868
9974
9944
10128
9973
9866
9976
10130
10126
10125
10035
2004
10159
10269
10158
9980
10161
6528
4769
5535
5565
4834
6071
6075
5783
6467
6357
6468
6509
7068
8102
6466
7071
7061
7067
3491
3459
2585
2583
2584
2587
2586
2600
2588
2598
2597
2604
2589
2619
2621
2616
2610
2631
2615
2606
2620
2607
2644
2659
2626
2643
2622
2662
2630
2618
2638
2686
2617
2676
2629
2650
2663
2645
2670
2712
2674
2668
2651
2685
2654
2658
2683
2677
2682
2696
2711
2702
2705
2703
2710
2707
2715
2718
2728
2735
2739
2754
2743
2753
2765
2742
2769
2747
2756
2750
2785
2758
2760
2759
2770
2757
2764
2774
2773
2761
2791
2766
2790
2768
2776
2777
2779
2800
2786
2799
2778
2782
2789
2802
2796
2811
2808
2809
2805
2817
2810
2814
2818
2820
2836
2824
2823
2841
2859
2844
2847
2855
2827
2848
2845
2833
2849
2856
2850
2865
2873
2858
2882
2868
2884
2876
2879
2877
2891
2895
2885
2894
2900
2897
2903
2901
2904
2908
2905
2907
2938
2911
2906
2936
2909
2914
2923
2929
2932
2910
2933
2917
2927
2920
2954
2916
2946
2944
2948
2937
2935
2926
2951
2940
2945
2942
2941
2939
2943
2977
2962
2980
2963
2947
2959
2949
2971
2974
2955
2986
2975
2983
2978
2991
2981
2987
2990
2995
2994
3018
3007
3003
3006
3019
3028
3027
3022
3023
3020
3052
3054
3059
3051
3050
3055
3060
3101
3076
3079
3096
3090
3097
3099
3128
3111
3108
3122
3129
3131
3145
3133
3136
3168
3147
3148
3151
3178
3153
3167
3150
3146
3154
3177
3186
3160
3182
3180
3179
3192
3199
3183
3185
3913
3918
3910
3930
3921
3928
3919
3927
3945
3924
3925
3922
3923
3917
3911
3950
3954
3953
3920
3958
3952
3959
3951
3956
3957
3943
3960
3976
3962
3982
3980
3981
6490
6487
6489
6488
9867
3069
3072
3073
3104
3105
2609
2330
5822
4143
4110
4109
4106
4138
4111
4141
4142
8420
5533
5534
3889
3616
3857
3575
3572
3541
3961
9970
9975
9983
9987
10127
10129
2362
2632
2664
2688
2689
2697
2698
2704
2708
2716
2719
2729
2730
2732
2733
2736
2748
2749
2751
2755
2771
2772
3253
3262
3302
3387
3396
3417
3421
3428
3449
3471
3484
3486
3489
3497
3503
3516
3518
3538
3539
3540
9633
9640
9683
9940
9942
9653
9946
9943
9971
9970
9975
9983
9978
9986
9987
5112
5566
5567
5570
5786
5790
5815
5818
5821
5975
6043
6055
7062
7063
7064
5566
5567
5818
5790
5975
5786
5815
5570
6055
7064
5821
7070
7062
6043
7063
8013
10523
10551
10573
7070
8013
8263
8286
8295
8334
197
202
206
228
229
450
9621
229
202
8689
8693
8664
228
450
8696
8334
206
197
8667
8710
8698
8666
8661
8699
8742
8911
2432
2762
2815
2831
2878
3307
3718
3852
3862
3884
3894
3929
3986
4630
4737
2867
2869
2870
2871
2872
2874
2875
2892
2893
2960
2965
2967
2970
2972
3270
3275
3988
4008
4011
4012
4013
4014
4018
4020
4107
4108
9281
9282
8366
8408
10157
10160
10162
2036
2053
2123
2127
2132
10347
10348
10349
10351
10352
10369
10555
10559
10605
2435
8657
10301
10315
10317
6923
6926
6927
6955
6958
6959
9207
9218
9219
9241
9243
9244
9245
9247
9251
9273
9275
9276
9277
10301
10315
10317
10318
10319
10320
10350
10401
10519
6866
6898
6959
8017
8019
8021
8022
8023
8024
8025
8028
8031
8070
8096
957
9277
9784
1973
1981
10318
10319
10320
10350
10401
6387
6388
6389
76
78
85
75
79
72
82
71
80
77
83
84
88
86
64
31
63
5614
5614
70
65
68
67
69
74
73
81
113
65
87
66
74
69
68
70
67
87
73
66
9044
9047
5009
5008
10022
4741
2152
2151
3457
3465
3574
7052
