0
1
32
33
50
54
566
533
534
140
142
146
151
155
172
174
178
183
187
565
1310
1311
1312
1313
1314
1315
1316
1317
1319
341
346
1365
373
377
378
494
498
503
507
3
12
15
18
19
22
35
44
47
51
3
12
15
18
19
22
35
44
47
51
317
318
331
333
363
492
2
34
128
129
130
132
133
139
141
156
158
159
160
161
162
164
165
171
173
188
190
191
193
194
195
198
200
205
208
209
210
211
212
213
214
215
218
219
220
221
225
226
227
315
334
335
338
339
347
370
371
510
512
517
518
521
530
544
549
550
553
562
7
24
25
26
27
28
29
30
137
138
143
169
170
175
203
206
348
349
350
351
352
491
513
520
522
542
545
554
501
325
326
329
330
332
357
358
361
362
5
13
17
20
21
23
37
39
45
49
52
53
135
148
153
154
157
167
180
185
186
189
192
197
199
201
204
207
217
223
224
320
342
343
374
375
479
500
505
506
509
511
514
516
519
523
525
526
527
528
529
532
538
539
541
543
546
548
551
555
557
558
559
560
561
564
131
134
136
144
145
147
149
150
152
163
166
168
176
177
179
181
182
184
202
483
486
488
493
495
496
497
499
502
504
508
515
524
531
535
536
537
547
552
556
563
567
568
4
8
9
36
40
41
563
567
568
552
524
531
535
556
515
354
536
537
547
481
316
319
321
322
323
324
328
337
340
353
355
356
360
372
345
196
540
222
11
6
16
43
38
216
48
230
228
234
232
237
231
236
244
242
246
248
250
249
251
252
253
254
257
258
255
260
268
311
312
313
314
364
482
484
485
489
490
569
570
571
572
573
574
575
576
577
578
579
580
581
582
583
585
587
595
598
608
609
610
611
612
613
614
615
617
619
896
904
905
906
907
908
909
910
911
912
913
914
916
917
918
920
921
922
923
925
926
927
928
1367
229
233
235
238
239
240
241
243
245
247
256
259
261
264
270
365
366
367
369
31
941
942
944
1030
1034
1039
1043
1062
1066
1071
1075
1366
480
939
940
67
65
68
66
69
63
70
74
73
71
78
81
84
85
87
79
93
88
92
94
97
98
96
100
99
101
102
103
106
105
113
110
116
111
117
119
120
125
124
126
272
276
292
293
304
308
382
389
384
386
376
387
388
391
394
392
390
395
385
401
396
393
409
397
403
412
398
404
406
413
411
405
400
408
414
416
407
418
424
419
420
421
415
417
423
402
422
426
425
410
430
429
427
428
436
441
438
435
437
433
440
443
439
444
434
432
446
453
448
431
445
447
442
462
450
455
457
452
471
475
459
460
458
464
456
473
472
474
463
461
451
477
454
487
476
591
623
630
658
661
688
690
693
702
709
707
712
713
723
724
725
727
728
722
58
710
62
64
95
732
127
263
734
273
274
275
277
278
735
284
285
286
287
288
289
291
295
296
299
301
302
305
306
745
307
309
310
368
744
739
757
754
759
756
760
753
741
751
764
749
771
774
768
779
778
742
766
780
770
767
775
783
788
787
782
785
772
786
793
790
792
478
794
803
806
804
590
601
810
811
622
633
802
812
800
807
819
814
817
815
820
822
818
653
654
824
825
656
657
826
832
659
660
662
666
668
669
686
838
837
840
689
842
843
844
691
692
694
847
848
839
846
698
700
851
855
701
852
853
704
857
705
856
859
706
860
854
858
870
872
868
708
869
864
874
878
875
711
879
880
876
871
883
720
886
887
888
889
884
885
891
892
721
890
1342
1318
1331
1320
1321
1327
1322
1328
726
1326
1330
1340
1329
1324
1346
1341
1338
1337
1345
1336
1339
729
730
1350
1348
1347
1343
1344
1351
1361
1349
1364
1362
1363
1357
1358
1360
1356
733
736
737
761
758
738
740
743
752
755
762
765
271
399
795
796
797
798
827
828
829
830
836
836
861
863
893
895
897
898
1359
1372
303
606
638
798
827
46
828
829
830
861
863
893
895
897
898
1359
72
596
600
104
269
336
731
763
379
267
269
589
621
645
42
584
344
642
644
640
647
670
672
674
676
282
679
449
685
674
672
677
60
56
59
61
586
55
57
1369
381
383
283
380
664
667
470
663
282
695
627
1334
685
91
123
300
80
112
76
77
90
86
75
83
280
118
262
279
121
107
297
265
109
266
108
82
290
298
89
588
592
115
593
594
294
597
122
114
599
616
602
603
607
626
620
628
618
625
631
629
635
634
649
648
646
639
699
696
799
777
769
776
801
809
791
781
784
831
816
813
808
835
845
823
849
877
873
850
882
841
881
867
903
773
805
280
281
300
281
680
681
678
665
697
281
773
805
281
641
833
10
14
1368
1370
1371
359
467
466
469
468
10
1368
1371
636
1370
746
359
673
1355
359
747
1325
632
14
624
1353
10
834
671
862
683
675
703
652
637
900
894
684
1354
604
687
655
1335
1370
605
865
789
748
1368
682
750
1352
1371
717
719
929
932
936
938
946
948
924
919
955
958
959
943
952
953
951
957
956
964
962
963
960
968
961
969
971
967
973
974
966
975
977
982
981
986
983
989
991
992
978
993
994
995
996
1000
999
1001
998
1003
1006
1005
1007
1009
1010
899
327
465
604
605
624
632
636
637
931
652
655
671
673
675
682
683
684
687
703
714
715
716
718
748
750
789
821
865
866
894
901
902
915
930
933
934
935
937
945
947
949
950
1013
1014
1021
1018
954
1023
1037
1015
1035
1028
1040
1036
965
1060
970
972
1067
976
1069
1072
1068
979
980
984
985
987
988
990
997
1002
1004
1091
1008
1011
1094
1012
1016
1017
1019
1020
1022
1024
1025
1026
1027
1029
1031
1032
1033
1038
1041
1042
1044
1045
1046
1047
1048
1049
1050
1051
1052
1053
1054
1055
1056
1057
1058
1059
1061
1063
1064
1065
1070
1073
1074
1076
1077
1078
1079
1080
1081
1082
1083
1084
1085
1086
1087
1088
1107
1089
1090
1104
1126
1123
1109
1139
1136
1092
1141
1093
1152
1095
1096
1097
1098
1099
1169
1100
1101
1102
1103
1105
1106
1108
1110
1111
1112
1113
1114
1115
1116
1117
1118
1119
1120
1121
1122
1124
1125
1127
1128
1129
1130
1131
1132
1133
1134
1135
1137
1138
1140
1142
1143
1144
1145
1146
1147
1148
1149
1150
1151
1171
1153
1181
1154
1184
1155
1156
1183
1157
1158
1159
1201
1203
1160
1161
1162
1163
1213
1164
1215
1222
1165
1166
1167
1232
1234
1235
1168
1237
1238
1170
1172
1173
1174
1175
1176
1177
1178
1179
1180
1182
1185
1186
1187
1188
1189
1190
1191
1192
1193
1194
1195
1196
1197
1198
1199
1200
1202
1204
1205
1206
1207
1208
1209
1210
1211
1212
1214
1247
1282
1283
1284
1285
1287
1216
1217
1218
1219
1220
1292
1266
1295
1264
1221
1254
1267
1223
1224
1269
1270
1225
1226
1306
1227
1228
1308
1309
1229
1230
1373
1374
1281
1231
1377
1375
1378
1279
1380
1381
1382
1384
1383
1233
1387
1388
1389
1236
1390
1391
1392
1393
1394
1239
1240
1241
1398
1242
1400
1397
1243
1401
1405
1406
1403
1404
1409
1410
1411
1412
1407
1414
1415
1408
1417
1244
1419
1420
1421
1422
1423
1424
1425
1426
1427
1245
1428
1430
1431
1432
1433
1434
1435
1436
1437
1438
1439
1440
1441
1442
1443
1444
1429
1446
1447
1246
1248
1249
1451
1452
1250
1251
1252
1253
1255
1256
1257
1258
1259
1260
1261
1262
1263
1265
1454
1455
1456
1458
1459
1467
1464
1465
1468
1470
1471
1462
1466
1268
1469
1472
1478
1449
1463
1480
1482
1483
1484
1485
1486
1487
1453
1457
1494
1496
1271
1498
1499
1500
1501
1502
1503
1504
1461
1272
1460
1273
1274
1510
1275
1512
1276
1514
1277
1515
1278
1517
1518
1519
1280
1286
1523
1288
1289
1526
1290
1291
1528
1293
1530
1294
1531
1532
1296
1533
1297
1534
1298
1299
1535
1300
1301
1473
1302
1476
1490
1491
1303
1492
1304
1474
1305
1307
1506
1323
1332
1557
1333
1559
1505
1560
1508
1561
1563
1565
1566
1567
1376
1379
1522
1385
1386
1524
1540
1541
1395
1396
1572
1573
1399
1402
1413
1416
1418
1569
1445
1448
1589
1479
1511
1592
1593
1556
1595
1596
1597
1598
1599
1555
1584
1587
1450
1475
1477
1481
1488
1489
1493
1495
1497
1507
1509
1513
1615
1516
1520
1521
1618
1588
1525
1527
1529
1536
1537
1538
1539
1542
1543
1544
1545
1546
1547
1548
1549
1550
1551
1552
1553
1554
1558
1562
1564
1568
1570
1571
1647
1574
1575
1650
1576
1617
1577
1578
1579
1580
1581
1582
1649
1583
1585
1586
1590
1591
1594
1600
1601
1602
1603
1604
1605
1606
1607
1608
1609
1610
1611
1612
1613
1614
1616
1619
1620
1621
1622
1623
1624
1687
1625
1626
1627
1628
1629
1630
1631
1632
1633
1634
1635
1636
1637
1638
1639
1640
1641
1642
1643
1644
1645
1646
1648
1651
1652
1653
1689
1717
1654
1719
1693
1692
1655
1656
1657
1658
1728
1659
1660
1731
1661
1724
1725
1662
1663
1726
1733
1734
1664
1746
1665
1737
1666
1667
1668
1760
1763
1669
1670
1671
1672
1673
1674
1675
1676
1765
1677
1678
1679
1778
1680
1766
1681
1682
1683
1684
1685
1688
1690
1694
1696
1697
1698
1795
1699
1796
1700
1797
1800
1701
1801
1804
1702
1703
1808
1704
1793
1705
1706
1813
1805
1816
1809
1811
1818
1819
1812
1822
1707
1815
1769
1708
1814
1709
1827
1828
1829
1832
1710
1833
1836
1825
1711
1840
1837
1712
1841
1713
1845
1843
1714
1848
1715
1716
1850
1851
1844
1720
1854
1721
1722
1846
1847
1817
1849
1736
1863
1738
1744
1866
1745
1747
1869
1870
1748
1751
1873
1874
1752
1875
1753
1876
1877
1880
1881
1878
1754
1884
1885
1755
1756
1757
1758
1759
1859
1768
1770
1776
1895
1777
1779
1898
1780
1783
1901
1902
1784
1785
1905
1906
1907
1908
1786
1909
1910
1912
1913
1787
1823
1916
1917
1788
1789
1790
1791
1792
1794
1798
1799
1802
1803
1806
1807
1810
1922
1820
1924
1821
1855
1824
1925
1826
1830
1928
1831
1942
1929
1834
1835
1930
1931
1944
1838
1839
1932
1842
1936
1933
1935
1934
1937
1852
1853
1856
1857
1858
1956
1954
1957
1860
1960
1961
1962
1963
1861
1967
1964
1965
1974
1966
1941
1976
1867
1891
1968
1969
1862
1973
1864
1865
1868
1871
1872
1879
1882
1883
1992
1994
1886
1996
1887
1888
1889
1890
1940
1892
1899
1972
1893
1894
1896
1897
1900
1903
1904
1911
1914
1915
1918
1919
1920
1921
1923
1939
1926
1927
1938
2024
1943
2026
1945
1946
1947
2028
1948
1949
1950
1951
1952
1953
1955
1958
1959
1970
1971
1975
1977
1978
1979
1980
1981
1982
1983
1984
1985
1986
1987
1988
1989
1990
1991
1993
1995
1997
1998
1999
2000
2001
2002
2003
2004
2005
2006
2007
2008
2009
2010
2011
2012
2013
2014
2015
2016
2017
2018
2019
2020
2021
2022
2023
2025
2027
2029
2030
2031
2032
2033
2034
2035
2036
2037
2038
2039
2040
2041
2042
2043
2044
2045
2046
2047
2048
2049
2050
2051
2052
2053
2054
2055
2056
2057
2058
2059
2060
2061
2062
2063
2064
2065
2066
2067
2068
2069
2070
2071
2072
2073
2074
2075
2076
2077
2078
2079
2080
2081
2082
2083
2084
2085
2086
2087
2088
2089
2090
2091
2092
2093
2094
2095
2096
2097
2098
2099
2100
2101
2102
2103
2104
2105
2106
2107
2108
2109
2110
2111
2112
2113
2114
2115
2116
2117
2118
2119
2120
2121
2122
2123
2124
2125
2126
2127
2128
2149
2134
2129
2140
2142
2136
2144
2132
2148
2131
2138
2139
2143
2150
2133
2147
2146
2141
2145
650
651
