1543
1544
1552
1553
1556
1565
1566
1568
1569
1575
1576
1584
1585
1588
1597
1598
1608
1611
1612
1619
1622
1623
1627
1628
1640
1643
1644
1651
1654
1655
1659
1660
1676
1677
1670
1671
1678
1679
1680
1681
1684
1685
1686
1690
1691
1708
1694
1695
1702
1703
1709
1710
1711
1712
1713
1716
1717
1718
1483
1484
1486
1487
1490
1491
1501
1502
1504
1507
1508
1509
1510
1513
1514
1515
1516
1518
1519
1522
1523
1615
1618
1647
1650
1666
1698
1540
1572
1540
1572
1615
1618
1647
1650
1666
1698
1540
1572
1616
1617
1620
1621
1624
1625
1626
1629
1630
1631
1632
252
253
254
255
256
257
258
261
264
265
267
270
242
278
281
286
245
288
289
290
402
403
404
243
405
406
408
251
409
410
411
412
414
415
262
417
263
250
268
418
419
421
422
424
427
433
430
434
435
436
437
438
440
441
442
443
444
446
447
448
449
451
452
454
456
457
291
272
458
423
259
461
464
462
465
466
474
478
475
476
477
479
480
481
483
484
486
489
428
271
488
490
493
496
494
499
497
498
506
507
508
510
509
511
512
513
514
515
516
517
518
519
520
521
522
524
523
525
526
529
530
546
547
548
549
550
551
552
425
553
554
555
556
557
558
561
562
429
578
579
582
583
707
708
709
710
711
714
713
715
717
719
720
716
718
721
722
723
724
726
727
728
729
725
732
733
734
735
739
740
742
743
746
747
749
751
752
745
748
750
753
754
755
1485
230
232
236
246
247
273
274
275
276
277
407
413
416
432
439
445
453
460
485
492
1672
1673
1674
1675
1682
1683
1687
1688
1689
1692
1693
1696
1697
229
1583
1586
1587
1589
1590
1591
1592
1593
1594
1595
1596
1599
1600
1601
1602
1603
1604
1605
1606
1607
1609
1610
1613
1700
1701
1704
1705
1706
1707
1714
1715
1488
1489
1492
1493
1494
1495
1496
1497
1498
1499
1500
0
1
2
3
4
5
6
15
7
8
9
10
11
12
13
19
21
23
28
29
30
31
32
33
34
35
36
37
38
39
40
41
42
46
47
48
49
50
43
44
45
52
51
53
54
56
57
58
59
55
60
61
62
63
64
65
66
67
68
69
70
71
72
73
74
75
76
77
78
79
80
81
82
83
84
85
86
87
88
89
90
91
92
93
94
95
96
97
98
99
101
100
102
103
104
105
106
107
108
109
110
111
112
113
114
115
116
117
118
119
120
121
122
123
124
125
126
127
128
129
131
132
133
134
135
136
137
138
139
140
141
142
143
144
145
154
146
147
148
149
150
151
152
153
157
164
165
155
156
166
167
168
169
170
171
172
173
174
175
176
177
178
179
180
181
185
182
183
184
186
189
190
191
192
187
188
193
194
195
196
197
198
199
200
201
202
203
205
206
207
208
209
212
216
217
214
220
221
222
223
224
225
226
227
228
231
233
234
235
237
238
239
240
241
244
248
249
260
279
280
282
283
284
285
287
292
293
296
297
299
302
306
307
310
311
312
313
314
315
316
317
318
319
320
323
337
339
340
343
349
352
355
450
473
482
505
528
531
533
540
305
544
545
560
563
565
577
756
757
758
759
760
761
764
765
766
767
768
769
770
771
772
773
774
775
776
777
778
779
789
780
781
790
791
792
793
794
795
796
797
798
799
800
801
802
803
804
805
806
807
808
809
810
811
814
813
812
815
817
818
819
820
821
822
823
824
825
826
827
828
829
830
831
832
833
834
835
836
837
838
839
840
841
842
843
844
845
846
847
849
848
850
851
852
853
854
856
321
855
857
858
859
860
861
862
863
350
864
865
866
867
868
869
870
871
872
873
874
875
876
877
878
879
880
881
882
210
883
884
885
886
887
888
889
322
890
891
892
893
894
895
896
897
204
907
218
909
213
918
219
353
927
928
929
930
354
931
932
933
935
936
939
941
950
959
960
1002
1003
1012
1013
1014
1016
1017
1019
1021
1022
1026
1027
1029
1030
1031
1032
1033
1034
1037
1038
1039
1042
1043
1044
1045
1046
1047
1048
1049
1050
1051
1052
1053
1054
1055
1058
215
1059
1062
1063
1064
346
1065
1066
1069
1070
1071
1073
1074
1075
1076
1077
1078
1079
1080
1081
1082
1083
1084
1085
1086
1087
1088
14
16
1089
1090
17
18
20
22
1091
1092
1093
1094
1095
1096
1097
24
25
26
1098
1099
1100
27
1101
1102
1103
1104
1105
1106
1107
1108
1110
1111
1112
1113
1114
304
1115
1116
1117
1118
211
1119
1120
1121
1122
1123
1124
1125
1126
1127
1128
1129
1130
1131
1132
1133
1134
1135
1136
1137
1138
1139
1140
1142
1143
1144
1145
1146
1147
1148
1149
1150
1151
1152
1153
1154
1155
1158
1159
1160
1161
1162
1163
1164
1167
1168
1169
1170
1171
1174
1175
1176
1178
1179
1180
1183
1190
1191
1192
1193
1194
1195
1196
1199
1200
1201
1202
1203
1206
1207
1208
1211
1212
1213
1214
1215
1216
1217
1219
1220
1221
1222
1225
1226
1227
1228
1232
1233
294
295
1246
1247
1248
1249
1251
1252
1253
1254
1257
1258
1259
1260
1264
1265
1271
1278
1279
1282
1283
1284
1286
1288
1289
1290
1291
1292
1293
1295
1296
1297
1298
300
1301
1302
1303
1304
1308
1309
1320
1321
1322
1323
303
1324
1325
1327
1328
1329
308
309
1330
1333
1334
1335
1336
1340
1341
1368
1400
1410
1413
1418
1421
1435
1438
1442
1445
1450
1453
1467
1470
1472
1475
1479
1476
1477
1478
1480
1481
1482
1511
1512
1520
1541
1542
1545
1546
1548
1549
1550
1551
1554
1555
1559
1557
1562
1567
1573
1574
1577
816
1578
1580
1581
1633
1582
1634
1637
1641
1642
1656
1657
1658
1661
1662
1667
1668
1669
1699
1036
1068
1072
1210
357
359
360
363
380
381
386
389
390
392
395
387
398
401
388
420
570
571
575
576
580
581
700
701
702
703
704
705
706
712
730
731
384
385
391
393
396
397
400
455
459
472
487
491
500
501
502
503
504
567
569
572
586
587
588
590
593
594
595
598
599
601
602
603
604
606
607
608
609
610
613
618
619
620
622
625
626
627
630
631
633
634
644
645
647
646
648
649
651
656
655
668
669
670
671
672
676
677
679
680
678
681
683
688
687
736
737
738
741
744
564
597
600
611
614
615
629
632
1564
1570
1571
1579
1614
1635
1636
1638
1639
1645
1646
1648
1649
1652
1653
1663
1664
1665
559
566
568
1503
1505
1506
1517
1521
1547
1558
1560
1561
431
325
327
328
331
348
369
371
372
375
382
378
527
650
653
658
659
662
665
682
685
690
691
695
697
698
1563
1563
1563
1563
1563
1563
1563
1563
1563
1563
1563
652
654
661
663
664
667
684
686
693
694
696
699
1563
1563
266
269
426
463
495
1563
1563
266
269
426
463
495
1563
1563
1563
1563
1563
266
269
426
463
495
1563
1563
1563
1563
1563
1563
266
269
426
463
495
1563
266
269
426
463
495
467
468
469
470
471
1536
1537
1533
1534
366
367
362
324
336
301
338
383
347
326
333
365
351
335
334
361
342
330
376
374
358
341
377
345
329
368
370
356
591
379
589
628
961
963
964
967
689
623
373
596
617
624
657
621
616
605
344
906
692
984
914
910
921
989
919
926
938
916
992
993
908
995
996
999
922
944
911
954
943
942
937
940
951
915
955
975
920
958
923
981
978
979
953
971
948
966
976
977
972
969
968
970
983
980
974
982
986
988
934
584
946
592
947
990
1015
1011
1007
985
1001
991
1000
1006
1009
998
1109
1004
1018
987
1020
1141
1025
1024
1028
1008
1023
1057
1010
1056
612
585
660
912
952
399
666
962
965
973
994
997
1005
1531
1526
1528
1535
1525
1524
1530
1527
1539
1532
1539
1527
1530
1524
1528
1526
1532
1535
1525
1531
1524
1539
1530
1525
1532
1527
