1
2
3
5
6
8
10
11
14
15
17
20
23
24
25
26
27
28
29
30
33
34
35
37
38
40
42
43
147
144
47
46
146
148
150
145
155
156
161
162
163
166
167
169
170
173
176
177
178
179
180
182
184
185
186
187
188
189
190
191
196
197
198
199
200
201
202
204
205
206
207
208
209
210
215
220
221
254
256
257
258
259
260
261
263
264
265
266
269
270
271
274
280
281
283
284
285
287
286
288
289
292
293
291
290
295
296
297
298
301
302
303
317
318
319
320
321
322
324
325
331
333
334
335
336
337
338
340
342
343
344
345
346
349
348
350
347
351
352
353
354
356
357
380
379
381
382
383
384
385
386
387
388
390
391
392
393
394
395
396
397
398
399
400
401
402
403
404
405
406
408
409
410
411
412
413
415
416
417
418
420
422
419
414
423
426
427
428
430
424
429
425
431
432
433
434
435
436
437
438
440
441
442
443
444
445
447
448
451
452
453
454
455
456
457
458
460
461
462
463
464
467
468
469
471
472
473
474
475
446
480
483
484
485
486
488
487
489
490
492
493
494
495
496
499
500
501
503
504
505
506
507
512
516
517
518
519
521
524
529
530
531
532
533
535
534
536
537
538
541
542
543
544
548
549
550
551
553
556
561
562
563
564
565
566
567
568
569
570
573
574
575
6528
6522
6525
598
601
602
152
603
899
900
901
902
903
904
905
906
908
909
910
913
914
915
916
917
918
919
920
921
922
923
925
927
912
928
931
932
940
941
942
945
946
947
948
944
949
950
951
952
953
954
955
957
959
963
966
968
969
970
971
972
973
974
975
977
978
979
981
984
985
988
153
154
157
158
159
160
991
995
998
1000
1001
1002
1003
1004
1005
1006
1007
1009
1010
1011
1013
1016
1017
1020
1023
1026
1027
1028
1031
1032
1033
1036
1038
1040
1041
1042
1045
1046
1047
1048
1049
1050
1051
1052
1054
1055
1058
1059
1060
1063
1064
1065
1068
1070
1072
1073
1074
1077
1078
1079
1080
1081
1082
1083
1084
1086
1087
1088
1089
1094
1100
1101
1102
1103
1120
1121
1126
1128
1129
1132
1133
1134
1135
1153
1157
1158
1159
1160
1161
1162
1163
1164
1165
1166
1167
1168
1169
1170
1171
1172
1173
1174
1176
1177
1178
1179
1180
1181
1182
1183
1185
1189
1190
1191
1192
1193
1194
1195
1196
1197
1198
1199
1200
1201
1202
1203
1204
1205
1206
1208
1209
1210
1211
1212
1213
1214
1215
1217
1220
1221
1222
1223
1225
1231
1232
1281
1282
1283
1284
1286
1287
1288
1289
1285
1292
1293
1295
1296
1297
1304
1305
1307
1308
1311
1313
1314
1315
1316
1317
1318
1319
1320
1321
1324
1325
1327
1328
1329
1330
1332
1333
1335
1336
1337
1339
1340
1343
1344
1346
1347
1348
1367
1368
1370
1371
1376
1378
1379
1380
1399
1402
1403
1408
1409
1411
1412
1413
1414
1416
1417
1418
1421
1422
964
967
980
996
999
1439
1440
1441
1443
1444
1445
1446
1448
1449
1450
1453
1454
1474
1476
1477
1480
1481
1489
1490
1493
1494
1495
1498
1499
1012
1500
1503
1506
1508
1509
1512
1513
1521
1522
1525
1526
1527
1585
1586
1587
1588
1589
1590
1592
1709
1710
1713
1714
1718
1719
1720
1721
1722
1723
1724
1727
1728
1733
1734
1735
1736
1737
1738
1739
1740
1741
1742
1744
1745
1746
1747
1748
1751
1752
1754
1755
1760
1765
1766
1767
1768
1769
1770
1771
1772
1773
1774
1776
1777
1778
1779
1780
1783
1784
1786
1787
1793
1795
1796
1797
1800
1803
1804
1805
1806
1809
1812
1813
1845
1848
1849
1852
1853
1854
1856
1861
1863
1864
1867
1868
1869
1870
1871
1872
1873
1880
1883
1884
1886
1887
1888
1893
1895
1896
1899
1900
1901
1902
1903
1904
1905
2364
2365
2366
2367
2368
2369
2370
2372
2373
2375
2376
2377
2378
2379
3253
3254
3255
3257
3258
3259
3261
3262
3263
3264
3265
3266
3267
3268
3270
3271
3272
3273
3274
3275
3276
3277
3278
3279
3280
3282
3283
3284
3285
3286
3287
3288
3289
3291
3292
3293
3294
3295
3296
3297
3298
3299
3300
3302
3303
3304
3305
3306
3307
3308
3309
3310
3311
3312
3314
3315
3316
3317
3318
3319
3320
3321
3323
3324
3325
1400
3345
3346
3347
3348
3349
3350
3351
3352
3353
3354
3355
3356
3357
3358
3359
3360
3361
3362
3363
3377
3421
3422
3423
3424
3425
3426
3427
3428
3429
3430
3431
3432
3433
3434
3435
3436
3437
3438
3439
3440
3441
3442
3443
3444
3445
3446
3447
3448
3449
3450
3451
3452
3453
3454
3617
3618
3652
3654
3655
3662
3663
3666
3714
3717
3718
3719
3720
3721
3722
3723
3724
3725
3726
3727
3728
3753
3754
3755
3756
3757
3758
3759
3760
3763
3764
3768
3769
3770
3771
3772
3773
3774
3777
3778
3779
3780
3781
3782
3783
3784
3785
3786
3787
3788
3789
3790
3791
3792
3793
3794
3795
3796
3797
3798
3799
3800
3801
3802
3803
3804
3805
3806
3809
3810
3811
3812
3813
3814
3815
3816
3817
3818
3819
3820
3821
3822
3823
3824
3825
3826
3827
3828
3829
3830
3831
3832
3833
3834
3835
3836
3837
3838
3840
3841
3843
3844
3846
3847
3848
3849
3853
3856
4027
4028
4029
4030
4031
4032
4033
4034
4035
4036
4038
4039
4040
4044
4045
4047
4050
4051
4052
4053
4054
4055
4057
4058
4059
4061
4062
4063
4064
4065
4066
4083
4084
4085
4086
4087
4089
4090
4091
4093
4094
4095
2006
4096
4097
4098
4104
4107
4115
4116
4117
4118
4119
4120
4121
4123
4124
4125
4126
4128
4129
4130
4253
4254
4255
4256
4257
4258
4259
4261
4262
4263
4266
4267
4269
4270
4271
4252
4268
4273
4274
4276
4272
4279
4280
4275
4277
4281
4282
4283
4284
4285
4286
4287
4288
4289
4290
4292
4293
4296
4297
4298
4299
4300
4301
4302
4303
4304
4305
4306
4307
4308
4309
4316
4317
4318
4319
4320
4321
4324
4328
4322
4325
4330
4329
4331
4332
4333
4334
4335
4336
4337
4338
4339
4340
4341
4348
4349
4350
4351
4352
4353
4354
4357
4358
4389
4390
4391
4392
4393
4394
4395
4396
4398
4397
4399
4401
4400
4416
4417
4422
4423
4424
4426
4427
4428
4432
4434
4435
4439
4440
4441
4448
4449
4454
4455
4456
4458
4459
4460
4464
4466
4467
4471
4472
4473
4475
4476
4483
4484
4485
4486
4487
4488
4489
4490
4491
4492
4493
4494
4495
4496
4497
4498
4499
4500
4501
4503
4504
4505
4506
4507
4508
4509
4510
4514
4515
4513
4516
4517
4518
4519
4520
4521
4522
4523
4524
4525
4526
4527
4528
4529
4530
4531
4532
4533
4535
4536
4537
4538
4539
4540
4541
4542
4544
4545
4546
4547
4548
4549
4550
4551
4552
4553
4554
4555
4556
4557
4558
4560
4559
4561
4562
4563
4564
4567
4568
4569
4570
4573
4565
4566
4571
4572
4574
4575
4576
4577
4578
4579
4580
4581
4582
4583
4584
4585
4586
4587
4588
4589
4590
4591
4592
4593
4594
4595
4596
4599
4600
4601
4602
4597
4598
4603
4604
4605
4606
4608
4610
4607
4611
4614
4613
4612
4615
4616
4617
4618
4619
4620
4056
4088
4627
4628
4629
4643
4644
4099
4100
4101
4102
4103
4106
4108
4645
4646
4647
4648
4649
4650
4651
4659
4660
4661
4874
4875
4877
4878
4109
4112
4127
4131
4892
4893
4894
4895
4898
4278
4899
4900
4903
4906
4907
4909
4910
4924
4925
4926
4927
4928
4929
4930
4931
4932
4933
4934
4935
4936
4937
4938
4939
4940
4966
4967
4968
4969
4970
4971
4972
4973
4974
4975
4977
4978
4979
4980
4981
4982
4983
4984
4988
4989
4990
4991
4992
4993
4994
4996
4999
5000
5001
5002
5003
5004
5005
5007
5008
5010
5011
5012
5014
5015
5018
5024
5025
5026
5028
5030
5031
5032
5033
5034
5035
5036
5037
5039
5040
5042
5043
5044
5046
5047
5050
5058
5061
5062
5064
5065
5067
5105
5106
5182
5183
5184
5185
5187
5188
5189
5190
5191
5192
5193
5194
5195
5196
5199
5202
5203
5204
5205
5206
5207
5209
5210
5211
5212
5213
5214
5216
5217
5219
5220
5221
5222
5223
5224
5225
5226
5227
5228
5231
5234
5236
5237
5238
5239
5241
5242
5243
5244
5245
5246
5273
5274
5305
5306
5312
5313
5314
5315
5316
5317
5318
5319
5320
5323
5324
5327
5328
5329
5330
5331
5333
5334
5337
5338
5340
5343
5344
5345
5346
5347
5348
5349
5350
5351
5352
5355
5356
5359
5360
5361
5362
5363
5365
5434
5435
5445
5448
5449
5450
6501
6503
6504
6505
6506
6507
6509
6510
6511
6512
6513
6558
6560
6564
6565
6566
6569
6570
6571
6572
6573
6574
6575
6578
6579
6580
6581
6585
6586
6608
6610
6611
6612
6615
6616
6628
6640
6642
6643
6644
6647
6648
4998
6673
5006
6674
6701
6702
6705
6706
6718
6721
6725
6726
6729
6730
6731
6732
6733
6735
6736
6738
5038
6739
6740
6741
6745
6746
6747
6748
6749
6750
6751
6753
6757
6758
6761
6762
6763
6764
6765
6767
6768
6770
6771
6772
6773
6777
6778
6779
6780
6781
6782
6783
6784
6785
6786
6787
6788
6789
6790
6792
6793
6794
6795
6796
6797
6799
6800
6801
6802
6803
6804
6805
6806
6807
6808
6809
149
181
1483
1492
1515
1524
5433
5181
5215
5247
5259
5265
5269
5271
5272
5291
5297
5301
5303
5304
5326
5358
520
527
528
539
540
552
559
560
571
572
581
584
585
586
587
588
590
592
597
599
1814
1815
1816
1817
1820
1846
1847
3222
3223
3224
3226
3225
3227
3229
3230
3231
3233
3240
3241
3242
3244
3246
3247
3248
3249
3250
3251
3252
3256
4402
4403
4404
4405
4406
4410
4411
4418
4420
4421
4429
4437
4438
4447
4450
4452
4453
4461
4469
4470
596
5266
5298
5322
5325
5339
5342
5354
5357
5432
5451
5453
5455
5456
5477
5480
5482
5481
5483
5485
5487
5488
5505
5506
5511
5514
5515
5527
5559
5571
5574
5575
5658
5671
5673
5674
5720
5722
5723
5724
5727
5728
5766
5779
5784
5798
5811
5816
5837
5839
5840
6035
6036
6037
6038
6043
6046
6465
6490
6497
5518
1597
1598
1599
1600
1601
1602
1603
1604
1605
1606
1607
1608
1609
1619
1622
1623
1624
1626
1627
1628
1629
1630
1631
1632
1633
1634
1635
1636
1637
1638
1639
1640
1641
1651
1654
1655
1656
1658
1659
1660
1661
1662
1663
1664
1665
1668
1669
1670
1851
2032
2033
2034
2035
2036
2037
2038
2039
2041
2042
2043
2044
2045
2046
2047
2048
2049
2050
2051
2052
2053
2054
2055
2056
2057
2058
2059
2060
2062
2063
2066
2068
2067
2069
2070
2071
2072
2079
2080
2081
2082
2083
2084
2085
2086
2087
2088
2089
2090
2091
2094
2092
2095
2099
2100
2098
2101
2102
2103
2104
2150
3527
3528
3529
3531
3530
3533
3534
3535
3536
3537
3538
3539
3540
3541
3544
3547
3548
3549
3550
3551
3552
3553
3554
3555
3556
3558
3557
3559
3560
3561
3562
3563
3565
3566
3567
3568
3569
3570
3571
3572
3620
3621
3624
3625
3626
3629
3630
3634
3639
3640
3643
3644
3645
3646
3647
3648
3649
3653
3669
3670
3680
3681
3684
3730
3731
3732
3762
3842
3845
3850
3851
3852
3861
3862
3863
3864
3868
3869
3870
3871
3872
3873
3874
3875
3876
3877
3878
3879
3880
3881
3882
3883
3884
3885
3888
3893
3894
3895
3896
3900
3901
3902
3903
3926
3927
3928
3929
3995
4431
4436
4463
4468
4630
4662
4672
4673
4676
4677
4678
4679
4680
4681
4682
4686
4687
4690
4692
4693
4691
4696
4699
4700
4701
4702
4703
4704
4705
4708
4709
4718
4719
4722
4723
4724
4725
4728
4731
4732
4733
4734
4735
4736
4737
4738
4740
4741
4742
4743
4744
4745
4747
4748
4749
4750
4751
4752
4753
4754
4755
4757
4758
4760
4761
4762
4763
4764
4765
4766
4767
4768
4769
4770
4772
4773
4774
4775
4776
4777
4779
4780
4781
4782
4783
4784
4785
4786
4787
4789
3526
4790
4792
4793
4794
4795
4796
4797
4798
4799
4800
4801
4802
4805
4811
4813
4818
4821
4830
4831
4832
4833
4834
4837
4843
4845
4850
4853
4862
4863
4864
4865
4866
4869
4870
4871
6724
6756
4
7
9
12
13
31
32
36
39
41
44
45
604
605
636
637
649
681
810
812
813
815
816
817
818
819
822
836
840
843
835
849
850
852
853
856
860
861
862
867
868
872
875
881
882
884
885
888
890
893
894
896
892
911
924
926
943
956
958
960
992
1035
1039
1067
1071
1479
1482
1484
1485
1488
1497
1502
1511
1514
1516
1517
1520
1529
0
3674
3708
809
858
5366
5369
5370
5372
5375
5381
5382
5387
5390
5391
5396
5397
5418
5419
5422
5423
5428
5429
6531
6532
6533
6534
6535
6537
6538
6539
6540
6541
6542
6543
6544
6545
6546
6547
6550
6551
6552
6553
6554
6555
6556
6557
6563
6567
6576
6577
6582
6583
6584
6587
6588
6589
6590
6595
6596
6618
6619
6620
6621
6622
6623
6627
6650
6651
6652
6653
6654
6655
6717
6720
6734
6810
6811
6812
6813
6816
6817
6818
6820
6821
6822
6823
6824
6825
6828
6829
6833
6834
6835
6836
6837
6839
6840
6841
6842
6843
6844
6845
212
218
219
965
997
5386
3855
3860
3867
3887
3892
3899
3920
3923
3933
3952
3955
3958
3959
3960
3961
3965
3976
3979
3665
3706
2188
2189
2190
2191
2194
2195
2196
2197
2201
2202
2203
2245
2246
2247
2248
2249
2250
2251
2252
2253
2254
2255
2256
2257
2258
2259
2260
2261
2262
2263
2266
2267
2269
2270
2271
2272
2273
2274
2275
2276
2277
2278
2279
2280
2281
2282
2283
2284
2285
2286
2287
2288
2289
2290
2291
2292
2293
2294
2295
2298
2299
2301
2302
2303
2304
2307
2310
2311
2312
2313
2314
2315
2316
2317
2318
2319
2320
2321
2322
2323
2324
2325
2326
2327
2328
2329
2330
2331
2336
2339
2342
2343
2344
2345
2346
2347
2348
2349
2350
2351
2352
2353
2354
2355
2356
2357
2358
2359
2360
2361
2362
2363
2499
2500
2501
2502
2503
2504
2505
2506
2507
2510
2511
2513
2514
2515
2516
2517
2518
2519
2520
2521
2522
2523
2525
2526
2531
2532
2533
2534
2535
2536
2537
2538
2539
2542
2543
2545
2546
2547
2548
2549
2550
2551
2552
2553
3456
3457
3458
3459
3460
3461
3462
3463
3464
3465
3466
3467
3469
3470
3471
3473
3474
3475
3476
3477
3478
3479
3480
3481
3482
3483
3484
3485
3486
3487
3488
3489
3490
3491
3492
3493
3494
3495
3496
3497
3498
3499
3501
3502
3503
3505
3506
3507
3508
3509
3510
3511
3512
3513
3514
3515
3516
3517
3518
3519
3520
3521
593
3522
3523
3524
3525
1717
3989
3996
3997
3998
3999
4000
4001
4014
4015
4018
4021
4291
4294
4295
4323
4326
4327
6521
6617
3455
3986
613
616
617
618
619
620
622
624
629
630
631
633
634
635
2152
2182
2185
2193
2199
2200
628
1822
3576
3577
3584
3585
3586
3587
3588
3589
3590
3591
3592
3593
3594
3595
3597
3598
3599
3600
3601
3603
3604
3607
3608
3609
3610
3612
3613
3614
3615
3616
3619
3622
3623
3627
3631
3632
3633
3635
3636
3641
3642
5208
5240
1730
1756
1758
1761
1762
3574
1821
1155
1156
1187
1188
1290
1291
1294
1306
1309
1322
1323
1326
1338
1341
1345
1351
1354
1355
1356
1357
1358
1362
1363
1366
1372
1375
1377
1382
1383
1384
1385
1386
1387
1388
1394
1396
1397
1401
1405
1406
1415
1419
1420
1426
1427
1437
1438
1447
1451
1452
4995
5019
5022
5023
5027
5051
5054
5055
5180
5256
5261
5288
5293
6523
6526
6527
6529
6561
1750
1757
1759
1782
1788
1789
1790
1791
1792
1818
1819
1824
1827
1828
1835
1837
1838
1841
1844
1850
1855
1857
1858
1859
1860
1862
1865
1866
1874
1875
1878
1879
1889
1890
1891
1892
1894
1897
1898
1906
1907
1910
1911
1912
1915
1916
1918
1919
1990
1991
1994
1995
2003
2004
2005
6649
1798
1807
1808
1811
1823
1825
1826
1830
1832
1836
1839
1840
1843
1876
1885
1908
1917
1926
1941
1942
1948
1949
1958
1961
1964
1965
1971
1973
1974
1980
1981
1984
1985
1986
1987
1988
1989
1992
1993
1996
1997
1998
1999
2000
2001
2002
2007
2008
2009
2010
2011
2012
2013
2014
2015
2016
2017
2018
2019
2020
2021
2022
2023
2024
2025
2026
2027
2028
2029
2030
2031
2040
2061
2064
2065
2073
2074
2075
2078
2093
2096
2097
2105
2106
2107
2110
2111
2112
2113
2114
2115
2116
2118
2123
2126
2129
2130
2136
2139
2142
2143
2144
2145
2146
2155
2158
2161
2162
2168
2171
1610
1612
1616
1621
1642
1644
2174
2175
1648
1653
2400
2401
2402
2404
2405
2407
2408
2409
2410
2411
1594
1595
1596
730
762
768
769
772
789
791
792
794
795
796
797
798
800
801
804
1030
3776
3808
6676
6677
6680
6681
6698
6700
6815
6819
6827
6831
6832
779
782
788
1613
1614
1615
1617
1625
1645
1647
1646
1649
1657
3322
625
4002
4003
4004
4005
4006
4007
4008
4009
4011
4012
4013
268
591
594
595
623
626
627
3236
3290
976
982
983
1008
1014
1015
1475
1478
1486
1487
1491
1496
1504
1507
1510
1518
1519
1523
1528
1531
1532
1534
1535
1536
1538
1539
1540
1541
1542
1544
1545
1546
1547
1548
1549
1553
1554
1555
1556
1557
1558
1560
1562
1563
1564
1565
1566
1567
1568
1570
1571
1572
1573
1574
1576
1577
1578
1579
1580
1581
2264
2265
2296
2297
2305
2308
2309
2333
2335
2337
2340
2341
2497
2498
2512
2529
2530
2544
2554
2555
2557
2558
2560
2561
2562
2563
2565
2567
2568
2569
2570
2573
2574
2575
2576
2577
2578
2579
2580
2582
2583
2584
2585
2588
2591
2592
2593
2594
2595
2597
2599
2600
2601
2602
2605
2606
2607
2608
2609
2610
2611
2612
2614
2615
2616
2617
2620
2623
2648
2690
2719
2722
4010
2771
2772
2774
2775
2776
2777
2780
2781
2782
2783
2786
2787
2790
2793
2799
2801
2802
2803
2804
2806
2807
2808
2809
2812
2813
2814
2815
2817
2818
2819
2820
2822
2826
2831
2832
2835
2837
2838
2839
2840
2841
2843
2844
2845
2846
2847
2849
2850
2851
2852
2854
5440
5457
5458
5459
5460
5461
5462
5463
5464
5465
5466
5467
5468
5469
5470
5471
5472
5489
5490
5491
5492
5493
5494
5495
5496
5497
5498
5499
5500
5501
5502
5503
5504
5507
5508
5510
5513
5516
5517
5526
5531
5533
5534
5558
5563
5565
5566
5657
5659
5660
5661
5662
5663
5664
5665
5666
5667
5668
5669
5672
5675
5676
5677
5678
5679
5680
5681
5682
5683
5684
5685
5686
5687
5689
5690
5691
5692
5693
5694
5695
5696
5697
5698
5699
5700
5701
5702
5703
5704
5705
5706
5707
5708
5709
5710
5711
5712
5713
5714
5715
5717
5718
5719
5721
5726
5729
5730
5731
5732
5733
5734
5735
5736
5737
5738
5739
5740
5741
5742
5743
5744
5745
5746
5747
5749
5750
5751
5752
5753
5754
5755
5756
5758
5759
5760
5761
5762
5763
5764
5765
5767
5768
5769
5770
5771
5772
5773
5774
5775
5776
5777
5778
5780
5781
5782
5783
5785
5786
5787
5788
5789
5790
5791
5792
5793
5794
5795
5796
5797
5799
5800
5801
5802
5803
5804
5805
5806
5807
5808
5809
5810
5812
5813
5814
5815
5817
5818
5819
5820
5821
5822
5823
5825
5826
5827
5828
5829
5830
5831
5832
5834
5835
5836
5869
5871
5872
5874
5875
5876
5877
5878
5879
5880
5881
5882
5883
5884
5885
5886
5887
5888
5889
5890
5892
5893
5896
5897
5898
5899
5900
5901
5902
5903
5904
5905
5906
5907
5908
5909
5910
5911
5912
5913
5914
5915
5917
5918
5919
5920
5921
5922
5924
5925
5928
5929
5930
5931
5932
5933
5934
5935
5936
5937
5938
5939
5940
5941
5942
5943
5944
5945
5946
5947
5949
5950
5951
5952
5953
5954
5955
5956
5957
5960
5961
5962
5965
5966
5967
5970
5971
5972
5974
5975
5978
5979
5980
5981
5982
5983
5984
5985
5986
5987
5988
5989
5992
5993
5994
5997
5998
5999
6002
6003
6004
6006
6007
6010
6011
6012
6013
6014
6015
6016
6017
6020
6021
6022
6023
6026
6028
6029
6030
6031
6032
6034
6039
6040
6041
6042
6048
6049
6052
6053
6054
6055
6058
6060
6061
6088
6089
6090
6091
6092
6093
6094
6095
6096
6097
6098
6099
6100
6103
6105
6107
6108
6111
6114
6115
6120
6121
6122
6123
6124
6125
6126
6127
6128
6129
6130
6131
6132
6135
6137
6139
6140
6143
6144
6145
6147
6148
6151
6152
6153
6156
6157
6158
6159
6160
6161
6162
6163
6165
6166
6183
6184
6185
6188
6189
6190
6191
6192
6193
6194
6195
6211
6212
6213
6214
6217
6218
6219
6220
6221
6222
6225
6226
6232
6239
6240
6241
6242
6243
6244
6245
6246
6249
6250
6251
6252
6455
6456
6457
6458
6459
6460
6463
6464
6474
6475
6477
6478
6479
6480
6481
6482
6483
6484
6485
6486
6487
6489
6491
6494
6495
6496
6498
6499
6500
6514
6515
6516
6517
6518
6519
6530
1530
2645
2154
2159
2163
2164
2167
2173
2176
2177
2178
2179
2180
2181
2183
2186
2187
2192
2198
2204
2205
2206
2208
2209
2210
2211
2212
2213
2214
2215
2217
2218
2219
2222
2224
2225
2226
2227
2230
2231
2232
2857
2858
2889
2891
2892
2895
2896
2897
2900
2901
2902
2903
2904
2905
2906
2909
2910
2911
2921
2923
2924
2927
2928
2929
2932
2933
2934
2935
2936
2937
2938
2941
2942
2943
2990
3219
3220
3221
4986
4987
4997
5029
6229
6752
6766
4502
4511
4534
4543
49
52
55
56
57
58
59
60
61
62
109
116
119
128
129
130
131
134
135
137
138
141
1829
2220
2221
2223
2228
2229
2334
2332
2374
2380
2381
3232
3235
3237
3238
3260
272
304
3628
3677
77
84
87
3978
3982
3983
3228
3676
3709
4689
4721
4726
4729
4739
4771
4812
4809
4810
4841
4842
4844
1618
1650
1666
1667
1671
1672
1673
1674
1675
1676
1678
1679
1696
1697
1698
1699
1700
1701
1702
1703
1704
1705
1706
1707
1708
1711
3969
1743
1749
1753
1775
1781
1785
3988
3990
3991
3992
3993
3994
4016
4020
4022
4023
4024
4025
4026
4694
4697
1682
1687
1688
1689
1691
1690
1692
1695
3234
1925
1940
1943
1944
1945
1946
1947
1950
1951
1957
1962
1966
1967
1968
1969
1970
1972
1975
1976
1977
1978
1979
1982
1983
2119
2120
2151
2122
2132
2127
2131
2135
2141
2184
2207
2216
2406
2412
2413
1877
1881
1882
1909
1913
1914
1920
1921
1922
1923
1924
1927
1928
1952
1953
1954
1955
1956
1959
1960
1677
1681
1686
3218
277
279
3239
267
3472
3504
498
729
735
761
767
775
776
3968
4060
4092
4746
4778
4803
4806
4807
4860
4861
4867
4941
4942
4943
4945
4947
4950
4951
4952
4953
4954
4956
4957
4958
4963
4985
6728
6760
6830
4868
4948
4949
4960
4961
4962
2386
2388
2390
2391
2392
2393
2394
5452
5454
5484
5486
5824
5833
5842
5843
5844
5845
5846
5847
5848
5849
5850
5851
5852
5853
5855
5856
5857
5858
5859
5860
5861
5862
5863
5864
5865
5866
5867
5868
6562
2076
151
165
168
171
174
175
183
192
193
194
203
213
216
217
223
224
225
226
229
230
231
232
233
234
235
237
238
240
241
242
244
245
247
248
249
252
253
255
4609
4637
4638
4640
4641
4642
195
227
228
250
251
222
4110
4111
4113
4114
4136
4137
4139
4142
4143
4145
4146
4147
4148
4149
4150
4151
4152
4153
4155
4156
4157
4160
4161
4162
4163
4164
4165
4166
4158
4159
4168
4171
4172
4175
4179
4182
4183
4184
4185
4186
4192
4193
4194
4195
4196
4197
4198
4200
4203
4204
4207
4211
4214
4215
4216
4217
4218
4225
4224
4226
4227
4230
4231
4233
4234
4235
4238
4236
4237
4239
4241
4242
4244
4245
4240
4243
4246
4247
4248
4249
4250
4251
4265
236
239
4144
4138
4132
4140
4135
4141
4134
4133
4220
4222
5056
4170
4202
5066
5068
5069
5070
5071
5072
5073
5074
5075
5076
5077
5078
4176
5080
5081
5084
5085
5086
5087
5088
4177
4173
5090
4178
5093
5094
4219
5096
5097
5098
5099
4167
4199
5100
5101
5102
5103
5104
5107
5108
5109
5110
5112
5113
5116
5117
5118
5119
4205
4187
4191
4208
4190
4223
4209
4228
5321
5353
4210
4229
4260
211
214
222
236
239
243
246
4105
4188
4189
4221
4232
4264
16
18
21
22
48
50
53
54
63
64
65
66
67
68
69
70
71
72
73
74
75
76
78
79
80
81
82
83
85
86
88
89
90
91
92
93
94
95
96
97
98
99
100
101
102
103
104
105
106
107
108
110
111
112
113
114
115
117
118
120
121
122
123
124
125
126
127
132
140
142
143
164
172
837
838
842
844
845
846
847
848
863
869
870
874
876
877
878
879
880
895
1410
1442
1929
1930
1931
1932
1933
1934
1935
1936
1937
1938
1939
1963
2077
2385
2387
2389
2860
2863
2864
2865
2867
2868
2869
2870
2871
2872
2875
2876
2880
2881
2882
2883
2884
2885
2886
2887
2995
2996
133
136
139
1501
1533
1537
1543
1552
1561
1569
1575
1584
1593
2234
2236
2237
2239
2240
2241
2244
2417
2418
2419
2420
2422
2423
2424
2425
2426
389
407
421
439
449
481
502
1389
1390
1393
1395
1398
1404
1407
5020
5021
5052
5053
470
450
459
465
466
476
479
482
491
497
4822
4823
4820
4814
4819
4815
4824
4829
4846
4847
4851
4852
4854
4855
4856
4859
4896
4901
4897
4902
4964
4965
4946
4808
4827
4838
4840
5089
5091
5111
5197
5229
5332
5364
6047
6476
6508
5057
5059
5079
907
939
2233
2235
6290
6291
6293
6294
6375
6387
6388
6390
6391
515
547
1024
1025
1029
1037
1043
1044
1053
1056
1057
1061
1062
1069
1075
1076
1085
1090
1091
1092
1093
1119
1122
1123
1124
1125
1151
1152
3807
3839
6102
6104
6254
6278
6271
6273
6274
4430
4433
4462
4465
1116
1680
1684
1685
1694
1712
1716
1726
1729
2238
2242
2243
6253
6266
6269
6270
6277
6374
6376
6377
6378
6379
6380
6381
6382
6383
6384
6385
6386
6389
6392
6394
6395
6396
6397
6398
6401
6402
6405
6406
6407
6408
6409
6410
6411
6412
6413
6414
6415
6417
6418
6419
6420
6421
6422
6423
6424
6425
6426
6427
6428
6429
6431
6433
6434
6437
6438
6439
6440
6441
6442
6443
6444
6445
6446
6447
6449
6450
6451
6452
6453
6454
6461
5572
6393
6400
6403
6404
6432
6435
6436
2898
2899
2907
2912
2913
2914
2915
2916
2917
2918
2919
2930
2931
2939
2945
2948
2951
2989
2997
2998
2999
3000
3002
3003
3005
3007
3008
3009
3011
3012
3014
3017
3018
3020
3021
3022
3023
3024
3025
3026
3027
3028
3031
3032
3035
3037
3038
3039
3040
3041
3042
3043
3044
3046
3047
3048
3049
3050
3051
3052
3053
3054
3055
3056
3057
3058
3059
3060
3061
3062
3063
3064
3065
3067
3069
3070
3071
3073
3074
3079
3083
3084
3085
3086
3087
3088
3089
3091
3092
3093
3094
3095
3096
3097
3098
3099
3100
3102
3103
3105
3106
3111
3115
3116
3117
3118
3119
3120
3121
3123
3124
3125
3126
3127
3128
3129
3130
3131
3132
3134
3135
3136
3137
3138
3139
3141
3143
3144
3145
3146
3147
3148
3149
3175
3176
3177
3178
3179
3180
3181
3182
3183
3184
3187
3188
3189
3191
3193
3194
3195
3196
3197
3198
3199
3200
3201
3010
3013
3015
3019
3029
3033
3036
3045
3068
3204
3207
3010
3015
3016
3019
3029
3030
3033
3857
3865
3866
3889
3897
3898
3904
3905
3906
3907
3908
3909
3910
3911
3912
3913
3914
3917
3918
3921
3924
3925
3931
3932
3936
3937
3938
3939
3940
3941
3942
3943
3944
3945
3946
3949
3950
3953
3956
3957
3963
3964
3984
3985
4017
3001
3004
3545
3573
3583
3542
5016
5017
5048
5049
3150
3151
3152
3153
3154
3155
3156
3157
3158
3160
3161
3163
3164
3165
3166
3167
3185
3186
3190
3192
6719
6722
6723
6727
6737
6743
6744
6754
6755
6759
6769
6838
3159
3162
6027
6033
6059
6062
6063
6064
6065
6066
6071
6072
6073
6074
6079
6086
6087
6069
5133
5400
6067
6068
6070
6075
6078
6081
6279
6280
6281
6282
6283
6284
6285
6286
6287
6288
6289
6292
6295
6296
6297
6299
6300
6301
6302
6303
6298
6304
6305
6306
6307
6308
6309
6310
6311
6312
6313
6314
6315
6316
6317
6318
6319
6320
6321
6322
6323
6324
6325
6326
6327
6328
6329
6331
6332
6333
6334
6335
6336
6337
6338
6330
6339
6340
6341
6342
6343
6344
6345
6347
6348
6349
6350
6351
6352
6353
6354
6355
6357
6358
6359
6360
6361
6363
5401
5402
5403
6365
6366
6367
6368
6369
6370
6371
6372
6373
4442
4443
4444
4446
4474
6356
6493
2371
2993
2994
3596
3602
3611
1381
4976
771
803
2300
2383
2384
2415
2416
2433
2434
2435
2438
2439
2440
2441
2442
2448
2451
2452
2453
2454
2455
2456
2457
2458
2460
2461
2465
2466
2467
2470
2471
2472
2473
2474
2480
2483
2484
2485
2486
2487
2488
2489
2490
2492
2493
4041
1034
1066
1184
4872
4881
4882
4886
4889
4904
4913
4914
4918
4921
300
3532
3546
3564
1331
1334
6603
6606
6607
6609
6635
6638
6639
6641
6657
6658
6659
6660
6661
6664
6665
6666
6667
6668
6669
6670
6671
6699
6703
1794
1799
1801
1802
1810
1831
1833
1834
1842
4042
4043
5963
5964
5969
5995
5996
6001
1731
1763
1764
1732
508
523
578
511
3216
3217
6267
6492
6524
2825
2879
827
828
829
830
770
802
1559
1591
4879
4911
4944
4955
4959
5060
5063
5092
5095
5136
5144
5149
5150
5151
5165
5168
5176
5186
5218
4816
4826
2160
2165
4817
4825
4848
4849
4857
4858
2877
2878
2888
2920
3380
3381
3384
3383
3385
3386
3388
3378
3389
3390
3392
3393
3394
3395
3396
3397
3400
3401
3406
3405
3403
3404
3417
3414
3416
3418
3419
3420
3411
3407
3410
3415
5371
5374
3399
3387
3379
3382
3398
3402
3408
3409
3412
3413
299
1245
1253
1277
1280
1312
1350
1359
1360
1361
1364
1365
1369
1373
1374
1391
1392
2952
2953
2954
2958
2959
2960
2961
2962
2963
2964
2966
2967
2968
2970
2971
2972
2973
2975
2976
2980
2981
2984
2985
2986
3685
3686
3694
3695
3698
6775
6776
6791
6798
6826
1252
1254
1255
1257
2955
2978
2979
2982
2987
3687
3973
3975
3980
3981
3971
3974
4698
4695
4727
4730
2121
2125
2153
2157
2382
2395
2396
2398
2399
2403
2414
2421
2427
2428
2430
2431
2432
2443
2444
2445
2446
2447
2449
2450
2459
2462
2463
2464
2475
2476
2477
2478
2479
2481
2482
2491
2494
2495
2496
2508
2528
2540
2589
2590
2596
2598
2603
2604
2613
2618
2621
2622
2624
2625
2626
2627
2628
2629
2630
2631
2632
2633
2634
2635
2636
2637
2638
2639
2640
2641
2642
2643
2644
2646
2647
2649
2650
2651
2652
2653
2654
2655
2656
2657
2658
2659
2660
2661
2662
2664
2663
2665
2666
2667
2668
2669
2670
2671
2672
2673
2674
2675
2676
2677
2678
2679
2680
2681
2682
2683
2684
2685
2686
2687
2688
2689
2691
2692
2693
2694
2695
2696
2697
2698
2699
2700
2701
2702
2703
2704
2705
2706
2708
2709
2707
2710
2711
2712
2713
2714
2715
2716
2718
2720
2717
2721
2723
2724
2725
2726
2727
2728
2729
2730
2731
2732
2733
2734
2735
2736
2738
2737
2739
2740
2741
2742
2743
2744
2745
2746
2747
2748
2749
2750
2751
2752
2753
2754
2755
2756
2757
2758
2759
2760
2761
2762
2763
2764
2765
2766
2767
2768
2769
2770
2773
2784
2778
2779
2785
2788
2789
2791
2792
2794
2795
2796
2797
2798
2800
2805
2810
2811
2816
2827
2828
2830
2833
2834
2836
2842
2848
2859
2862
2866
2873
2874
2890
2893
2922
2925
2944
2946
2947
2949
2950
2957
2965
2969
2977
2983
2991
2992
3168
3169
3170
3171
3173
4310
4311
4313
4314
4315
4342
4343
4345
4346
4347
2527
2559
2524
2556
2564
2566
2571
2572
2581
2586
4037
4046
4048
4069
4073
4074
4075
4076
4077
4078
4080
4169
4079
4082
4181
4201
4213
6502
4067
4068
4070
4071
4072
4174
4180
4206
4212
367
375
370
366
368
378
4482
4481
363
365
332
355
364
369
372
374
376
377
5854
6568
2109
2147
5891
5894
5895
5916
5923
5926
5927
5948
5968
6000
6272
6275
6276
1683
1693
1715
1725
1310
1342
4671
509
4890
4915
5268
5299
5309
2128
2133
780
787
783
784
807
790
785
786
823
826
778
777
781
811
814
820
821
824
5413
5414
5656
5688
6154
6164
6196
6197
6199
6198
6186
6200
6201
6202
6203
6204
6207
6206
6208
6209
6238
6210
6136
6134
3203
706
714
711
707
713
712
715
717
716
720
721
738
739
746
744
743
752
749
745
747
753
748
808
5407
5410
5411
5415
5417
5420
5426
5436
5439
5438
5376
5379
5378
5383
5385
5388
5394
5404
5406
5408
1236
4683
4712
4711
4714
4715
1249
1264
4626
4634
4624
4625
4622
4623
4658
1263
3206
3202
1349
1352
1353
3205
4883
4891
5281
5447
2509
2541
3006
278
666
3948
2108
1113
1150
3245
4312
4756
5278
6634
1112
3667
3673
5250
3729
2117
2137
2149
2134
2148
2140
2166
2169
2172
6536
6601
6604
6636
6633
6683
6682
6685
6687
6689
6690
6686
6691
6692
6693
6697
6696
4479
1117
6626
1019
1130
4457
4888
5255
5336
1021
1137
3575
1216
5129
3704
3751
3749
3752
3738
3746
3740
3736
3739
3750
3742
3712
4669
4670
3715
3735
3733
3744
3737
3741
3747
3765
3767
1471
1459
1462
1505
1473
5235
4049
3716
5233
5285
514
1140
5335
3668
4409
4804
5198
1110
4876
1109
1104
1108
1107
1136
1139
1141
1018
6631
3854
3886
4668
5270
962
990
994
1022
580
638
648
640
658
684
660
667
673
674
697
699
719
703
705
886
851
831
891
883
1583
3766
3710
3661
4512
4880
5009
5252
4923
5264
5263
5279
2436
2468
2437
2469
2894
2926
5253
1105
3890
4407
555
3713
5286
3705
678
682
683
685
686
687
688
689
690
691
692
693
694
695
696
698
700
701
702
704
708
709
710
718
722
723
724
758
759
760
763
764
765
766
805
806
825
832
833
834
839
841
854
855
857
859
864
865
866
871
873
887
889
897
898
1154
1175
1611
1620
1643
1652
2156
2170
589
930
546
526
929
6630
5260
5276
5254
5283
5290
577
582
262
557
583
1425
987
525
558
5284
989
6614
5302
5444
1434
579
3638
1436
554
3672
1435
3675
3637
3651
1431
5295
6632
5446
986
3707
3671
3683
3660
3678
3656
3679
3664
3658
600
3650
339
961
6637
6704
1423
3922
1432
3711
4419
3891
3243
4415
3930
3761
3775
1433
3934
3915
4356
4019
3947
3916
4344
3858
3606
3859
6520
6646
5308
6678
5300
5341
6629
5307
5442
5296
6656
5441
3657
1424
19
4917
4632
4633
4412
4873
4621
4905
4355
5437
6613
5443
5311
5310
6679
6716
6742
3605
3935
3987
4451
4916
3659
3951
5045
5122
5156
5128
5159
3919
5126
4414
4408
5200
5123
4912
5132
5013
5158
5114
4884
5251
5162
5232
5230
4635
4919
5201
4922
5275
5277
4413
5134
5130
5124
5125
5127
5267
5163
5257
5161
4885
4908
4122
4425
5179
341
327
326
513
993
275
276
6624
6645
5280
5289
6600
6593
1115
1118
545
330
323
1111
329
6605
6591
328
5294
478
477
522
510
282
294
3682
6599
6597
6559
5292
6592
1114
6594
5160
4920
5262
6559
5115
4887
5155
6625
4636
4631
5157
5248
6675
5262
5258
5282
1138
5157
4631
6592
5292
6598
6602
6597
4636
6594
5115
576
4887
5160
4887
5041
5249
5287
1131
1127
5121
4631
934
935
1226
1298
1300
1301
1303
359
938
933
936
937
933
358
936
937
938
4788
1303
933
936
937
938
5512
5521
5528
5560
5564
5567
5568
5570
5670
5841
5959
5973
5976
5977
5990
5991
6005
6008
6009
6018
6019
6024
6025
6044
6045
6051
6056
6057
6462
6488
273
360
361
362
371
373
4388
360
361
4477
4478
4480
362
371
373
4388
4477
4478
4480
273
1106
4388
273
4388
4663
4664
4665
4666
4667
4674
4675
1469
1458
1470
3580
3580
4836
5120
3579
3580
3962
3966
3967
3970
3972
3977
5120
5131
1142
1143
1144
1145
1146
1147
1148
1149
1455
1456
1457
1460
1461
1463
1464
1465
1466
1467
1468
1472
1455
1456
1457
1460
1461
1463
1464
1465
1466
1467
1468
1472
3468
3500
5120
5131
6814
1455
1456
1457
1460
1461
1463
1464
1465
1466
1467
1468
1472
1550
1551
647
3077
3081
3080
646
651
609
675
5838
4688
4717
5562
6471
6472
6473
6469
5083
1430
5870
5873
6466
6467
4839
4828
4835
4828
4835
4685
4706
1428
4684
4759
4707
