20
21
32
33
34
35
37
38
49
50
52
53
54
55
56
164
165
179
180
183
184
192
193
194
195
198
199
200
206
207
208
209
210
211
213
214
215
218
219
220
221
224
225
226
227
230
231
232
236
238
239
240
241
242
243
245
246
247
250
264
265
266
267
270
271
272
274
276
277
278
279
280
282
285
286
287
290
291
292
293
296
297
298
299
300
302
303
304
306
308
309
310
311
312
314
317
318
319
457
460
462
463
465
467
468
479
489
492
494
495
497
523
524
527
529
530
531
532
533
534
535
730
731
732
745
746
748
749
751
752
758
759
761
762
763
764
766
1087
1090
1094
1096
1099
1104
1105
1106
1107
1108
1111
1112
1136
1137
1138
1139
1140
1143
1144
1145
1146
1149
1150
1170
1173
1176
1178
1404
1581
1582
1592
1593
1596
1597
1850
1851
1856
1857
1858
1859
1861
1863
1871
1873
1874
1878
1879
1887
1888
1889
1890
1891
1903
1905
1906
1910
1911
1919
1922
2002
2003
2004
2005
2006
2007
2008
2009
2010
2011
2012
2013
2014
2015
2016
163
170
173
196
202
204
205
2026
2028
2030
2033
2034
2035
2036
2037
2038
2039
2040
2041
2042
2043
2044
2045
2046
2047
2049
2050
2052
228
234
237
268
2150
2151
2240
2241
2242
2244
2246
2247
2248
2249
2250
2251
2252
452
471
472
475
476
484
2269
2270
2271
2272
2273
2274
2276
2278
2279
2280
2281
2282
2283
2284
2301
2302
2303
2305
2323
2324
2325
2326
2327
2328
2329
2330
2331
2332
2333
2334
1872
1875
1876
1877
2335
2337
2338
2339
2340
2341
2342
2343
2344
2345
2352
2353
2355
2356
2357
2358
2359
2360
2361
2362
2363
2364
2365
2366
2367
2368
1904
1907
1908
1909
1938
2387
2388
2389
2390
2391
2400
2419
2420
2421
2422
2423
2434
2435
2441
2447
2448
2562
2563
2577
2578
2591
2594
2595
2677
2688
2690
2691
2692
2694
2695
2255
2256
2696
2697
2699
2700
2703
2704
2713
2714
2715
2716
2717
2718
2719
2720
2722
2723
2724
2726
2260
2261
2265
2727
2728
2729
2731
2732
2735
2736
2742
2745
2746
2768
2770
2771
2776
2941
2943
2945
2946
2266
2287
2288
2947
2948
2949
2950
2951
2953
3725
3726
3731
2292
2293
2297
2298
3730
3732
3733
3734
3735
3736
3737
3738
3767
3768
3769
3770
3773
3776
3777
3778
3781
3782
3784
3785
3786
3787
3788
3790
3792
3794
3795
3798
3799
3800
3801
3802
3803
3804
3805
3806
3807
3808
3809
3810
3813
3814
3816
3817
3818
3819
3820
3822
3824
3826
3827
3830
3831
3832
3833
3834
3835
3836
3837
3838
3846
3847
3848
3849
3850
3851
3854
3855
3856
3857
3860
3861
3864
3867
3963
3964
2354
3967
3968
3969
3970
3971
3972
3973
3974
3975
3976
3977
3978
3979
3980
3981
3982
2369
2370
3983
3984
3985
3986
3987
3988
3989
3990
3991
3993
3994
3995
3996
3997
3998
3999
4000
4001
4002
4003
4004
4005
4006
4007
4008
4009
4010
4011
4012
4013
4014
4015
4016
4017
4018
4019
4021
4022
4023
4025
4026
4027
4028
4029
4030
4031
4034
4035
2396
2401
2402
4037
4038
4041
4042
4084
4095
4096
4097
4098
4100
4101
2428
4102
4104
4105
4107
4108
4110
4119
4120
4122
4123
4126
4127
4128
4129
4130
4132
4133
4134
4136
4137
4139
2438
4140
4142
4368
4369
4370
4371
4373
4374
4377
4378
2554
4382
4383
4388
4389
4397
4398
4399
4400
4401
4402
4403
4405
4406
4409
4410
4414
4415
4417
4418
4422
4431
4434
4436
4437
4438
2669
4439
4440
4441
4442
4443
4444
4445
4446
4447
4449
4450
4454
4471
4472
4473
4474
4475
4476
4477
4478
4479
4480
4481
4482
4483
4485
4486
4487
4492
4496
4498
4500
4501
4505
4506
4507
4508
4509
4510
4511
4512
4513
4514
4515
4517
4518
4519
4563
4564
4567
4568
4578
4579
2772
2775
2944
4580
4581
4582
4583
4585
4586
4587
4588
4592
4593
4616
4617
4618
4619
4621
4623
4624
4626
4631
4632
4648
4649
4650
4651
4653
4655
4656
4658
4663
4664
4675
4682
4752
4753
4754
4755
4757
4758
4762
4763
4764
4766
4767
4768
4769
4770
4771
4773
4774
4775
4776
4777
4779
4780
4781
4784
4785
4786
4787
4789
4791
4794
4795
4790
4796
4798
4799
4800
4801
4802
4803
4804
4805
4806
4807
4808
4809
4810
4811
4812
4813
4814
4815
4816
4817
4818
4819
4820
4822
4823
4824
4825
4826
4827
4828
4829
4830
4832
4833
4834
4835
4836
4837
4838
4839
4840
4841
4842
4843
4844
4845
4846
4847
4848
4849
4850
4851
4852
4854
4855
4856
4857
4858
4859
4860
4861
4862
4868
4871
4876
4887
4900
4903
4908
4020
4032
4919
4930
4933
4983
5001
5430
5431
5432
5433
5434
5435
5437
5438
5440
5441
5442
5443
5444
5446
5447
5454
6048
6049
6051
6059
6055
6063
6735
6736
6744
6747
6750
6767
6768
6776
6779
6782
217
249
269
273
275
283
284
289
295
301
305
307
315
316
522
525
747
750
753
755
765
767
768
769
770
771
772
773
774
1227
1229
1230
1231
1232
1233
1235
1236
1237
1671
1672
1673
1674
1676
1677
1679
1680
1681
1682
1683
1684
1685
1691
1692
1693
1694
1695
1696
1699
1703
1704
1705
1706
1708
1709
1711
1712
1713
1714
1715
1716
1717
1718
1719
1720
1721
1722
1723
1724
1725
1726
4672
1727
1854
1862
1892
1895
2231
2232
2234
2235
2236
2237
2238
2239
2243
2245
2253
2254
2257
2258
2262
2263
2264
2275
2277
2285
2286
2289
2290
2294
2295
2296
2381
2382
2392
2393
2397
2413
2414
2424
2425
2429
2479
2480
2743
4103
4106
4111
4112
4113
4114
4115
4116
4117
4118
4135
4138
2304
2336
1923
1950
1951
1954
1955
2446
2478
1982
1983
1984
1985
1986
1989
1990
1993
1994
1996
1998
2001
2017
2018
2021
2022
2025
2051
2053
2054
2055
2522
2056
2057
2059
2060
2061
2062
2063
2064
2065
2066
2068
2071
2077
2078
2081
2082
2083
2084
2085
2086
2087
2088
2089
2091
2092
2093
2094
2095
2096
2097
2098
2100
2103
2109
2110
2113
2114
2115
2116
2117
2118
2119
2120
2121
2124
2125
2126
2127
2128
2129
2130
2131
2132
2145
2146
2147
2148
2149
2152
2153
2156
2157
2158
2159
2160
2161
2162
2163
2164
2259
2291
2668
2670
2671
2672
2673
2674
2675
2676
2678
2679
2680
2681
2682
2684
2685
2687
2689
2693
2701
2702
2712
2721
2725
2733
2734
2737
2738
2739
2740
2741
2744
2747
2748
2749
2750
2751
2753
2754
2757
2758
2759
2760
2762
2763
2764
2765
2766
2767
2769
2773
2774
2777
2778
2779
2783
2785
2786
2789
2790
2791
2792
2793
2794
2795
2796
2797
2798
2799
2800
2801
2802
2803
2805
2806
2808
2809
2810
2811
2815
2816
2909
2911
1893
4099
4131
1970
6126
6129
6132
6144
6146
6150
6162
6163
6194
6195
6267
6268
6271
6272
6275
6276
6279
6280
500
503
504
506
754
756
757
760
1213
1214
1215
1217
1218
1219
1221
1222
1223
1224
1226
1860
1894
2761
2804
2807
2374
2377
2379
2380
2406
2409
2411
2412
2456
2458
2460
2488
2490
2492
2498
2499
2502
2503
2504
2505
2506
2507
2508
2509
2510
2512
2513
2514
2515
2516
2517
2518
2519
2520
2521
2530
2531
2534
2535
2536
2537
2538
2539
2540
2541
2542
2544
2545
2546
2547
2548
2549
2550
2551
2552
2553
2560
2592
4390
4394
4627
4659
4765
4797
5178
5179
5180
5181
5182
5183
5184
5185
5186
5187
5188
5189
5190
5191
5193
5194
5195
5196
5197
5199
5202
5203
5204
5205
5206
5207
5208
5209
5210
5211
5212
5213
5214
5215
5216
5217
5218
5219
5220
5221
5222
5223
5225
5226
5227
5228
5229
5231
5234
5235
5236
5237
5238
5239
5240
5241
5242
5243
5244
5245
5246
5247
5248
5249
5250
5251
5253
5254
5255
5256
5257
5258
5259
5260
5261
5262
5264
5265
5266
5267
5268
5271
5272
5593
5594
5595
5596
5597
5598
5599
5600
5601
5602
5603
5604
5605
5606
5607
5608
5609
5610
5611
5612
5613
5614
5617
5618
5619
5621
5623
5624
5625
5626
5627
5628
5629
5630
5837
5838
5839
5840
5841
5844
5845
5846
6050
6052
6053
6058
6060
6061
6064
6066
6067
6069
6070
6071
6072
6073
6074
6076
6077
6281
2952
2977
2978
2979
2980
2981
2982
2983
3369
3370
3371
3373
3379
3380
3385
3386
3387
3388
3390
3391
3392
3393
3394
3395
3396
3397
3398
3399
3400
3401
3402
3403
3404
3405
3407
3408
3409
3410
3411
3412
3414
3417
3418
3419
3420
3421
3415
3416
3422
3423
3424
3425
3426
3427
3428
3429
2976
3430
3431
3432
3433
3434
3435
3436
3437
3439
3440
3441
3442
3443
3444
3446
3447
3448
3449
3450
3451
3452
3453
3454
3455
3456
3457
3458
3459
3018
3020
3368
223
248
251
252
253
255
258
259
260
261
281
313
466
470
473
474
498
499
501
502
505
528
526
2449
2450
2453
2454
2455
2461
2481
2482
2485
2486
2487
2493
2496
2528
3372
3375
3377
3378
3382
3413
3445
3853
3858
3859
3862
3863
3865
3866
3869
3870
3871
3875
3876
3877
3878
3879
3880
3881
3885
3890
3891
3882
3883
3886
3887
3888
3889
3894
3895
3896
3897
3898
3899
3901
3902
3903
3904
3892
3893
3905
3906
3907
3908
3909
3954
3955
3956
3957
3960
3961
3962
3965
3966
4620
4622
4625
4647
4652
4654
4657
4665
4750
4751
4756
4772
4778
4783
4782
4788
4821
4853
216
4831
4863
4864
4865
4890
4891
4895
4896
4897
4922
4923
4927
4940
5002
5003
5004
5005
5010
5011
5008
5009
5012
5013
5014
5015
5016
5017
5018
5019
5020
5021
5022
5023
5024
5025
5026
5027
5033
5034
5035
5164
5165
5166
5167
5168
5169
5170
5192
5198
5200
5224
5230
5232
5252
5280
5281
5282
5283
5284
5285
5286
5287
5289
5290
5288
5291
5292
5294
5296
5293
5297
5298
5299
5300
5303
5304
5436
5775
5776
5779
5780
5781
5782
5801
5793
5794
5797
5798
5804
5807
5808
6125
6143
6145
6147
6148
6149
6151
6152
6153
6154
6155
6156
6157
6158
6159
6160
6161
6164
6175
6176
6177
6178
6179
6180
6181
6182
6183
6184
6185
6186
6187
6188
6189
6190
6191
6192
6193
6196
6799
4615
6165
6166
6167
6168
1085
1086
1088
1089
1091
1092
1093
1394
1395
1396
1397
1398
1399
1400
1401
1402
2306
2307
2308
2309
2310
2311
2312
2313
2320
2321
197
201
203
212
222
229
233
235
244
1273
1274
1275
1276
1277
1278
1279
1280
1281
2048
2067
2069
2070
2072
2073
2074
2075
2076
2079
2080
2090
2099
2101
2102
2104
2105
2106
2107
2108
2111
2112
2133
2144
2165
2395
2427
2322
4423
4424
4425
4428
4429
4455
4456
4457
4460
4461
4484
4516
1853
2058
3958
3959
5201
5233
2314
2315
2316
2317
2318
2319
2346
2347
2348
2349
2350
2351
4109
4124
4125
4141
4143
4144
4145
4146
4147
4148
4149
4150
4151
4152
4154
4155
4156
4157
4158
4159
4162
4168
4169
4178
4179
4180
4181
4182
4183
4185
4187
4188
4190
4191
4194
4200
4201
4209
4210
4211
4212
4213
4214
4215
4217
4219
4220
4222
4223
4224
4225
4228
4229
4305
4306
4307
4308
4309
4310
4311
4312
4313
4314
4315
4316
4317
4318
4319
4320
4321
4322
4323
4324
4325
4326
4327
4328
4329
4330
4331
4332
4333
4334
4335
4336
4337
4338
4339
4340
4341
4342
4343
4344
4345
4346
4347
4348
4349
4350
4351
4352
4354
4355
4356
4357
4358
4359
4360
4361
4362
4363
4364
4365
4366
4384
4386
4387
4391
4392
4393
4395
4396
4385
5155
5156
5157
5158
5159
5160
5161
5162
5177
5274
5306
4353
4385
1095
1097
1264
1267
1270
1271
1272
1403
4353
1269
2134
2166
2193
2225
2226
2227
2228
2229
2230
1265
1266
4737
4738
4739
4740
4741
4742
4743
4746
4747
4748
4749
4759
5439
5445
4744
4704
4707
451
453
455
483
485
487
1098
1109
1141
1168
4736
1169
1171
1172
1174
1175
1177
1179
1180
1182
1186
1187
1191
1192
1194
1195
1196
1197
1198
1199
1200
1201
1202
1203
1204
1205
1268
1630
1631
1632
1634
1638
1641
1643
1644
4745
1645
1648
1649
1658
1659
1660
1661
1662
1663
1664
1665
1666
2781
2782
2813
2814
2818
2819
2820
2821
2822
2823
2824
2825
2826
2828
2829
2834
2837
2844
2850
2851
2852
2853
2854
2855
2856
2857
2858
2860
2861
2864
2866
2869
2907
2908
1188
288
294
1678
1697
1710
2575
2756
2788
2832
5448
5449
5452
5453
3297
3298
3299
3300
3303
3304
3305
3306
3309
3312
3313
3316
3317
3318
3322
3324
3325
3326
3327
3328
3329
3330
3331
3332
3333
3335
3336
3356
3359
3360
3361
3362
3363
3364
3365
517
518
519
520
521
3320
3323
3934
3935
3936
3937
3938
3939
3941
3942
3943
3944
3945
3947
3948
3949
3950
3951
3952
3953
257
263
426
427
430
431
440
441
443
445
448
449
450
454
456
459
477
480
481
482
486
488
491
1405
1406
1473
1475
1477
1481
1482
1483
1486
1487
1490
1491
1494
1495
1497
1498
1499
1500
1501
1503
1505
1206
1207
1208
1209
1210
1211
1212
3940
733
734
735
736
4630
4662
4666
5263
5275
5276
5277
5278
5279
5295
5307
5308
5309
5310
5311
5312
5313
5314
5316
5333
5335
5339
5783
5784
5786
5788
5811
5812
5813
5814
5815
5816
5818
5820
5824
1301
1304
1305
1306
1307
1309
1312
1313
1315
1317
1321
1324
1325
1326
1327
1329
1330
1333
1352
1353
1354
1356
1359
1373
1374
1375
1378
1379
1382
1384
1385
1386
1387
1388
1391
1407
1408
1409
1410
1412
1413
1414
1415
1419
1420
1474
1489
1492
1493
1496
3460
3461
3462
3463
3464
3465
3466
3467
3468
3469
3470
3471
3472
3473
3474
3475
3478
3482
3485
3486
3492
3493
3494
3495
3496
3497
3498
3499
3500
3501
3517
3518
3520
3523
3529
3532
3535
3536
3537
3539
3617
3618
3621
3624
3625
3626
3629
3630
3651
3652
3653
3654
3655
3656
3657
3658
3659
3660
3661
3662
3664
3665
3666
3667
3668
3669
3671
3672
3678
3679
3683
3684
3685
3686
3687
3688
3689
3690
3691
3692
3693
3694
3696
3697
3698
3699
3700
3701
3703
3704
3710
3711
3712
3713
5827
5830
3366
3488
3490
3491
3538
1302
1303
1334
1350
1355
536
537
538
539
540
541
542
543
544
546
547
548
549
550
551
552
553
554
555
556
557
558
559
560
561
562
564
565
566
567
568
569
570
571
572
573
574
575
576
577
578
579
1348
1349
1351
1357
1358
1360
1361
1362
1363
1364
1365
1366
1367
1368
1369
1372
1377
1380
1381
1370
1371
1383
1389
1390
1392
1393
3538
3476
3502
3503
3504
3505
3506
3507
3508
3510
3514
3489
580
581
582
583
584
585
588
590
586
592
587
589
594
591
593
595
598
596
597
599
600
601
603
602
604
606
607
608
611
612
613
617
618
614
616
615
619
620
623
621
622
624
625
626
627
629
630
633
628
632
631
634
635
636
639
638
640
642
643
646
647
648
649
650
651
652
653
654
655
656
657
660
658
659
661
663
667
670
674
672
675
678
679
680
683
681
682
684
685
686
687
688
689
690
691
692
693
695
699
702
705
706
711
709
710
712
713
714
715
717
719
716
718
720
722
724
725
726
721
723
727
1285
1298
3740
3729
3741
3743
3744
3748
3749
3752
3753
3757
3759
3760
3758
3761
3763
3764
3765
3772
3775
5270
5302
5315
5332
5334
5338
5340
5777
5778
5787
5790
5791
5809
5810
5819
5822
5823
5825
5829
5831
5832
5833
5834
6054
5835
6062
729
1283
2848
2940
4047
4052
4056
4057
4058
4059
4064
4066
4067
4063
4043
4055
4049
4053
4048
4051
4060
4061
4062
4070
4073
4074
4075
4079
4080
4081
4083
3762
2939
4173
4174
4177
4206
4205
1944
1945
1948
1949
1960
1962
1963
1964
1967
1968
1928
1930
1931
1932
1935
1936
5028
6689
6690
6804
6685
6686
6687
6688
6692
2574
425
5061
5062
5063
5064
5065
5067
5068
5069
5070
5071
5073
5074
5076
5077
5078
5079
5081
5082
5085
5086
5087
5089
5090
5091
5093
5094
5095
5096
5097
5099
5100
5101
5102
5103
5105
5106
5108
5109
5110
5111
5113
5114
5117
5118
5119
5120
5121
5122
5124
5125
5126
5127
5128
5130
5131
5132
5135
5136
5137
5138
5139
5140
5141
5142
5143
5145
5152
5153
5154
5631
5632
5633
5634
5635
5636
5637
5638
5639
5640
5642
5643
5645
5647
5654
5656
5657
5660
5661
5662
5663
5668
5669
5670
5671
5672
5674
5675
5677
5679
5686
5688
5689
6250
5648
5651
5680
5683
428
509
511
507
6075
478
5163
6079
6080
6082
6083
6087
6088
6091
6092
6096
6097
6098
6099
6100
6101
6102
6103
6104
6105
6106
6107
6109
6110
1870
6653
6659
6661
6662
6663
6664
6665
6666
6667
6668
6669
6670
6671
6672
6673
1902
6674
6675
6676
6677
6678
6680
6681
6682
6683
6691
6693
6694
6695
6696
6697
6698
6699
6700
6701
6702
6703
6704
6705
6706
6707
6708
6709
6710
6712
6713
6714
6715
6720
6721
6722
6723
6724
6726
6727
6730
6731
6729
6732
6733
6734
6737
6738
6739
6740
6741
6742
6743
6745
6746
6748
6749
6751
6752
6753
6754
6755
6756
6757
6758
6759
6760
6762
6763
6764
6765
6766
6769
6770
6771
6772
6773
6774
6761
6775
6777
6778
6780
6781
6783
6789
6790
6791
6792
6793
6794
6795
6796
6797
6798
6656
6657
6658
6660
6684
6716
6717
6718
6719
6725
6728
122
123
125
129
130
131
132
133
134
135
136
137
138
141
140
139
143
144
151
152
154
157
161
162
166
167
168
169
171
172
175
176
2194
2195
2196
2197
2198
2199
2200
2202
2203
2204
2205
2206
2207
5075
5083
5084
5107
5115
5116
5123
5129
5133
5134
5146
5147
5148
5149
5150
5151
90
91
93
5066
5072
5080
5098
5104
5112
1728
1729
1730
1731
1732
1733
1734
1735
1736
1737
1738
1739
1740
1741
1742
1743
1744
4176
4208
4628
4660
4667
5273
5305
0
1
2
3
4
5
6
7
8
12
13
16
17
18
36
563
1376
3406
3438
4069
5328
5337
5341
5342
5343
5344
5345
5346
5347
5348
5349
5350
5351
5352
5354
5355
5356
5359
5360
5361
5362
5364
5365
5366
5369
5370
5371
5373
5374
5375
5376
5377
5378
5379
5380
5382
5367
5381
5383
5384
5385
5372
5388
5389
5390
5391
5394
5397
5398
5399
5400
5401
5402
5403
5404
5405
5406
5407
5408
5409
5410
5411
5412
5413
5414
5415
5416
5417
5420
5421
5422
5423
5426
5429
5318
5317
5319
5320
5322
5323
5324
5327
5329
5330
2445
2477
2497
2500
2501
2511
2523
2524
2525
2526
2529
2532
2533
2543
2555
2556
2557
2558
4872
4880
4881
4884
4885
4886
4888
4889
4893
4894
4904
4912
4913
4916
4917
4918
4920
4921
4925
4926
4938
4939
5789
5171
5172
5175
5176
2564
2566
2567
2568
2569
2570
2571
2683
2686
2755
2787
2827
2830
2831
2833
2835
2836
2838
2839
2840
2841
2842
2843
2846
2847
2859
2862
2863
2865
2867
2868
2870
2871
2872
2873
5357
5392
5395
5396
5424
5427
5428
3992
4024
4033
4040
4045
4046
4050
4054
4065
4072
4077
4078
4082
347
348
344
350
351
360
363
361
362
375
376
377
378
381
379
380
382
383
391
393
392
399
398
400
401
402
423
433
424
432
434
872
873
875
876
877
878
880
885
886
887
879
882
883
888
891
889
890
892
893
894
895
899
900
901
902
903
904
905
907
908
910
909
911
913
914
915
916
919
920
931
932
933
934
935
936
937
939
940
941
942
943
945
946
947
948
951
952
1025
1026
1031
1032
1033
1035
1036
1037
1039
1040
1043
1083
1084
322
1686
1687
1688
1689
1690
1698
328
329
330
331
332
333
334
335
343
345
346
349
354
364
365
366
367
384
416
256
262
4681
6127
6131
6133
6134
6135
6136
6169
6170
6171
6172
6173
6174
6197
6198
6199
6200
6201
6202
6203
6204
6205
6206
6207
6208
6209
6210
6211
6212
6216
6217
6223
6224
6225
6226
6228
6233
6234
6235
6236
6238
6242
6243
6244
6248
6249
4877
4909
5029
5030
1787
1788
1789
1790
1792
1793
1795
1797
1798
1800
1801
1803
1804
1807
1809
1810
1811
1812
1813
1815
1816
1817
1818
1819
1821
1824
1825
1827
1829
1830
1832
1833
1835
1836
1837
1839
1841
1842
1843
1844
1845
1846
1847
1848
1849
1855
19
51
174
177
178
181
182
191
1852
1864
1865
1866
1867
1868
1869
1880
1881
1882
1883
1884
1885
1886
1896
1897
1898
1899
1900
1901
1912
1913
1914
1915
1916
1917
1918
1794
1920
1921
1924
1925
1926
1927
1929
1933
1934
1937
1939
1940
1941
1942
1943
1946
1947
1961
1965
1966
2019
2020
2023
2024
2027
2029
2031
2032
2135
2136
2137
2138
2139
2140
2141
2142
2143
2154
2155
2167
2168
2169
2170
2171
2172
2173
2174
2175
2176
2177
2178
2179
2180
2181
2182
2183
2184
2185
2186
2187
2188
2189
2190
2191
2192
2208
2209
2210
2211
2212
2213
2214
2215
2216
2217
2218
2219
2220
2221
2222
2224
2233
2267
2268
2371
2372
2373
2375
2376
2378
2383
2384
2385
2386
2394
2398
2399
2403
2404
2405
2407
2408
2410
2415
2416
2417
2418
2426
2430
2431
2432
2433
2436
2437
2439
2440
2442
2443
2444
2451
2452
2457
2459
2476
2483
2484
2489
2491
2494
2495
2527
2559
2561
2565
2572
2573
2576
2579
2580
2581
2582
2583
2584
2585
2586
2587
2588
2589
2590
2593
2667
2698
2730
2942
3724
3771
3774
3779
3780
3783
3789
3791
3793
3796
3797
3811
3812
3815
3821
3823
3825
3828
3829
3852
3868
3872
3873
3874
4121
4372
4375
4376
4379
4380
4381
4404
4407
4408
4411
4412
4413
4416
4419
4420
4421
4426
4427
4430
4432
4433
4435
4448
4451
4452
4453
4458
4459
4488
4489
4490
4491
4493
4494
4495
4497
4499
4504
6784
6785
6786
6787
6788
1799
1802
1805
1814
1822
1823
1826
1831
1834
88
89
120
121
128
150
156
158
159
160
2123
2201
2223
2780
2812
2913
2914
2915
2916
2917
2920
2924
2925
6108
6124
6128
6130
6137
6138
6139
6140
6141
6142
3367
3384
4676
4680
4683
4685
4686
4687
4688
4689
4690
4691
4692
4693
4694
4695
4696
4697
4698
4699
4701
4702
4708
4712
4713
4717
4718
4719
4720
4721
4722
4723
4724
4725
4726
4727
4728
4729
4730
4731
4733
4734
4760
4761
4792
4793
6269
6270
6277
6278
1216
1220
1225
1228
1234
1238
1239
1240
1242
1243
1244
1246
1247
1248
1249
1250
1251
1252
1253
1254
1255
1256
1257
1258
1259
1260
1261
1262
1263
5785
5817
1100
1110
1142
5641
5644
5659
5673
5676
5691
5692
5693
5694
5695
5696
5700
5702
5703
5705
5706
5709
5710
5742
5743
5744
5745
5746
5747
5748
5749
5750
5753
5754
5756
5757
5760
5761
5762
5765
5766
5767
5768
5770
5771
5773
5774
5792
5799
5800
5802
5803
5805
5806
1952
1953
1956
1957
1958
1959
1969
1971
1972
1973
1974
1975
1976
1977
1978
1979
1980
1981
1600
1602
1614
1623
1606
1609
1611
1612
1613
1626
1627
1628
1629
1646
1651
1652
1655
1761
1762
1763
1764
1765
1768
1767
1766
5847
5848
5849
5850
5851
5853
5854
5855
5856
5857
5858
5860
5861
5862
5865
5866
5867
5868
5870
5871
5872
5875
5876
5877
5879
5880
5881
5882
5883
5701
5885
5886
5887
5888
5889
5890
5891
5892
5893
5894
5895
5896
5897
5898
5899
5900
5901
5902
5903
5904
5905
5906
5907
5908
5909
5910
5911
5912
5913
5914
5915
5916
5917
5918
5919
5920
5921
5922
5923
5924
5925
5926
5927
5928
5929
5930
5931
5932
5933
5934
5935
5936
5937
5938
5939
5940
5941
5942
5943
5944
5945
5946
5947
5948
5949
5950
5951
5952
5954
5955
5956
5957
5958
5959
5960
5961
5962
5963
5964
5965
5966
5967
5968
5969
5970
5972
5973
5975
5976
5977
5978
5979
5980
5981
5982
5983
5984
5986
5987
5988
5989
5990
5991
5992
5993
5994
5995
5996
5997
5998
5999
6000
6001
6002
6004
6005
6007
6008
6009
6010
6011
6012
6013
6014
6015
6018
6017
6019
6020
6021
6022
6024
6025
6026
6027
6023
6029
6030
6031
6032
6033
6034
6035
6036
6039
6040
6041
6042
6043
6044
6045
6046
6047
5704
5764
5769
5772
5796
1624
1656
1601
1603
1604
1610
1625
1633
1635
1636
1642
1647
1657
320
324
321
325
352
342
353
323
355
357
358
356
374
385
386
387
388
389
390
394
395
396
404
403
419
422
420
435
418
417
421
436
5971
5974
4584
4590
4591
4595
4596
4599
4600
4608
4610
4611
4614
4629
4633
4634
4635
4636
4637
4638
4640
4642
4643
4645
4646
4661
4668
4669
4670
4674
4677
4678
4679
6003
6006
6016
4989
4990
4991
4992
4994
4995
4997
4998
4999
5007
5031
5032
5088
5092
5144
5173
5174
5269
5301
5451
5554
5555
5556
5558
5559
5557
5560
5561
5562
5563
5564
5565
5566
5567
5568
5570
5571
5572
5573
5574
5576
5577
5578
5579
5580
5581
5582
5583
5584
5585
5586
5587
5589
5590
5591
6065
5592
6068
6078
6081
6084
6085
6086
6089
6090
6093
6094
6095
6111
6112
6113
6114
6115
6116
6117
6118
6119
6120
6121
6122
6123
326
4613
3009
3012
1502
1532
1533
1534
1535
1536
1537
1538
1539
1540
1541
1542
1543
1544
1545
1546
1547
1548
1549
1550
1551
1553
2299
2300
1554
1555
1557
1558
1559
1560
1561
1562
1564
1565
1566
1567
1568
1569
1570
1571
1572
1573
1574
1575
1576
1577
1578
1579
1580
446
447
5697
784
785
786
787
788
789
790
791
792
793
794
795
796
797
798
799
809
812
813
814
815
816
817
818
819
820
821
822
823
824
825
826
827
828
829
830
831
832
833
836
2954
2957
800
801
802
803
804
805
806
842
843
844
845
846
847
848
849
850
851
852
853
854
855
856
857
858
860
861
862
863
864
866
867
868
869
870
327
359
1101
1102
1103
1135
1147
1148
1152
1583
1584
1585
1586
1587
1588
1590
2752
2784
2596
2599
2597
2600
2602
2603
2604
2605
2606
2607
2608
2609
2610
2611
2617
2618
2619
2620
2621
2622
2623
2642
2643
2644
2645
2637
4534
4535
4536
4537
4538
4539
4540
4541
4542
4543
4545
4546
4547
4577
4544
2973
4576
2961
2965
2964
2972
2975
2990
2993
2996
2997
2998
3001
3002
3004
3005
3007
3010
3011
3013
3014
3015
3021
3022
3023
3024
3027
3028
3030
3031
3032
3036
3033
3034
3037
3035
3039
3042
3046
3043
3045
3047
3053
3054
3055
3056
3059
3060
3062
3063
3064
3065
3066
3067
3068
3069
3071
3072
3079
3080
3081
3082
3083
3084
3086
3087
3088
3089
3090
3091
3092
3094
3095
3096
3097
3098
3099
3100
3101
3104
3105
3111
3112
3113
3114
3115
3116
3118
3119
3120
3121
3122
3127
3128
3129
3130
3132
3126
3131
3124
3123
3133
3138
3136
3143
3140
3137
3139
3141
3144
3142
3147
3145
3146
3148
3151
3152
3149
3150
3153
3154
3155
3156
3157
3158
3161
3162
3159
3160
3164
3165
3170
3166
3168
3163
3167
3169
3173
3171
3176
3175
3172
3179
3177
3174
3178
3180
3181
3182
3183
3186
3184
3187
3185
3188
3189
3190
3191
3194
3193
3197
3192
3195
3198
3200
3196
3201
3202
3199
3203
3204
3206
3207
3211
3210
3214
3215
3234
3236
3235
3233
3239
3232
3238
3243
3264
3242
3247
3266
3269
3246
3268
3265
3271
3277
3276
3272
3275
3270
3278
3279
3280
3281
3284
3285
3286
3290
3291
3294
3295
3296
3019
3026
3029
3041
3044
3050
3051
3052
3058
3061
3085
3093
3117
3125
3288
3389
3389
2817
2845
2849
254
5821
912
944
964
967
968
969
970
975
976
977
978
979
980
981
984
988
989
996
997
999
1000
1001
1002
1006
1007
1008
1009
1010
1011
1012
1013
1014
1016
1017
1020
1021
986
1015
991
1018
962
961
965
974
982
983
985
990
993
994
1670
1675
1700
1702
1707
2710
4566
4569
4572
4575
2711
1987
1988
1992
1997
1999
2464
2465
2466
2467
2469
2470
2471
2473
2474
2475
57
59
60
61
62
63
67
70
71
72
74
75
76
77
78
79
80
81
85
86
87
92
94
95
98
99
46
102
103
104
106
107
108
109
110
111
112
113
124
126
127
142
145
146
147
148
149
6801
6803
4367
464
4878
4879
4882
4883
4892
4898
4899
4901
4902
4905
4906
4907
4910
4911
4914
4915
4924
4928
4929
3589
3670
3702
3571
1637
1639
1640
1667
1668
1669
3570
3585
3586
3477
3481
3483
3484
3509
3513
3515
3516
3521
3524
3525
3526
3527
3530
3533
3534
3552
3553
3556
3557
3558
3559
3561
3562
3565
3566
3593
3594
3597
3598
1701
3745
3746
3751
3754
3755
3756
3742
739
740
741
742
743
744
1531
1556
4085
4086
4087
4088
4091
4092
4094
545
1053
1054
1052
1072
1075
1080
1048
1051
1055
1063
1064
1065
1067
1068
1069
1071
2933
4941
2929
2598
2601
5751
5752
5755
3766
3839
3843
3844
1057
1058
3845
1616
1617
1619
1622
10
39
15
40
42
44
47
48
45
397
406
405
410
409
415
429
438
437
442
461
493
510
512
513
514
515
516
3910
3913
3911
3912
3914
3915
3916
3917
3920
3918
3923
3919
3922
3921
3928
3924
3925
3933
3929
3931
3930
3932
3926
3927
3946
4089
4090
4462
4464
4467
4469
4468
4520
4522
4523
4524
4525
4521
4527
4526
4528
4530
4533
4529
4532
4531
4548
4549
4550
4551
4553
4554
4556
4555
4552
4561
4560
4557
4573
4570
4562
4571
4574
4589
5006
5450
11
9
14
41
43
4463
4465
4466
4470
4559
407
408
439
1114
1113
1117
1118
1123
1125
1120
1129
1122
1126
1128
1121
1127
2636
2639
2640
2648
2650
2652
2653
2655
4937
4942
4944
3355
3334
3358
6251
6252
6254
6255
6256
6258
6260
6261
6263
6264
6265
6266
6273
6274
2638
2641
2646
2647
2649
414
6654
898
918
925
930
924
897
929
921
956
957
6655
950
1599
1589
1591
1594
959
953
927
1050
3357
1024
1082
1056
496
808
811
835
837
1181
838
839
1183
2958
2955
2959
2960
2928
696
668
664
694
662
697
671
665
704
703
700
728
703
728
704
700
610
645
637
490
605
444
641
644
677
669
609
458
666
698
676
701
673
707
1286
708
1296
1290
1288
1289
1485
1284
1291
1416
1418
4875
1295
1479
1417
1287
1294
1293
1292
3884
1411
1595
3747
1297
3381
3374
3750
1476
4874
2910
2122
3376
1478
3900
4565
2921
3383
4039
2922
4866
1484
3739
2919
4673
4867
1480
2923
1504
2912
4684
4671
4945
4943
4873
4870
4036
4931
4932
2918
4935
4869
4936
4934
4946
4982
5698
5325
4947
5826
4984
5326
5336
5622
5616
5707
5615
5321
5836
5842
5620
5690
5331
5759
5763
5758
5708
5795
5699
5828
5843
776
783
3480
3479
3519
3487
3528
3541
3540
3546
3549
3548
3550
3564
3555
3560
3567
3569
3568
3578
3572
3573
3581
3600
3580
3601
3609
3607
3606
3604
3610
3605
3632
3608
3602
3603
3611
3615
3614
3613
3637
3634
3636
3633
3635
3648
3639
3640
3638
3642
3646
3641
3708
3645
3643
3649
3647
3682
3663
3680
3674
3717
3718
3719
3650
3676
3681
3695
3716
3677
3675
3715
3707
3720
3722
3706
3709
3723
3721
1786
2624
2625
2627
2656
2657
2659
4951
4972
4971
4970
2613
2612
2616
2614
2615
2635
469
469
881
3622
3714
1770
1772
1769
1771
1774
884
1775
1776
1022
1023
1773
4962
4965
3623
3628
3631
1777
1779
1781
1783
1784
1785
2626
2628
2629
2630
2631
2632
2633
2634
2651
2654
2658
2660
2661
2662
2663
2664
2665
3522
3531
3619
3620
3623
3627
3628
3631
3644
3673
3705
2626
2628
2629
2630
2631
2632
2633
2634
2651
2654
2658
2660
2661
2662
2663
2664
2665
2666
1115
1116
1119
1124
1130
1132
1133
1134
4973
2927
2930
2931
2932
2934
2935
2937
2938
1778
1780
1782
2926
2927
2930
2931
2932
2934
2935
2936
2937
2938
5353
5358
5363
5368
5386
5387
5393
5418
5425
2926
2927
2930
2931
2932
2934
2935
2936
2937
2938
4948
4949
4950
4952
4953
4954
4955
4956
4957
4958
4959
4960
4961
4963
4964
4966
4967
4968
4969
4974
4975
4976
4977
1991
2877
2879
2881
2884
2885
2886
2887
2888
2890
2895
2897
2898
2899
2900
2903
2905
2000
1991
1995
1282
4044
4068
4071
2000
4076
4044
4068
4071
4076
871
874
896
906
917
922
923
926
928
938
949
954
955
1027
1028
1029
1030
1034
1038
1041
1042
1044
3301
3302
3307
3308
3310
3311
3314
3315
1019
987
2705
2708
2706
2709
2707
1078
1046
1079
1047
1073
4978
4979
2883
2878
2892
2882
2891
4979
