1
2
5
12
13
14
15
16
19
20
22
23
26
27
30
33
34
37
44
55
51
54
48
52
62
47
58
45
46
59
64
66
68
70
71
72
73
74
75
76
78
79
80
83
98
96
87
100
102
91
103
104
105
106
107
108
110
111
112
115
119
123
142
174
144
147
148
153
154
155
156
158
159
265
176
179
180
185
186
187
188
190
191
195
196
199
200
203
204
207
208
209
210
211
281
213
215
216
217
218
219
221
222
223
227
228
231
232
297
235
236
239
240
241
242
243
245
313
247
248
249
250
251
253
254
255
256
258
259
320
321
261
331
336
338
341
337
263
340
264
343
350
349
352
353
348
367
370
363
373
368
369
375
372
381
380
266
267
268
269
270
271
273
382
274
387
390
275
277
278
279
280
282
283
396
392
394
395
393
402
397
288
290
291
293
295
296
298
299
300
301
302
303
413
408
409
422
411
305
306
307
309
310
311
312
424
425
426
427
428
429
314
315
434
323
324
325
326
328
440
441
443
445
464
465
335
339
344
345
346
497
496
512
513
355
356
357
358
360
544
545
371
576
577
580
583
582
579
587
588
589
590
376
377
591
592
594
378
595
599
600
601
607
608
611
609
612
614
615
619
620
621
622
624
623
626
627
631
632
633
639
655
656
657
671
688
687
689
703
704
705
736
737
769
770
771
781
782
783
784
785
787
786
788
789
801
802
803
813
814
815
816
817
818
819
820
821
1032
1033
1055
1054
1064
1065
1086
1087
1363
1364
1366
1365
1367
1368
1370
1371
1372
1373
1375
1395
1396
1397
1398
1399
1400
1402
1403
1404
1405
1407
1408
1409
1410
1411
1431
1432
1433
1434
1435
1436
1437
1438
1439
1440
1441
1442
1443
1463
1464
1465
1466
1468
1470
1467
1469
1471
1472
1473
1474
1475
1476
1477
1478
1479
1480
1481
1482
1483
1484
1485
1486
1487
1488
1489
1491
1492
1495
1498
1503
1505
1508
1506
1504
1507
1509
1510
1511
1513
1512
1514
1515
1516
1517
1518
1519
1520
1521
1524
1523
1527
1528
1529
1530
1535
1538
1540
1541
1542
1543
1547
1559
1561
1570
1572
1573
1574
1575
1591
1593
1600
1579
1490
1493
1494
1499
1500
1501
1502
1522
1525
1526
1531
1532
1533
1534
1536
1537
1539
1605
1544
1545
1546
1610
1549
1550
1551
1552
1553
1554
1608
1613
1555
1556
1557
1558
1560
1620
1562
1563
1564
1565
1566
1567
1568
1569
1571
1576
1577
1578
1581
1582
1583
1584
1626
1624
1585
1586
1587
1588
1589
1590
1592
1594
1595
1596
1597
1598
1599
1601
1602
1629
1632
1637
1603
1604
1640
1642
1645
1655
1652
1656
1658
1664
1661
1665
1666
1669
1667
1668
1670
1675
1683
1677
1679
1678
1680
1681
1682
1686
1688
1684
1689
1690
1695
1691
1696
1697
1698
1699
1700
1701
1702
1707
1710
1715
1709
1712
1711
1713
1714
1718
1606
1607
1609
1611
1720
1716
1721
1722
1723
1612
1614
1727
1729
1615
1616
1617
1618
1619
1621
1730
1622
1623
1625
1733
1731
1732
1734
1735
1738
1627
1628
1630
1631
1740
1737
1739
1633
1736
1741
1742
1743
1744
1746
1747
1748
1749
1750
1745
1634
1635
1636
1638
1751
1753
1752
1756
1639
1759
1761
1762
1763
1768
1641
1643
1644
1646
1647
1648
1649
1650
1651
1653
1654
1767
1765
1764
1766
1657
1769
1770
1771
1772
1774
1775
1773
1659
1660
1662
1663
1778
1779
1671
1672
1673
1674
1676
1776
1782
1777
1780
1781
1783
1784
1685
1687
1785
1692
1693
1788
1694
1791
1792
1793
1794
1795
1796
1797
1798
1800
1801
1802
1803
1804
1805
1806
1807
1808
1703
1704
1705
1706
1809
1812
1813
1817
1708
1822
1823
1824
1825
1826
1827
1831
1833
1835
1834
1828
1829
1832
1830
1836
1837
1838
1839
1840
1841
1844
1845
1854
1855
1856
1857
1858
1859
1860
1861
1862
1863
1864
1865
1866
1867
1868
1869
1870
1872
1871
1873
1874
1875
1876
1877
1879
1880
1717
1882
1878
1883
1884
1885
1881
1886
1719
1890
1889
1891
1888
1887
1892
1724
1894
1895
1893
1896
1897
1898
1899
1900
1901
1902
1903
1904
1905
1906
1907
1908
1909
1910
1911
1912
1913
1914
1915
1916
1917
1922
1918
1919
1923
1924
1925
1926
1928
1927
1929
1932
1930
1931
1933
1934
1935
1936
1937
1725
1726
1938
1939
1940
1941
1942
1945
1948
1950
1951
1954
1955
1956
1960
1961
1957
1959
1958
1964
1962
1963
1965
1966
1967
1968
1969
1970
1971
1972
1973
1974
1977
1980
1982
1983
1984
1985
1993
1996
1998
1997
1999
1995
2000
2002
2004
2005
2006
2007
2008
2009
2010
2012
2013
2014
2015
2016
2017
2025
2027
2028
2029
2030
2031
2032
2034
2036
2037
2038
2039
2040
2041
2042
2044
2045
2046
2047
2049
2050
2057
2059
2062
2066
2067
2068
2070
2069
2071
2072
2073
2074
2075
2076
2077
2078
2079
2081
2082
2089
2091
2094
2098
2099
2100
2101
2102
2103
2104
2105
2106
2107
2108
2109
2110
2111
2112
2113
2119
2122
2123
2132
2131
2135
2136
2144
2145
2151
2154
2155
2163
2164
2167
2168
2203
2204
2205
2206
2207
2235
2236
2237
2238
2239
2242
2274
2283
1799
2316
2318
2330
2331
2348
2350
2362
2363
2314
2373
2381
2379
2394
2247
2251
2256
2257
2258
2262
2266
2267
2270
2279
2288
2289
2290
2294
2298
2299
2405
2302
2306
2307
2310
2311
2312
2313
2346
2413
2411
2321
2322
2323
2324
2325
2326
2327
2328
2329
2332
2335
2338
2339
2342
2343
2344
2345
2353
2354
2355
2356
2357
2358
2359
2360
2361
2364
2426
2367
2382
2383
2384
2385
2387
2388
2445
2448
2390
2449
2392
2393
2456
2460
2458
2461
2459
2467
2395
2470
2396
2397
2477
2480
2481
2488
2490
2492
2491
2493
2507
2398
2399
2518
2521
2522
2414
2415
2416
2417
2419
2420
2539
2422
2424
2425
2550
2427
2428
2429
2430
2431
2553
2554
2562
2564
2432
2434
2435
2436
2438
2439
2561
2440
2441
2442
2443
2452
2453
2454
2585
2586
2589
2455
2661
2457
2464
2466
2590
2662
2663
2666
2671
2672
2670
2673
2468
2471
2472
2473
2674
2675
2676
2677
2678
2679
2680
2681
2682
2683
2684
2685
2474
2475
2686
2687
2688
2689
2691
2692
2693
2694
2695
2696
2697
2698
2699
2700
2701
2702
2704
2705
2706
2707
2708
2709
2710
2711
2712
2794
2484
2485
2486
2795
2796
2797
2798
2800
2801
2802
2803
2487
2489
2703
61
86
118
24
42
29
28
121
97
49
124
77
88
93
60
32
0
120
31
17
125
50
10
90
113
84
101
122
94
65
99
63
109
18
89
92
9
25
81
95
53
21
56
57
67
117
4
85
116
69
38
41
6
36
126
127
128
133
3
7
8
130
11
35
39
40
43
152
129
138
149
145
183
139
137
163
136
134
140
141
182
146
162
135
168
171
132
131
169
160
170
165
192
166
161
143
157
164
173
201
184
181
172
167
175
197
178
194
177
198
189
212
214
224
226
385
233
229
284
262
257
276
230
244
359
260
333
294
193
332
246
308
292
330
272
366
351
322
205
316
206
304
361
354
362
289
347
374
386
329
379
334
327
342
398
384
365
364
383
399
388
391
389
220
400
401
417
225
403
237
238
252
405
404
414
285
286
287
407
406
410
412
415
317
318
319
416
418
423
421
433
432
420
419
431
435
430
444
439
437
438
436
446
442
453
452
447
484
485
794
826
1282
1314
1430
1462
1810
1760
1790
1815
1728
1814
1786
1842
1818
1787
1820
1819
1816
1789
1811
1843
1821
1851
1846
1848
1850
1853
1852
1847
1849
1921
1920
1952
1943
1944
1953
1975
1976
2126
2120
2097
2127
2128
2129
2137
2124
2133
2134
2125
2139
2130
2140
2138
2141
2152
2142
2143
2158
2156
2159
2157
2160
2161
2169
2165
2166
2162
2171
2170
2173
2194
2177
2172
2174
2114
2178
2115
2116
2179
2117
2118
2121
2175
2176
2187
2180
2184
2181
2182
2186
2188
2191
2193
2185
2183
2196
2198
2192
2189
2146
2199
2147
2195
2148
2202
2197
2200
2149
2150
2201
2213
2153
2208
2209
2210
2211
2212
2215
2214
2216
2219
2218
2217
2220
2226
2221
2225
2223
2230
2224
2227
2228
2229
2231
2233
2232
2245
2234
2246
2250
2253
2252
2254
2261
2259
2264
2282
2255
2263
2260
2278
2269
2265
2268
2271
2284
2277
2285
2280
2281
2292
2295
2287
2300
2286
2293
2291
2296
2304
2297
2301
2303
2315
2319
2317
2333
2320
2334
2336
2347
2349
2352
2351
2368
2372
2365
2375
2366
2369
2377
2380
2407
2374
2400
2370
2403
2371
2378
2409
2391
2376
2402
2389
2423
2401
2386
2433
2418
2437
2406
2404
2412
2410
2408
2421
2451
2446
2463
2479
2444
2447
2478
2482
2308
2450
2309
2465
2476
2462
2469
2494
2483
2495
2496
2499
2497
2498
2340
2500
2341
2501
2503
2504
2506
2502
2505
2509
2508
2512
2511
2513
2510
2517
2514
2530
2515
2519
2529
2516
2523
2524
2533
2525
2528
2520
2541
2540
2534
2532
2527
2531
2536
2535
2543
2542
2537
2538
2556
2545
2563
2544
2551
2548
2547
2555
2546
2552
2549
2559
2560
2557
2565
2568
2566
2569
2567
2571
2572
2570
2573
2574
2575
2577
2576
2580
2579
2578
2582
2587
2598
2581
2591
2594
2595
2583
2593
2588
2596
2599
2584
2602
2592
2597
2601
2600
2604
2608
2603
2605
2607
2606
2609
2611
2612
2614
2615
2610
2617
2613
2626
2624
2616
2631
2622
2627
2618
2620
2619
2625
2632
2628
2630
2621
2623
2629
2735
2634
2633
2738
2635
2636
2638
2637
2641
2640
2639
2642
2644
2643
2648
2645
2799
2646
2649
2652
2647
2654
448
449
450
2653
451
455
454
456
457
458
459
460
461
2657
462
463
467
466
468
469
470
471
472
473
474
2658
475
476
478
2651
479
477
481
480
482
488
483
486
487
489
491
490
492
493
494
495
498
499
500
502
501
503
504
505
506
2656
507
508
509
510
511
2655
516
515
514
517
518
519
521
520
525
523
522
528
524
527
529
526
2650
531
533
536
535
530
537
532
534
538
539
547
540
543
542
546
541
548
2667
549
550
551
553
557
556
554
552
555
558
560
2660
559
561
2664
563
564
565
2659
567
566
562
568
569
572
571
573
574
570
578
584
581
585
596
575
586
593
597
598
604
602
603
606
605
616
613
610
618
617
625
2665
629
628
634
635
636
637
630
638
2668
2669
2728
641
643
642
640
645
644
648
650
649
646
652
647
658
2729
651
654
653
659
664
2727
660
2739
663
2741
661
2737
2734
662
2730
670
672
2742
674
666
665
667
2733
668
681
669
690
2743
2732
675
677
678
682
679
673
691
2731
694
676
2740
683
680
686
685
684
693
692
695
696
2744
697
2736
701
698
699
706
700
714
710
719
702
709
711
708
707
715
712
713
717
729
718
716
728
741
772
774
722
775
773
776
777
778
779
727
790
721
780
792
791
793
720
796
797
738
804
795
799
798
724
806
723
805
726
809
808
742
807
811
810
812
822
732
824
823
827
825
829
828
830
831
730
832
833
834
836
835
837
838
725
731
840
841
839
733
843
842
844
845
847
846
849
848
851
850
852
854
740
855
853
735
857
858
856
859
739
860
861
862
864
865
863
866
867
868
870
869
871
872
875
873
874
876
734
877
878
743
884
883
879
748
881
746
880
882
890
885
891
886
887
888
889
744
892
750
893
894
895
897
896
747
902
899
898
906
900
901
903
905
904
910
755
907
908
916
909
911
751
914
912
745
918
913
915
757
919
917
921
924
929
925
923
927
760
931
928
934
933
930
932
756
936
935
937
940
941
943
939
938
945
947
946
942
948
944
749
752
953
950
955
949
951
957
959
956
961
964
761
762
962
754
960
963
966
972
753
970
967
965
971
974
969
968
975
976
973
800
977
985
763
979
983
981
978
984
980
982
988
987
986
991
758
994
992
997
989
995
990
1000
999
996
998
993
1001
1004
1006
1003
759
1012
1005
1002
1009
1007
1011
1015
1010
1018
767
1013
1008
1014
1016
1019
1022
1023
1021
1017
1020
764
768
1024
1029
765
1026
1028
1042
1030
1034
766
1031
1027
1025
1036
1035
1044
1046
1041
1037
1039
1049
1051
1053
1048
1063
1050
1058
1052
1060
1056
1071
1057
1061
1076
1059
1074
1073
1062
1068
1082
1069
1066
1083
1067
1081
1080
1078
1084
1085
2753
1043
1038
1102
1072
1111
1070
1099
1098
1040
1097
1110
1105
1075
1088
1120
1123
1103
1093
1107
1091
1101
1104
1090
1114
1092
1109
1106
1113
1094
1127
1108
1119
1095
1117
1115
1096
1118
1100
1122
1125
1116
1126
1124
1128
1129
1131
1133
1132
1135
1130
1138
1136
1143
1134
1137
1140
1139
1152
1148
1151
1145
1141
1147
1156
1142
1146
1155
1153
1157
1158
1154
1149
1168
1166
1170
1161
1159
1165
1164
1172
1167
1162
1150
1169
1171
1173
1174
1175
1176
1177
1181
1188
1178
1179
1189
1182
1196
1183
1180
1193
1190
1186
1185
1184
1191
1187
1206
1194
1207
1199
1200
1201
1202
1204
1197
1213
1198
1205
1208
1209
1203
1211
1216
1210
1212
1215
1214
1217
1218
1219
1222
1221
1225
1220
1223
1224
1235
1227
1229
1228
1226
1231
1257
1230
1237
1233
1240
1238
1241
1239
1250
1248
1245
1242
1244
1252
1258
1246
1243
1249
1260
1251
1253
1247
1254
1259
1256
1255
1262
1261
1263
1265
1267
1283
1269
1270
1271
1274
1278
1275
1276
1273
1290
1284
1279
1277
1286
1272
1280
1285
1281
1288
1293
1291
1294
1287
1289
1296
1295
1292
1301
1297
1298
1299
1300
1302
1303
1304
1305
1312
1308
1307
1310
1315
1311
1316
1313
1323
1324
1319
1318
1326
1317
1320
1321
1325
1330
1322
1332
1334
1336
1342
1340
1329
1328
1327
1333
1335
1331
1337
1339
1343
1344
1350
1347
1346
1345
1349
1348
1361
1352
1353
1376
1355
1358
1357
1380
1351
1360
1374
1359
1369
1378
1385
1377
1379
1381
1382
1383
1387
1384
1389
1391
1390
1392
1417
1393
1419
1401
1406
1425
1420
1416
1444
1427
1414
1755
1754
1757
1415
1758
1412
1422
1424
1428
1947
1946
1426
1978
1949
1979
1987
1986
1981
1988
1429
1989
1991
1990
1992
2011
1994
2001
2003
2018
2021
2020
2019
2022
2024
2023
1446
1452
2033
2035
2054
2026
2052
2043
2051
2053
2055
2048
1449
2056
2060
1448
2064
2063
2058
2080
2085
2065
2084
2083
2240
2088
2092
2090
2272
2086
2087
2095
1447
2096
2558
2526
1451
1454
1457
1459
1456
1458
1460
1461
