0
1
2
8
7
4
15
14
22
23
24
25
26
27
29
30
31
32
33
34
36
46
47
61
62
63
66
67
72
93
94
95
98
99
104
108
109
110
113
115
119
121
122
123
124
125
126
127
128
129
131
132
134
135
136
137
138
140
141
142
143
144
145
146
147
148
149
150
151
152
153
154
155
156
157
158
159
160
161
162
163
164
165
168
167
166
169
172
171
170
174
173
175
176
177
178
179
180
181
182
183
184
185
186
187
188
189
190
191
201
210
215
216
218
219
222
223
233
242
247
248
250
251
254
290
293
296
297
298
301
294
306
309
310
314
315
328
337
344
347
350
360
369
376
379
382
386
387
388
389
392
453
456
459
462
465
457
466
467
476
479
477
480
481
483
485
488
489
491
494
497
498
499
548
551
552
572
575
576
584
585
588
592
596
599
600
608
620
624
628
631
632
832
835
839
840
841
842
847
848
852
853
856
859
860
864
867
871
872
873
874
879
935
936
937
939
941
942
944
943
945
946
953
955
959
962
963
964
965
966
967
968
969
970
971
980
982
985
987
988
989
990
994
991
995
996
997
5
17
998
999
1000
1001
1002
1003
1012
1014
1017
21
37
44
1019
1020
1021
1022
1023
1024
1025
1026
1027
1028
1029
1030
1031
1032
1033
117
120
130
133
139
1034
1035
1036
1037
1038
1039
1040
1041
1042
1043
1044
973
1046
956
1047
1048
1049
1050
1051
1052
972
957
961
958
960
1053
1054
1055
1056
1057
1058
1059
1060
1061
1062
1063
992
993
1064
1065
1066
1067
1068
1069
1070
1071
1073
1072
1074
1075
1076
1078
1080
1081
1082
1083
458
1084
1085
1086
1087
1088
1005
1004
1089
1090
1091
1092
1093
1094
1095
1096
1097
1098
1099
1100
1101
1102
1103
1104
1105
1106
482
490
553
577
1120
1121
1122
1123
1124
1125
1126
1127
1128
1129
1130
1131
1132
1133
1134
1135
1136
1137
1138
593
601
609
625
1170
1172
1173
1176
1177
1178
1179
1180
1181
1182
633
1183
1184
1185
1186
1187
1188
1189
1191
1192
1193
1194
1195
1196
1197
1198
1202
1204
1205
1212
1213
1214
1215
1217
1220
1225
1229
1232
1234
954
1235
1238
1239
1244
1245
1246
1247
1249
1252
1255
1257
1258
1261
1264
1266
1267
1270
1271
1451
1452
1453
1456
974
975
976
977
978
986
1463
1466
1472
1473
1477
1478
1480
1481
1482
1483
1484
1485
1486
1487
1488
1489
1490
1491
1492
1504
1505
1509
1510
1512
1513
1514
1515
1516
1517
1518
1519
1520
1521
1522
1523
1524
1538
1539
1540
1006
1007
1008
1009
1010
1018
1552
1553
1554
1555
1556
1557
1559
1560
1562
1563
1565
1566
1567
1570
1571
1572
1584
1585
1586
1587
1588
1589
1591
1592
1594
1595
1597
1598
1599
1600
1601
1602
1603
1604
1606
1607
1610
1611
1612
1613
1620
1628
1629
1630
1631
1632
1633
1634
1635
1636
1638
1639
1642
1643
1644
1645
1652
1660
1661
1662
1663
1045
1671
1674
1675
1683
1684
1690
1691
1694
1695
1703
1706
1707
1715
1716
1722
1723
1726
1727
1789
1790
1803
1805
1806
1807
1808
1809
1810
1811
1812
1813
1814
1821
1823
1835
1837
1838
1839
1840
1841
1842
1843
1844
1845
1846
1077
1853
1855
1856
1857
1858
1860
1871
1872
1873
1079
1874
1875
1876
1877
1878
1879
1880
1881
1882
1885
1886
1888
1889
1890
1892
1894
1895
1896
1897
1898
1899
1900
1901
1902
1903
1904
1905
1906
1907
1908
1909
1910
1911
1912
1913
1914
1917
1918
1930
1931
1933
2001
2005
2033
2037
2200
2201
2202
2203
2204
2205
2206
2217
2219
2220
2230
2232
2233
1171
2234
2235
2236
2237
2238
2261
2262
1203
2543
2544
2624
2625
2824
2825
2828
2829
2856
2857
2860
2861
3186
3187
3227
3228
3250
3251
3259
3260
3535
3536
3556
3557
3560
3561
3567
3568
3589
3591
3592
3593
3596
3597
3628
3629
3658
3659
3660
3661
3663
3664
3665
3667
3668
3670
3671
3672
3673
3674
3676
3677
3679
3680
3681
3682
3683
3684
3687
3688
3690
3691
3692
3693
3695
3696
3697
3698
3699
3700
3701
3702
3703
3704
3705
3706
3708
3709
3711
3712
3713
3714
3715
3716
3717
3718
3719
3720
3721
3723
3724
3725
3722
3726
3727
3728
3729
3738
3739
3740
3741
3742
3743
3744
3745
3746
3747
3748
3749
3750
3751
3752
3753
3755
3756
3757
3758
3759
3760
3761
3754
3770
3771
3772
3773
3774
3775
3776
3779
3782
3787
3789
3790
3791
3797
3798
3799
3800
3801
3802
3803
3804
3805
3806
3808
3811
3814
3819
3821
3823
3822
3829
3830
3831
3832
3833
3834
3835
3836
3838
3837
3847
3853
3851
3855
3854
3857
3859
3858
3862
3865
3866
3867
3868
3869
3843
3842
3669
3730
3731
3732
3733
3734
3735
3736
3737
3762
3763
3764
3765
3766
3767
3768
3769
3777
3778
3780
3781
3879
3783
3784
3785
3786
3883
3885
3886
3887
3889
3788
3792
3793
3794
3795
3796
3890
3891
3894
3897
3898
3901
3899
3900
3902
3874
3807
3809
3810
3812
3813
3815
3816
3904
3905
3906
3907
3908
3909
3910
3911
3912
3817
3818
3820
3824
3825
3826
3914
3827
3828
3913
3915
3916
3917
3839
3841
3844
3845
3918
3919
3920
3921
3922
3923
3924
3925
3926
3927
3928
3929
3875
3846
3930
3848
3931
3932
3933
3934
3935
3936
3937
3938
3939
3940
3941
3942
3943
3944
3945
3849
3850
3852
3856
3860
3946
3947
3948
3949
3950
3951
3952
3953
3954
3861
3955
3956
3864
3957
3958
3959
3960
3961
3962
3963
3964
3965
3966
3967
3968
3969
3972
3973
3974
3975
3976
3977
3978
3979
3980
3981
3982
3983
3984
3985
3986
3987
3988
3989
3990
3991
3992
3993
3994
3995
3996
3997
3998
3999
4000
4001
4007
4008
4009
4010
4011
4012
4013
4014
4015
4016
4017
4018
4019
4020
4021
4022
4023
4024
4025
4026
3870
3871
4028
4029
4030
4027
4031
4032
4033
4034
4035
4036
4037
4038
4039
4040
4041
4042
4043
4044
4045
4046
4047
4049
4050
4051
4052
4053
4054
4055
4056
4057
4058
4059
3873
4060
4061
4062
4064
4065
4066
4067
4068
4069
4070
4071
4073
4072
4074
4075
4076
4077
4078
4079
4081
4082
4083
4084
4085
4086
4087
4088
4089
4090
4091
4092
4093
4094
4099
3876
64
65
69
73
76
77
3877
3878
3880
3881
79
78
81
83
3882
3884
87
88
89
90
91
92
96
97
101
105
111
3888
192
193
194
195
196
197
198
3892
3893
199
200
3896
203
204
205
206
207
208
209
211
212
214
217
220
221
224
225
226
227
228
229
230
231
232
235
236
237
238
239
240
241
243
244
246
3903
249
252
253
255
262
469
501
505
509
516
519
520
526
529
530
540
543
4048
558
561
562
4063
4080
4095
640
641
642
643
644
645
646
648
649
650
651
652
653
654
656
657
658
659
660
662
663
665
666
667
668
669
670
671
672
673
675
676
674
677
678
680
681
682
683
684
685
686
688
689
690
691
692
694
695
697
698
699
700
701
702
703
788
789
792
793
794
795
798
820
821
824
825
826
827
830
833
834
836
837
838
843
844
845
846
849
850
851
70
854
857
858
861
862
863
80
82
84
855
865
866
868
869
870
875
876
877
878
880
881
882
883
885
886
888
889
890
891
892
893
85
86
894
895
896
102
112
114
898
887
899
903
904
905
907
116
908
909
928
930
931
932
118
933
934
940
979
983
984
1011
1015
1016
1107
1108
1110
1112
1113
1115
1116
1117
1118
1119
1139
1140
1142
1144
1145
1147
1148
1149
1150
1151
1152
1153
1154
1155
1156
1157
1158
1159
1160
1161
1162
1163
1164
1165
1166
1167
1168
1169
1174
1175
1190
1199
1200
1201
1206
1207
1208
1209
1210
1211
1216
1218
1219
1221
1222
1223
1224
1226
1227
1228
1230
1231
1233
1236
1237
1240
1241
1242
1243
1248
1250
1251
1253
1254
1256
1259
1260
1262
1263
1265
1268
1269
1272
1273
1274
1275
1276
1277
1278
1279
1280
1281
1282
1283
1284
1285
1286
1287
1288
927
1289
1290
1291
1292
1293
1294
1295
1296
1297
1298
1299
1300
1302
1301
1303
1304
1305
1306
1307
1308
1309
1310
1311
1312
1313
1314
1315
1316
1317
1318
1319
1320
1321
1322
1323
1324
1325
1326
1327
1328
1329
1330
1331
1332
1334
1335
1336
1333
1337
1338
1339
1340
1341
1342
1343
1346
1355
1356
1357
1358
1359
1360
1361
1363
1364
506
1371
1373
1374
1375
531
1378
1387
1388
1389
1390
1391
1392
1393
563
1395
1396
1352
1350
1351
1403
1405
1406
1407
1408
1409
1411
1412
1413
1414
1353
1354
1349
1348
1415
1416
1417
1419
1421
1420
1418
1422
1366
1372
1423
1365
1424
1425
1426
1427
1382
1428
1429
1430
1431
647
1432
1433
1434
1435
1385
1380
1381
1436
1437
1438
1439
1383
1440
1441
1386
1443
1404
1444
1445
1446
1447
1448
1449
1450
1454
1455
1457
1458
1459
1460
1461
679
1462
1464
1465
1467
1468
1469
1470
1471
1474
1475
1476
1479
1493
1494
1495
1496
1384
1497
1498
1499
1500
1501
1502
1503
1506
1507
1508
1511
1525
1526
1527
1528
1398
1529
1530
1531
1532
1533
1534
1535
1536
1537
1541
1397
1542
1543
1544
1546
1547
1549
1550
1551
1558
1561
1564
1568
1569
1573
1574
1575
1576
1578
1579
1581
1582
1583
1590
1593
1596
1605
1608
1609
1621
1622
1623
1624
1625
1626
1627
1637
1640
1641
1653
1654
1655
1656
1657
1658
1659
1667
1668
1669
1670
1672
1673
1676
1677
1678
1679
1680
1681
1682
1687
1689
1692
1699
1700
1701
1702
1704
1705
1708
1709
1710
1711
1712
1713
1714
1719
1721
1724
884
1757
1758
1759
1791
1792
1793
1794
1795
1796
1797
1798
1799
1800
1801
1802
1804
1815
1816
1817
1818
1819
1820
1822
1824
1825
1826
1827
1828
1829
1830
1831
1832
1833
1834
1836
1847
1848
1849
1850
1851
1852
1854
1859
1862
1863
1864
1865
1866
1867
1868
1869
1870
1884
1887
1891
1916
1919
1999
2000
2003
2004
2006
2007
2008
2010
2011
2012
2013
2017
2019
2020
2023
2026
2031
2032
2035
2036
2038
2039
2040
2042
2043
2044
2045
2048
2049
2053
2054
2057
2058
2059
2060
2062
2063
2064
2068
2069
2072
2073
2074
2075
2077
2078
2079
2080
2081
2085
2086
2089
2090
2091
2092
2094
2095
2096
2100
2101
2104
2105
2106
2107
1347
2109
2110
2111
2114
2117
2120
2122
2123
2124
2126
2127
2128
2129
1367
1368
1369
1370
2138
2140
2146
2149
2152
2154
2155
2156
2158
2159
2160
2161
2170
2172
1379
2199
2216
2231
1399
1400
1401
1402
1410
3075
1442
3440
3441
3444
3445
3548
3551
3552
3580
3583
3609
3610
3662
3678
3685
3686
3689
3694
3710
4096
4097
4098
3971
43
45
4096
4098
4097
3657
407
410
411
419
418
431
434
435
439
443
442
448
449
3840
3872
921
913
1545
1577
1735
1731
1730
1728
1733
1732
1743
1760
1734
1748
1749
1747
1762
1740
1751
1752
1756
399
1767
1753
1764
1766
1772
1765
1775
1785
1781
1779
1763
1780
1788
1784
1783
402
403
910
924
2197
2225
2193
2196
2228
2243
2229
2253
925
2252
404
412
2275
436
2285
444
450
2284
923
521
922
926
2809
2813
2810
2814
2903
2907
2904
2908
2935
2940
2936
2939
3047
3051
3046
3050
3675
3863
3895
3707
258
264
280
279
312
311
492
536
537
568
569
914
911
912
1685
1664
1666
1688
1698
1717
1696
1693
1686
1720
1718
1725
1729
1737
1736
1738
1739
1746
1741
1745
1742
1744
1761
1750
1754
1755
1768
1771
1770
1769
1778
1773
1782
1774
1937
1777
1915
1926
1883
1776
1786
1787
1921
1928
1920
1932
1924
1925
1923
1927
1949
1953
1922
1929
1944
1942
1952
1941
1936
1943
1950
1948
1940
1956
1934
1947
1946
1945
1951
1955
1954
1957
1958
1960
1959
1964
1961
1962
1968
1965
1969
1966
1973
1972
1975
1974
1976
1981
1982
1978
1977
1983
1979
1980
1989
2027
1992
1996
2024
1997
1995
2021
2029
2028
2386
2515
2777
2778
2781
2782
2772
2775
2804
2807
3014
3015
3018
3019
3011
3010
3009
3012
3037
3038
3042
3041
3043
3044
3069
3070
3107
3345
3346
3349
3350
3377
3378
3381
3382
3408
3409
3412
3413
3487
3519
3520
3523
3524
3529
3555
3652
3648
3655
3649
3650
3651
3653
3654
3666
3656
6
4004
4005
4006
4003
12
35
3
11
38
13
9
42
10
40
41
39
4002
3970
