11398
11399
11400
11636
11642
11643
11644
11645
11647
11648
11649
11650
11651
11653
11654
11655
11656
11657
11658
11659
11660
11661
11662
11663
11664
11665
11666
11667
11668
11669
11670
11671
11672
11673
11674
11675
11676
11677
11679
11762
11764
11765
11763
11769
11766
11770
11768
11767
11771
11772
11773
11774
11775
11776
11777
11778
11779
11780
11781
11784
11785
11787
11788
11789
11790
11791
2226
2234
2236
2237
2238
2239
2240
2241
2242
2244
2247
2249
2250
2251
2252
2254
2253
2267
2268
2270
2271
2272
2273
2274
2276
2279
2281
2282
2283
2284
2285
2286
2299
2300
2302
2303
2311
2313
2314
2317
2318
2319
2325
2327
2328
2330
2331
2332
2334
2343
2345
2346
2349
2350
2351
2357
2359
2360
2362
2363
2364
2366
2368
2369
2370
2371
2372
2373
2374
2375
2376
2377
2378
2379
2381
2382
2385
2388
2391
2393
2394
2395
2396
2399
2400
2401
2402
2403
2404
2405
2406
2407
2408
2409
2410
2411
2413
2414
2417
2420
2423
2425
2426
2427
2428
2431
2432
2437
2441
2442
2445
2446
2447
2448
2506
2591
2592
2593
2594
2595
2596
2599
2600
2623
2630
2650
2652
2653
11499
11500
11501
11502
11503
11505
11639
11640
11646
11652
2662
2666
2667
2670
2672
2674
2675
2682
2684
2685
2745
2749
2757
2758
2760
2763
2764
2789
2790
2792
2795
2796
2857
2858
2859
2860
2862
2902
2903
2905
2907
2908
2909
2934
2935
2937
2939
2953
2959
2304
2312
2961
2333
2335
2336
2965
2968
2971
2978
2344
2979
2980
2984
2985
2991
2993
2997
3000
2365
2367
3003
3009
3011
3013
3010
3015
3018
3019
3020
3023
3024
3025
3027
3028
3029
3031
3032
3033
3026
3035
3036
3037
3038
3039
3041
3043
3042
3045
3047
3050
3051
3052
3055
3056
3057
3059
3060
3058
3061
3063
3064
3065
3068
3069
3070
3071
3073
3072
3074
3075
3076
3077
3078
3079
3080
3084
3088
3089
3090
3091
3092
3093
3097
3098
3102
3105
3104
3106
3107
3108
3109
3110
3111
3112
3115
3134
3138
3139
3141
3137
3140
3142
3143
3146
3147
3148
3149
3150
11344
11345
11346
11347
11349
11351
11352
11353
11354
11355
11356
11357
3175
3178
3179
3180
3181
3182
11376
11391
11392
3204
3205
3206
3207
3208
3210
3211
3212
3213
3214
3215
3216
3218
3219
3220
3221
3224
3225
3226
3228
3229
3230
3231
3236
3237
3238
3239
3240
3242
3243
3244
3245
3246
3247
3248
3249
3250
3251
3252
3253
3256
3257
3258
3260
3261
3116
3262
3263
3265
3269
3270
3291
3294
3297
2955
2956
3301
3302
2987
3323
2988
3326
3328
3329
3330
3331
3332
3333
3334
3335
3337
3338
3339
3340
3341
3342
3343
3344
3351
3352
3353
3354
3355
3357
3359
3360
3361
3362
3363
3364
3365
3366
3367
3369
3370
3371
3372
3373
3374
3375
3376
3383
3384
3385
3386
3387
3389
3391
3392
3081
3082
3083
3085
3417
3424
3113
3449
3486
3217
3518
11718
11719
11720
11721
11722
11723
11724
11725
11726
11727
11728
11729
11730
11731
11732
11733
11734
11735
11736
11737
11738
11739
11740
11741
11742
11743
11744
11745
11746
11747
11749
11750
11751
11752
11753
11754
11755
3593
3594
3599
3602
3603
3625
3626
3631
3356
3634
3635
3358
3676
3677
3388
3390
3708
3709
3741
3742
3743
3773
3774
3775
3776
3777
3780
3781
3782
3786
3828
3845
3846
3847
3848
3849
3850
3853
3854
3859
3862
3863
3860
3866
3870
3871
3873
3875
3877
3878
3879
3880
3881
3882
3885
3886
3891
3892
3894
3895
3898
3902
3903
3904
3585
3915
3916
3917
3586
3587
3588
3918
3921
3922
3925
3606
3608
3609
3611
3613
3614
3615
3617
3618
3619
3620
3936
3947
3948
3949
3950
3953
3954
3957
4227
4228
4229
4233
4234
4235
4237
4238
4239
4240
4241
4236
4242
4243
4244
4245
4246
4247
4254
4255
4256
4257
4258
4259
4260
4261
4262
4263
4264
4265
4266
4267
4268
4269
4270
4271
4272
4273
4274
4275
4276
4277
4278
4279
4286
4288
4291
4292
4294
4287
4289
4293
4296
4301
4304
4307
4310
4314
4317
4320
4323
4324
4321
4325
4326
4328
4333
4336
4339
4342
4346
4349
4357
4358
4359
4362
3796
4612
4614
4615
4616
4617
4618
4624
4625
4626
4629
4630
4637
4638
4642
4643
4644
4646
4647
4648
4649
4650
4651
4652
4653
4654
4655
4656
4657
4658
4661
4662
4669
4670
4672
4674
4677
4678
4679
4680
4681
4682
4683
4684
4685
4686
4689
4691
4692
4693
4697
4698
4700
4704
4706
4709
4710
4711
4712
3905
3906
3907
3908
4713
4714
4715
4716
4717
4741
4742
4744
4745
4748
4749
4750
4753
4754
4755
4757
4759
4781
4782
4785
4786
4787
4789
4791
4792
4793
4794
4795
4796
4797
4798
4799
4800
4801
4802
4803
4804
3937
3938
3939
4805
4806
4807
4810
4811
4812
4821
4822
3940
4823
4824
4825
4826
4827
4828
4829
4830
4831
4832
4833
4834
4835
4836
4837
4838
4839
4842
4843
4845
4846
4848
4849
4851
4853
4854
4855
4856
4857
4858
4859
4860
4861
4862
4863
4864
4865
4866
4867
4868
4869
4870
4871
4872
4873
4877
4879
4881
4884
4883
4885
4886
4887
4888
4889
4890
4891
4892
4895
4896
4897
4898
4899
4900
4901
4902
4903
4904
4905
4909
4911
4913
4915
4916
4917
4918
4919
4920
4921
4922
4923
4924
4927
4928
4929
4930
4931
4932
4933
4935
4936
4937
4940
4941
4943
4944
4945
4952
4953
4954
4955
4956
4957
4959
4960
4961
4962
4963
4964
4965
4967
4968
4969
4972
4973
4975
4976
4984
4985
4986
4988
4987
4989
4991
4994
4995
11328
11329
6945
6946
6947
4740
4808
4809
4840
4841
4874
4878
4880
6985
4893
4894
4906
4910
4912
4925
4926
4934
4938
4939
4942
6997
4946
4947
4948
4949
4950
4951
4958
7017
4966
7029
7108
7109
7111
4970
4971
4974
7110
7113
7114
7115
7116
7117
4977
4978
4979
4980
4981
4982
7112
7119
7120
7121
7123
7122
7124
7125
7126
7127
7128
7129
7130
7131
7132
7133
4983
7134
7135
7140
7141
4990
7143
7145
7146
7147
7148
7142
7144
7149
7151
7152
7153
7154
7155
7156
7157
7158
7159
7160
7161
7162
7163
7164
7165
7167
7166
7191
7192
7197
7198
7223
7224
7229
7230
7243
7244
7247
7248
7251
7254
7337
7338
7339
7340
7341
7344
7345
7424
7425
7426
7429
7430
7431
7432
7433
7434
7435
7437
7438
7439
7440
7441
7442
7443
7444
7445
7446
7451
7452
7449
7450
7453
7454
7455
7456
7457
7458
7461
7462
7463
7464
7465
7466
7467
7469
7470
7471
7472
7473
7474
7475
7476
7477
7483
7484
7478
7481
7482
7485
7486
7487
7498
7499
7497
7500
7506
7508
7530
7529
7531
7532
7538
7540
7706
7489
7705
7708
7490
7492
7501
7502
7707
7709
7710
7711
7722
7504
7507
7509
7714
7715
7723
7510
7512
7514
7517
7518
7519
7521
7522
7524
7533
7534
7536
7539
7541
7542
7544
7738
7546
7549
7550
7551
7737
7740
7741
7744
7745
7746
7739
7742
7743
7747
7748
7552
7553
7554
7555
7749
7750
7751
7752
7753
7754
7755
7756
7761
7762
7763
7759
7760
7765
7766
7767
7768
7769
7770
7771
7773
7772
7774
7775
7776
7777
7778
7779
7780
7781
7782
7783
7784
7785
7786
7787
7788
7793
7794
7791
7792
7795
7798
7799
7800
7797
7801
7802
7803
7805
7806
7807
7808
7809
7564
7804
7567
7568
7810
7811
7830
7831
7832
7833
7834
7835
7836
7837
7838
7839
7840
7841
7842
7843
7844
7845
7846
7847
7848
7849
7850
7851
7852
7853
7854
7855
7856
7857
7858
7859
7860
7861
7862
7863
7864
7865
7866
11358
11359
11360
11361
11393
11394
11395
11786
7757
7758
7764
7789
7790
7796
3101
3114
3133
3067
4298
4299
4330
4331
11327
11330
11331
11332
11333
11378
11385
11387
11388
11389
11401
11337
11338
11339
11342
1990
1991
1992
1993
1994
1995
1998
2000
2002
2003
2004
2005
2007
2013
2016
2017
2018
2021
2022
2023
2024
2025
2026
2027
2030
2032
2034
2035
2036
2037
2039
2041
2045
2056
2061
2064
2065
2173
2174
2175
2176
2178
2218
2219
2220
2221
2223
2954
2964
2970
2983
2986
2996
3002
3021
3053
3160
3161
3169
3172
3173
3174
3192
3193
11336
4675
4676
4687
4696
4699
4701
4707
4708
4718
4721
4724
4725
4728
4729
4730
4731
4733
4734
4737
4738
4739
4758
4760
4761
4762
4763
4764
4765
4766
4767
4769
4770
4771
4773
4774
4776
4790
6965
6966
6967
6968
6969
6970
6976
6978
6980
6981
6983
6984
6989
7008
7010
7012
7013
7015
7016
7056
7063
7066
7088
1878
1879
1880
1881
1884
1885
1886
1887
1890
1895
1898
1899
1901
1910
1911
1912
1913
1916
1917
1918
1919
1922
1923
1928
1929
1930
1931
1932
1933
1934
1996
1997
1999
2001
2006
2008
2009
2010
2028
2029
2031
2033
2038
2040
2042
2046
2048
2049
2050
2051
2052
2053
2055
2059
2066
2070
2071
2075
2076
2077
2078
2079
2080
2081
2082
2083
2084
4688
2085
2087
2088
2091
2093
4702
2096
2097
2098
4720
2102
2103
2107
2108
2109
2110
2111
2112
2113
2114
2115
2116
2118
2119
2120
2121
2122
2123
2124
2125
2126
2127
2128
2129
2130
2132
2133
2134
2135
2137
2138
2139
2141
2142
2143
2144
2145
2146
2147
2148
2150
2151
2152
4772
2153
2154
2155
2156
2157
2158
2159
2160
2161
2162
2164
2165
2166
2167
2169
2170
2171
2215
2217
2222
2224
2966
2973
2974
2975
2982
2998
3005
3006
3007
3012
3017
3044
3049
3145
3151
3154
3159
3177
3183
4627
4628
4633
4635
4636
4639
4640
4634
4659
4660
4663
4665
4666
4667
4668
4671
4690
4695
4703
4719
4722
4723
4727
4732
4735
4736
4768
7136
2232
2259
2291
2507
2508
2512
2513
2516
2517
2531
2532
2533
2535
2536
2539
2540
2544
2545
2548
2549
2586
2587
2588
2589
2590
2618
2619
2620
2621
2622
2631
2634
2636
2638
2639
2640
2647
2649
4631
2713
2714
2717
2718
2746
2750
2754
11368
11369
11370
11371
11374
11377
11379
11383
3336
3368
11381
7137
11362
11363
11364
11365
11386
11390
1935
1936
1937
1938
1941
1942
1944
1945
1948
1949
1951
1952
1953
1956
1957
1959
1967
1968
1969
1970
1973
1974
1976
1977
1980
1981
1983
1984
1985
1986
1987
1988
1989
2014
2015
2019
2020
2047
3095
3659
3660
3663
3664
3665
3666
3668
3669
3672
3673
3678
3681
3682
3686
3687
3691
3692
3695
3696
3697
3698
3700
3701
3704
3705
3710
3713
3714
3738
3745
3746
3770
11384
4743
4752
4775
4777
4784
6988
7055
7087
4780
7095
7098
7101
7069
4360
7168
7200
7233
7259
6948
6949
6963
6964
6977
6979
6999
7000
7001
7002
7006
7007
7009
7011
7031
7032
7033
7034
7038
7039
7041
7042
7044
7045
7047
7071
7073
7074
7076
7077
7103
7104
2012
2044
2054
2060
2086
2092
2216
2981
4673
4694
4705
7176
7208
7428
7460
3155
3153
3185
3187
4641
2011
2043
2136
2131
2227
2228
2229
2225
2230
2231
2233
2235
2243
2245
2246
2248
2255
2256
2257
2260
2262
2264
2258
2263
2261
2265
2266
2269
2275
2277
2278
2280
2288
2289
2287
2290
2293
2294
2297
2296
2292
2295
2298
2301
2315
2316
2321
2320
2322
2323
2324
2326
2329
2355
2354
2347
2352
2353
2348
2356
2361
2380
2358
2384
2386
2389
2390
2412
2416
2418
2421
2422
2436
2435
2438
2440
2439
2452
2511
2510
2453
2509
2514
2518
2515
2519
2520
2521
2522
2523
2524
2525
2528
2526
2527
2529
2530
2538
2541
2542
2543
2550
2546
2551
2552
2547
2553
2555
2554
2556
2557
2559
2558
2560
2561
2562
2563
2564
2565
2566
2568
2567
2570
2569
2571
2572
2573
2574
2575
2576
2579
2580
2584
2582
2585
2597
2598
2601
2602
2604
2603
2605
2611
2607
2606
2612
2614
2616
2617
2687
2702
2707
2706
2712
2715
2716
2744
2747
2753
2748
2759
2791
2798
2800
2803
2804
2805
2806
2813
2819
2814
2815
2823
2820
2825
2826
2827
2828
2831
2830
2835
2834
2837
2839
2841
2851
2852
2901
2900
2904
2855
2899
2906
2932
2931
2933
2938
2936
3048
3054
3460
3463
3492
3495
3525
3540
3537
3557
3569
3572
4726
7021
7234
2816
2845
2848
2963
2969
2995
3001
3016
3022
3829
3830
3831
4295
4327
7138
7249
7255
7253
7258
7256
7257
7235
7232
11748
3794
3795
3797
3798
3799
2627
2635
2642
2643
2659
2663
2681
11918
11919
11920
11855
11857
11861
11868
11864
11865
11866
11867
1954
1955
11799
11801
11802
11808
11809
11810
11812
11813
11816
11817
11818
11870
2383
2387
2392
2397
2398
2415
2419
2424
2429
2430
2433
2434
2443
2444
2450
2451
2454
2455
2456
2457
2459
2461
2462
2464
2465
2466
2467
2468
2469
2470
2471
2472
2473
2474
2475
2476
11889
2482
2483
2484
2485
2486
2487
2488
2489
2491
2493
2494
2496
2497
2498
2499
2500
2501
2502
2503
2504
2505
2534
2537
11903
11904
11907
11909
11915
11916
11923
11924
11925
11926
11927
11928
11929
11930
11931
2690
2692
2696
2699
2700
11933
11934
11935
11936
11939
11941
2752
2755
2756
2762
2765
2766
2767
2768
2769
2770
2771
2773
2774
2775
2776
2777
2778
2779
2780
2784
2785
2786
2787
2788
2794
2797
2799
2801
2802
2807
2808
2809
2810
2811
2812
11819
11820
11821
11822
11823
11826
11827
11828
11831
11833
11834
11836
11837
11873
11887
11845
11892
11879
11880
11896
11877
11860
11897
11898
11899
11912
11900
11902
11921
11922
11893
11932
11944
11947
11948
11950
11951
11952
11953
11954
11955
11956
11957
11958
11959
11960
11961
11962
11963
11876
11841
11793
11794
11795
11796
11811
11844
11871
11847
11825
11894
11846
11848
11878
7060
7092
11856
11858
11859
11798
11783
11843
11792
2062
2094
11815
11863
11869
11874
11875
11888
11890
11891
11895
11901
11905
11906
11908
11910
11913
11914
11937
11938
11940
11942
11945
11946
11949
11824
11830
11842
11862
2637
2644
2645
2646
2686
2761
2793
2856
2861
2863
2865
2866
2867
2868
2869
2871
2872
2873
2874
2875
2876
2878
2879
2880
2881
2882
2883
2884
2886
2887
2889
2890
2891
2892
2893
2894
2895
2896
2897
2898
2912
2913
2914
2915
2916
2918
2919
2921
2922
2923
2924
2925
2926
2927
2928
2929
2930
3170
3171
2057
2058
2063
2067
2068
2069
2072
2073
2089
2090
2095
2099
2100
2101
2104
2105
7107
1894
1920
1921
1924
1925
1927
1962
1964
1966
3152
7105
7139
7240
2710
6954
6957
6959
6961
6962
6992
7024
7062
7064
7068
7070
7094
7096
7100
7102
7106
4297
4329
7040
7052
7072
7084
4303
4305
4306
4308
4309
4335
4337
4338
4340
4341
11872
2608
3156
3165
3188
3191
3197
4632
4664
11840
11917
2074
2106
2117
2163
2149
2168
2821
2842
2818
2822
2817
2844
2838
2824
2840
2836
2846
2850
2849
2829
2833
2843
2853
2854
2847
2870
2877
3014
3046
7511
7515
7513
7503
7543
7535
7547
7545
4875
4876
4907
4908
7702
7726
7732
7734
7729
7725
2449
2460
2463
2477
2478
2479
2480
2481
2492
2495
2668
2671
2679
3186
3096
3099
3100
3184
2885
2888
2917
2920
2581
2613
11782
11814
7239
2624
2625
2626
2628
2629
2632
2633
2651
2654
2655
2656
2657
2658
2660
2661
2664
2665
2669
2673
2683
1960
1961
1963
1965
6996
7028
3202
3234
7241
7049
2676
2677
2678
7050
7061
7081
7082
7093
7596
7556
7569
7570
7571
7574
7575
7576
7579
7580
7581
7583
7584
7585
7586
7587
7588
7599
7600
7601
7602
7603
7606
7607
7608
7611
7612
7613
7615
3176
3144
2172
2177
2179
2180
2181
2182
2183
2184
2185
2186
2187
2188
2190
2189
2191
2192
2194
2195
2196
2197
2198
2199
2200
2201
2202
2203
2204
2205
2206
2207
2208
2209
2210
2211
2212
2213
2214
3679
3674
3706
3711
3716
3719
3722
3725
3733
3748
3751
3754
3757
3765
2140
2193
6990
6991
6998
7022
7023
7030
11838
11797
3158
3164
3190
3196
11829
4355
2967
2999
2641
2458
2490
2680
2648
2691
2693
2688
2689
2698
2694
2695
2703
2701
2705
2704
2719
2711
2709
2721
2720
2722
2727
2723
2728
2725
2724
2726
2730
2731
2732
2733
2735
2736
2737
2741
2743
2751
2772
2734
2738
2739
2742
2972
3004
7730
7733
3718
3728
3737
3750
3760
3769
3683
2940
2941
2947
2944
2946
2952
7199
7231
7238
7059
7091
7020
7436
7468
2958
2990
7067
7099
3590
3622
3290
3292
3482
3514
3869
3528
3560
3227
3275
3484
3487
3867
3008
3030
3034
3040
3062
3066
11641
3397
3418
3419
3430
3450
3451
3657
3791
6952
7170
7617
11373
11382
3094
3313
3347
3600
3616
4993
6975
7391
3312
3295
3575
4251
3976
2781
2782
2783
7118
7150
4253
3279
3300
3422
3425
3415
3476
3479
3507
3573
3521
3589
3607
3623
3605
3667
3736
3764
3851
3889
3927
3924
2910
2948
2949
2945
2950
2951
2942
2977
3103
3135
3203
3209
3235
3241
2976
3699
3259
3327
3571
3715
3893
3934
80
17
52
59
54
1
49
81
58
82
55
72
0
87
74
83
16
15
75
65
78
92
84
85
68
66
101
79
61
71
77
91
86
90
94
106
70
67
105
89
110
100
95
93
109
115
112
104
97
113
111
102
98
114
126
128
129
14
103
130
99
131
116
117
122
107
119
118
127
124
137
132
121
142
152
151
161
145
162
146
133
148
136
160
157
139
135
140
147
156
155
138
149
150
143
153
163
159
165
164
174
179
141
123
158
154
144
172
134
166
168
178
182
180
176
189
183
51
177
173
169
167
184
192
181
185
193
190
171
187
191
194
195
207
202
170
199
200
186
208
175
215
198
219
205
211
209
222
220
204
206
210
213
212
218
217
214
196
201
223
224
225
197
221
226
230
239
227
236
245
232
241
231
238
234
237
12
235
228
240
244
242
233
203
247
243
229
254
248
253
249
267
246
257
274
251
269
256
268
277
273
252
270
278
279
289
275
271
266
288
280
272
281
255
295
299
292
286
302
285
283
294
282
291
284
304
287
293
307
300
309
296
298
297
317
301
305
306
303
314
310
315
290
73
316
313
312
319
320
325
311
326
335
328
50
329
333
331
321
330
334
332
318
323
336
340
337
352
354
343
344
341
327
366
355
362
376
373
365
369
364
367
353
363
358
361
357
53
359
360
384
372
375
393
395
216
407
13
411
60
56
57
63
64
69
76
88
96
108
120
125
188
250
276
308
322
338
339
342
345
346
347
348
349
350
351
368
370
371
374
377
378
379
380
381
382
383
385
387
388
443
389
390
391
392
448
396
397
449
450
398
399
400
403
461
458
460
452
404
451
405
463
408
462
467
409
466
481
480
410
473
471
470
472
464
412
475
477
483
474
484
476
478
495
494
492
491
413
493
482
486
489
500
490
485
487
414
488
496
507
499
497
501
504
511
503
506
505
415
498
508
519
512
516
525
509
514
510
515
520
521
517
513
529
518
416
417
528
524
523
531
526
419
539
522
540
545
537
550
538
536
533
544
555
420
542
543
548
541
546
547
552
554
553
551
558
565
560
561
421
557
422
556
423
424
563
571
574
576
425
568
580
575
579
582
586
570
572
569
427
584
573
428
598
585
597
599
596
588
603
429
602
601
605
633
606
595
604
430
431
607
637
432
634
635
638
639
641
652
649
636
642
646
647
645
656
650
653
651
663
661
665
659
664
655
662
657
654
658
660
439
667
668
666
672
669
670
688
686
693
682
587
681
689
687
685
700
683
684
692
690
691
702
697
701
694
695
699
696
698
707
708
706
703
435
704
705
459
436
709
720
723
713
722
719
725
736
721
727
733
740
739
729
732
737
437
726
735
730
768
738
770
767
440
777
741
776
465
441
442
780
778
444
445
446
790
447
783
791
785
781
711
794
796
793
798
795
810
809
728
797
800
718
807
813
468
802
469
815
812
808
479
829
832
822
825
827
826
834
823
835
830
828
833
843
502
847
842
848
844
845
852
846
854
862
865
858
850
863
527
860
856
853
530
855
861
864
859
532
866
534
535
867
874
875
549
876
877
879
880
885
886
878
891
559
897
903
562
882
564
887
911
908
899
912
888
893
884
890
566
905
901
892
915
896
909
910
567
895
900
902
898
907
914
894
904
906
925
913
577
924
934
931
578
930
932
926
939
933
927
943
935
581
583
946
945
947
936
929
928
937
942
941
952
940
944
950
956
951
949
966
953
964
938
954
965
948
959
960
958
971
970
957
984
976
961
975
973
977
983
972
967
980
974
992
982
989
986
996
998
987
997
978
1002
993
1005
640
1004
1007
1016
1003
1006
999
1008
1018
1010
1014
1009
1012
1021
1029
1075
1082
1077
1028
1076
1019
1078
1083
1081
1093
1092
671
1110
1097
1105
1094
1095
1113
1107
1091
1106
1096
1111
1103
1104
1108
1109
1116
1114
1119
1118
1115
1123
1127
1125
1089
1140
1126
1138
1133
1128
1132
724
1139
1124
1112
1129
1137
1145
1131
1135
1148
1143
1147
1141
1150
1151
1146
1142
1117
1153
1168
1159
1167
1156
1160
1165
1164
1174
1166
1157
1162
1121
1161
1158
1173
1175
775
1181
1169
1171
1179
1183
1172
1178
1177
1149
1176
1144
1182
1180
1188
1185
1191
1207
1193
1195
1206
1190
1192
1196
1189
1211
1194
1201
1213
1214
1197
1199
1203
1198
1204
1209
1215
1217
1216
1205
1208
1212
1210
1225
1219
1218
1229
1221
1227
817
1233
1222
1226
1228
1220
1230
1264
1232
1271
1260
1262
1231
1268
1267
1258
1266
1261
1275
1234
1259
1270
1257
1263
1265
1273
1283
1276
1286
1281
1277
1288
1278
1287
1282
1280
1279
1294
1292
1301
1289
1298
1290
1291
1285
1284
1293
851
1295
1306
857
1304
1299
1296
1297
1300
1311
1302
1305
1303
1313
1314
1318
1317
1316
1325
1324
1320
1326
1330
1322
1312
1315
1329
1323
1327
1333
1338
883
1321
1331
1332
1335
1334
1337
889
1336
1328
1344
1343
1345
1368
1367
1377
1376
1373
1370
1369
1371
1424
1372
955
1425
962
963
968
1426
969
1427
1430
1435
979
1431
1433
1434
1443
1440
1437
1439
985
988
990
994
1429
1432
1444
1446
1438
995
1449
1436
1000
1001
1441
1447
1448
1011
1015
1017
1460
1020
1022
1456
1442
1453
1452
1467
1466
1458
1463
1445
1459
1474
1470
1457
1461
1469
1462
1481
1473
1488
1464
1465
1468
1490
1476
1480
1495
1499
1484
1482
1489
1477
1471
1500
1492
1493
1485
1494
1486
1487
1602
1502
1605
1483
1497
1616
1498
1604
1613
1624
1609
1614
1631
1610
1607
1621
1625
1603
1618
1606
1623
1611
1626
1617
1628
1637
1622
1642
1629
1619
1648
1634
1612
1638
1645
1630
1639
1636
1655
1641
1643
1654
1676
1620
1666
1136
1662
1661
1644
1670
1663
1677
1635
1657
1665
1656
1653
1669
1679
1660
1652
1674
1664
1651
1672
1680
1650
1667
1682
1681
1671
1686
1646
1685
1678
1649
1673
1684
1675
1690
1689
1693
1699
1695
1701
1683
1692
1691
1687
1698
1694
1708
1696
1706
1688
1704
1705
1697
1714
1709
1703
1713
1163
1712
1702
1719
1718
1715
1717
1711
1710
1707
1716
1720
1724
1725
1733
1721
1723
1726
1732
1735
1729
1738
1731
1722
1728
1734
1743
1740
1742
1736
1750
1746
1737
1730
1744
1759
1745
1739
1751
1760
1752
1756
1757
1747
1749
1763
1761
1758
1772
1200
1753
1765
1769
1748
1766
1768
1755
1776
1770
1764
1762
1775
1771
1793
1767
1780
1782
1774
1779
1783
1777
1778
1784
1790
1792
1798
1799
1791
1754
1788
1781
1787
1794
1797
1795
1810
1796
1802
1812
1789
1805
1806
1803
1785
1814
1820
1809
1807
1811
1816
1804
1827
1825
1808
1829
1800
1813
1830
1786
1833
1824
1817
1823
1815
1826
1828
1819
1831
1834
1840
1844
1838
1836
1839
1846
1837
1845
1842
1835
1832
1841
1272
1862
1848
1847
1843
1849
1851
1856
1852
1869
1855
1867
1876
1871
1868
1870
1875
1903
1891
1900
1872
1858
1908
1902
1888
1907
1904
1863
1319
1866
1939
1354
3222
3200
3201
3232
3233
3254
1428
3281
1491
3277
3278
3284
3283
3286
3316
3285
3288
3310
3318
3315
3311
3320
3309
3317
1658
1727
1801
1859
3223
3255
3800
3835
3833
3801
3836
3832
3852
3883
3884
3914
3912
3930
3913
3919
3929
3928
3790
3956
3951
3944
3945
3946
3961
3960
3962
3972
3970
3971
3977
3973
4003
4002
4009
4005
4018
4004
4027
4008
4030
4031
3979
4026
4029
3984
4032
4025
4037
4035
4034
4036
4039
4046
4043
4038
4040
4048
4042
4045
4041
4049
4056
4057
4051
4033
3986
4061
4016
4066
4059
4063
4058
4068
4067
4062
4060
4070
4074
4064
4071
4072
4069
4075
4073
4080
4077
4083
3994
4091
4088
4078
4081
4065
4094
4090
4089
4098
4096
4097
4093
4099
4095
4092
4103
4112
4100
4106
4105
4104
4107
4101
4102
3995
4108
4109
4110
4111
4118
4114
4126
4116
4119
4125
4137
4130
4127
4136
4132
4129
4134
4131
4128
4121
4135
4133
4120
4139
3999
4123
4141
4140
4144
4142
4147
4143
4158
4159
4155
4146
4150
4157
4165
4153
4162
3998
4152
4151
4148
4175
4177
3996
4169
4179
3968
4191
3974
4226
3975
3978
3980
3981
3982
3983
3985
3987
3988
3993
3989
3990
3991
4193
3997
4000
4194
4006
4007
4010
4011
4012
4013
4014
4015
4017
4019
4020
4021
4022
4023
4028
4201
4315
4313
4312
4343
4311
4345
4055
4347
4344
4466
4467
4471
4470
4087
4478
4480
4481
4482
4483
4484
4485
4486
4489
4490
4494
4493
4495
4496
4498
4499
4503
4500
4504
4508
4506
4516
4507
4513
4511
4517
4515
4115
4512
4514
4522
4518
4526
4535
4531
4521
4528
4527
4525
4548
4532
4547
4543
4530
4542
4538
4536
4540
4539
4544
4546
4549
4550
4551
4552
4138
4573
4574
4577
4572
4571
4583
4576
4578
4579
4580
4582
4584
4581
4606
4603
4611
4160
4609
4161
4604
4163
4605
4610
4164
4166
4996
4999
4997
4998
5009
5000
5008
5007
5005
5011
4178
5004
5006
4180
4181
5014
4645
4182
4183
5013
5010
5033
5036
5038
5032
5045
5035
4608
5015
5040
5039
5042
4613
5050
5041
5037
5058
5048
5059
5043
5052
5046
5051
5061
5065
5047
5064
5071
5077
5068
5062
5080
5078
5074
5084
5076
5081
5063
5069
5067
5066
4192
5070
5083
5091
5087
5097
5090
5075
5049
5082
5085
5093
5086
5079
5094
5072
5110
5106
5109
4195
4196
4197
4198
5103
5100
5112
5113
5099
5116
5096
5104
5120
5088
5056
5101
5107
5123
5108
5117
5095
5126
5119
5102
5098
5111
5115
5114
5124
5131
5125
5122
5128
5121
5130
5132
5133
5118
5134
5127
5144
5136
5145
5141
5148
5152
5155
5146
5151
5158
5150
5147
5154
5156
5167
5157
5159
5163
5176
5162
5164
5177
5160
5153
5180
5166
5173
5168
5178
5179
5196
5165
5183
5185
5186
5182
5203
5200
5184
5204
5188
5190
5189
5211
5194
5197
5214
5210
5206
5192
5228
5207
5209
5187
5235
5232
5216
5217
5220
5233
5236
5208
5229
5213
5242
5226
5215
5212
5243
5221
5224
5218
5222
5219
5248
5241
5246
5256
5253
5245
5250
5251
5259
5265
5268
5244
5240
5238
5260
5264
5239
5261
5262
5267
5247
5263
5270
5272
5269
5249
5288
5280
5282
5283
5292
5285
5287
5291
5257
5293
4502
5295
5294
5297
5258
5281
5299
5300
5302
5289
5301
5304
5290
5314
4510
5313
5315
5316
4534
4545
5317
5318
5001
5003
5055
5274
5129
5135
5137
5138
5139
5140
5142
5143
5161
5169
5170
5171
5172
5174
5298
5307
5175
5327
5191
5193
5195
5334
5198
5199
5201
5202
5205
5338
5340
5223
5225
5344
5348
5341
5227
5230
5231
5342
5337
5346
5234
5347
5237
5343
5345
5350
5308
5349
5336
5252
5339
5254
5255
5370
5352
5266
5366
5372
5271
5373
5273
5380
5275
5377
5374
5376
5276
5277
5278
5379
5369
5375
5279
5284
5286
5385
5378
5392
5391
5383
5371
5368
5397
5388
5386
5394
5381
5400
5306
5387
5399
5296
5390
5389
5398
5384
5405
5404
5402
5393
5396
5395
5403
5401
5412
5303
5409
5423
5411
5305
5422
5359
5406
5417
5309
5420
5310
5311
5312
5408
5426
5424
5425
5429
5414
5410
5431
5418
5430
5441
5421
5415
5432
5444
5413
5416
5440
5447
5437
5436
5427
5428
5435
5438
5454
5457
5453
5433
5434
5460
5452
5443
5448
5466
5445
5450
5451
5456
5472
5446
5473
5319
5476
5458
5479
5467
5465
5320
5321
5468
5470
5322
5489
5485
5477
5480
5492
5323
5484
5478
5475
5490
5482
5498
5483
5324
5488
5505
5497
5514
5510
5499
5516
5517
5502
5500
5521
5522
5519
5523
5518
5325
5326
5525
5528
5529
5530
5524
5531
5538
5535
5328
5329
5330
5331
5332
5333
5549
5335
5550
5554
5555
5551
5548
5553
5351
5353
5354
5355
5356
5556
5357
5358
5360
5361
5362
5363
5364
5365
5367
5564
5562
5557
5560
5382
5561
5577
5563
5570
5579
5580
5567
5574
5581
5578
5571
5575
5576
5419
5598
5595
5582
5583
5584
5587
5586
5585
5449
5588
5600
5455
5589
5459
5461
5592
5462
5463
5464
5591
5613
5469
5608
5471
5612
5606
5609
5599
5603
5610
5611
5481
5602
5614
5486
5487
5607
5627
5619
5630
5633
5491
5493
5494
5637
5495
5638
5496
5616
5626
5620
5636
5617
5634
5615
5642
5635
5632
5650
5501
5503
5623
5644
5641
5504
5621
5506
5640
5507
5508
5509
5656
5511
5645
5648
5646
5654
5512
5624
5669
5513
5515
5670
5618
5658
5657
5643
5639
5652
5677
5663
5679
5631
5664
5649
5659
5520
5672
5674
5665
5668
5671
5680
5678
5667
5653
5682
5676
5651
5675
5661
5690
5673
5681
5660
5662
5685
5712
5666
5702
5708
5695
5698
5705
5701
5686
5696
5697
5707
5703
5709
5710
5688
5689
5691
5684
5713
5715
5694
5699
5700
5692
5693
5704
5723
5720
5711
5728
5727
5706
5714
5730
5722
5655
5737
5740
5721
5733
5725
5726
5734
5732
5731
5739
5735
5729
5747
5742
5718
5741
5748
5736
5744
5687
5724
5719
5743
5752
5754
5738
5753
5755
5761
5745
5758
5760
5746
5756
5759
5717
5762
5769
5683
5776
5765
5749
5757
5536
5782
5751
5779
5770
5778
5774
5537
5775
5785
5790
5791
5750
5539
5540
5797
5793
5792
5794
5801
5784
5814
5806
5541
5817
5810
5783
5808
5802
5807
5824
5811
5823
5822
5542
5829
5825
5543
5803
5828
5816
5830
5815
5837
5831
5544
5834
5848
5845
5838
5854
5842
5841
5545
5853
5862
5856
5861
5855
5863
5546
5860
5547
5869
5866
5874
5873
5870
5877
5880
5885
5552
5887
5886
5888
5890
5889
5896
5892
5898
5895
5894
5893
5891
5897
5913
5906
5904
5907
5905
5910
5914
5909
5918
5899
5917
5900
5903
5912
5920
5916
5919
5923
5921
5902
5928
5901
5915
5925
5926
5924
5929
5922
5938
5937
5939
5932
5936
5927
5943
5945
5946
5930
5568
5949
5931
5941
5933
5934
5950
5942
5948
5947
5935
5951
5955
5956
5944
5959
5963
5953
5966
5960
5957
5973
5964
5972
5975
5976
5980
5979
5974
5965
5968
5970
5969
5971
5977
5988
5991
5992
5983
5982
5987
5995
5989
5985
5981
6005
6004
5996
5997
6007
6011
6006
6012
6003
6008
6002
6001
6009
6016
6015
6018
6014
6017
6031
6027
6013
6038
6030
6022
6039
6034
5593
5594
6021
6019
6035
6028
6036
6020
6024
6026
6037
6025
6043
6051
6046
6048
6047
6023
6054
6049
6044
6052
6068
6029
6033
6032
6040
6045
6050
6053
6041
6070
6059
6071
6057
6078
6058
6060
6061
6066
6067
6063
6075
6069
6056
6062
6064
6082
6074
6079
6055
6081
6077
6080
6072
6065
6095
6099
6100
6096
6093
5625
6088
6098
6110
6102
6073
6076
6101
6112
6113
6092
6083
6106
6086
6085
6090
6089
6094
6109
6114
6087
6127
6091
6084
6108
6115
6111
6105
6130
5647
6131
6104
6103
6129
6132
6107
6128
6134
6133
6116
6121
6149
6126
6142
6140
6123
6118
6120
6145
6144
6119
6124
6117
6154
6122
6135
6152
6136
6141
6139
6143
6137
6138
6153
6148
6146
6162
6169
6160
5716
6164
6161
6156
6166
6159
6163
6181
6186
6184
6165
6175
6172
6176
6178
6168
6180
6177
6201
6194
6191
6185
5771
6188
6202
6197
6200
6193
6195
6210
6209
6192
6196
6207
6213
6204
6217
6212
5857
6211
6214
6222
6224
6221
6227
6231
6223
6233
6228
6220
6226
6238
6225
6235
5908
6232
6245
5911
6234
6242
6241
6237
6244
5940
5952
5954
6252
6254
5958
5961
5962
6239
6255
5967
6258
6243
5984
6263
6253
5986
6256
6260
5990
5993
5994
5998
5999
6265
6247
6000
6270
6259
6266
6264
6276
6267
6257
6273
6042
6277
6278
6279
6269
6288
6272
6275
6298
6284
6280
6274
6283
6282
6289
6295
6271
6299
6287
6303
6310
6297
6325
6311
6305
6286
6290
6312
6294
6304
6291
6309
6307
6097
6308
6314
6322
6306
6319
6336
6316
6315
6318
6344
6337
6334
6320
6335
6340
6328
6323
6330
6346
6329
6333
6343
6321
6341
6125
6339
6347
6326
6327
6332
6331
6350
6348
6345
6338
6342
6369
6147
6349
6356
6150
6151
6366
6378
6376
6155
6372
6351
6158
6368
6375
6373
6367
6362
6379
6167
6388
6381
6385
6371
6360
6170
6171
6370
6363
6380
6173
6174
6358
6383
6179
6355
6359
6377
6374
6182
6401
6183
6382
6404
6400
6187
6190
6409
6394
6403
6407
6408
6198
6199
6395
6399
6420
6426
6402
6410
6390
6423
6405
6203
6417
6406
6416
6429
6391
6436
6387
6205
6206
6424
6413
6411
6432
6421
6422
6414
6392
6425
6433
6415
6441
6427
6431
6437
6430
6418
6428
6452
6440
6449
6443
6465
6448
6464
6468
6435
6461
6455
6442
6434
6457
6458
6419
6450
6445
6447
6438
6454
6467
6471
6453
6446
6484
6451
6496
6460
6469
6459
6490
6462
6479
6470
6497
6474
6486
6485
6463
6491
6487
6456
6473
6466
6499
6482
6476
6501
6472
6481
6488
6478
6518
6503
6573
6500
6519
6480
6533
6495
6502
6575
6511
6574
6492
6475
6577
6578
6520
6498
6571
6516
6572
6510
6583
6523
6582
6483
6588
6576
6584
6537
6517
6477
6586
6580
6581
6514
6513
6506
6593
6522
6592
6587
6538
6505
6601
6536
6532
6599
6595
6606
6602
6611
6614
6610
6616
6613
6615
6607
6609
6608
6617
6612
6249
6515
6625
6627
6508
6598
6509
6594
6631
6624
6633
6504
6507
6604
6641
6634
6639
6640
6638
6781
6600
6512
6597
6787
6642
6632
6644
6596
6643
6782
6779
6791
6784
6789
6785
6786
6783
6790
6788
6797
6628
6780
6605
6793
6795
6629
6792
6796
6803
6801
6800
6630
6636
6804
6806
6808
6802
6817
6810
6809
6626
6637
6805
6813
6816
6823
6821
6822
6819
6820
6818
6827
6824
6830
6834
6829
6825
6828
6833
6837
6838
6832
6835
6836
6934
6935
6840
6944
6936
6943
6942
6938
6939
6937
6971
6296
6974
6292
6293
6324
7177
7175
7180
7182
7181
7211
6352
6353
7207
7209
7214
7210
7354
7212
7350
7351
7346
7357
7347
7370
7363
7362
6384
7377
7367
7360
7369
7376
7374
7364
7366
7380
7365
7373
7361
7368
7371
6398
7372
7375
7399
7402
7409
7392
7393
7408
7395
7394
7412
7401
7397
7415
7396
7400
6412
7404
7398
7405
7388
7407
7384
7406
7403
7386
7378
7387
7423
7382
7385
6439
6444
7417
7416
7414
7410
7420
7419
7418
6494
7643
7669
6591
7675
8476
8477
8484
8483
8486
8481
8488
8478
8479
8489
8490
8491
8480
8482
6798
8496
8492
8495
8498
8485
8499
8497
8501
8505
8512
8506
8494
8493
8507
8509
8503
8515
8502
8514
8510
8504
8500
8513
8511
8508
8518
8520
8528
8522
8530
8519
8527
8536
8535
8517
8532
8526
8531
8523
8543
8546
8539
8533
8534
8554
8549
8552
8544
8555
8540
8550
8529
8541
8545
8521
8558
8559
8538
8516
8568
8576
8542
8525
8565
8579
8562
8571
8563
8537
8524
8577
8564
8575
8557
8560
8584
8548
8578
8585
8572
8553
8567
8581
8583
8582
8586
8580
8561
8551
8556
8570
8588
8599
8591
8603
8610
8602
8590
8606
8597
8566
8613
8607
8609
8618
8617
8595
8573
8574
8569
8608
8616
8594
8629
8615
8623
8612
8611
8622
8620
8592
8631
8593
7178
7179
8605
8601
8638
8604
8598
8589
8621
8639
8635
8634
8587
8600
8596
8644
8646
8651
8650
8627
8626
8633
8647
8624
8659
8657
8628
8653
8658
8654
8641
8619
8660
8661
8655
8668
8642
8640
8630
7213
8625
8637
8678
8649
8648
8632
8679
8645
8636
8676
8682
8643
8685
8683
8692
8669
8687
8690
8656
8672
8665
8689
8700
8677
8686
8708
8691
8707
8667
8671
8693
8710
8652
8714
8664
8675
8704
8705
8663
8706
8709
8702
8718
8722
8695
8662
8715
8711
8681
8716
8717
8713
8674
8680
8673
8666
8719
8732
8712
8696
8726
8727
8723
7383
8720
8735
8728
8741
8742
8684
8698
8737
8703
8736
8739
8694
8746
8743
8697
8688
8701
8747
8755
8699
8745
8744
8738
8748
8751
8754
8749
8752
8776
8774
8767
8764
8750
8780
8758
8760
8759
8770
8763
8769
8772
8775
8789
8778
8784
8773
8779
8788
8785
8740
8791
8812
8802
8801
8809
8768
8808
8792
8804
8806
8805
8810
8807
8811
8821
8817
8833
8832
8823
8837
8816
8838
8824
8820
8835
8834
8836
8846
8848
8847
8841
8842
8839
8800
8843
8860
8851
8845
8850
8854
7637
7638
8863
8870
8869
8852
8864
8879
8858
8849
8840
8865
8857
8868
8866
8867
8873
8880
8871
8878
8882
8874
8876
8861
8862
8889
8883
8877
8855
8875
8895
8901
8853
8881
8856
8892
8900
8859
8910
8884
8887
8888
8890
8912
7670
8925
8909
8924
8872
8917
8907
8885
8926
8897
8927
8893
8922
8923
8894
8932
8891
8941
8933
8929
8954
8950
8947
8939
8946
8949
8955
8487
8957
8902
8956
8959
8958
8934
8966
8547
9063
8965
9064
9067
8969
9070
9071
9001
8970
9074
8614
9002
8998
9075
9081
9088
8997
9089
9100
8670
9090
9093
9097
9094
9121
9096
9119
9091
9102
9099
9095
9098
9120
9101
9117
9115
9129
9122
9126
9118
9116
9128
9125
9136
9127
9139
9123
9142
9137
9138
9130
9132
9131
9145
9155
9135
9134
9154
9133
9153
9162
9114
9148
9152
9156
8731
9140
9141
9164
9146
9160
9151
9159
9147
9150
9149
9191
9161
9187
9177
9192
9185
9628
9188
9186
9184
8777
9573
9633
9183
9179
9627
9629
9176
9182
9572
9626
9181
9178
9635
9180
9647
9632
9193
9638
9637
9643
9642
9648
9644
9649
9641
9679
9651
9680
9650
9685
9655
9653
9689
9652
9686
9645
9683
9656
9693
9698
9678
9684
9694
9687
9692
9708
8844
9646
9688
9695
9700
9699
9704
9702
9705
9697
9701
9715
9703
9709
9725
9717
9712
9711
9710
9720
9730
9726
9716
9718
9706
9736
9719
9724
9732
9727
9721
9731
9682
9733
9734
8886
9738
9735
9737
9729
9745
9739
9758
9750
9741
9756
9747
9742
9728
9743
9744
9755
9763
9759
9768
9762
9764
9757
9765
9767
9766
9769
9775
9774
9770
9714
9772
9771
9773
9777
8942
9779
9782
9760
9776
9761
9787
9795
9788
9796
9792
9790
8960
8961
9789
8962
8963
9808
9804
9800
9814
9807
9805
9794
9811
9810
9816
9819
9809
9822
9836
9813
9815
9817
9827
8992
8993
8994
9832
9820
9840
8995
9839
9798
9797
9821
9841
9828
9837
9799
9061
9847
9801
9842
9793
9803
9849
9826
9846
9848
9845
9852
9802
9851
9806
9854
9834
9853
9825
9877
9829
9078
9835
9830
9838
9833
9831
10324
9113
10325
10379
10377
10385
10381
10390
10386
10380
10389
10382
10383
10391
10393
10388
10387
10384
10398
10395
9163
10401
10399
9165
9166
10396
9167
9168
10402
10409
10416
9175
10403
10407
10404
10411
10412
10414
10413
10417
10418
10415
10419
10432
10435
10427
10425
10422
10423
10437
10420
10430
10421
10438
10431
10428
10434
10429
10439
10440
9636
10457
10449
10447
10446
10458
10453
10454
10467
10470
10471
10466
10455
10469
10464
10472
10456
10479
10483
10486
10481
9707
10490
10489
10485
10497
10496
10501
10498
10505
9740
10502
10488
9746
10508
10487
10503
10523
10530
10525
9778
10528
10526
10524
9791
10529
10504
10533
10527
10537
10540
10752
10521
10753
10756
10522
10759
10536
10755
10754
10761
10535
10760
9843
10762
10797
10768
10800
10796
10765
10803
10767
10802
10770
10769
10799
9857
10805
9858
9860
10801
10804
9863
9864
9865
9866
9867
9868
10816
10810
10808
10820
10824
9880
9881
10811
10809
10825
10822
10826
10821
10815
10828
10830
10829
10838
10839
10831
10827
10326
10852
10836
10837
10327
10834
10858
10853
10854
10855
10848
10860
10862
10866
10856
10857
10868
10859
10861
10880
10885
10871
10884
10869
10889
10870
10886
10894
10898
10900
10895
10892
10893
10902
10897
10905
10397
10903
10910
10896
10911
10906
10908
10904
10916
10909
10924
10918
10907
10917
10921
10927
10926
10925
11284
11280
10929
11291
11286
11285
11289
11288
10928
11281
10441
10442
10443
10444
11293
11299
11287
11300
10451
10452
11297
11292
11294
11302
11301
11313
11312
11317
11319
11318
11321
11320
11326
10473
10474
10475
10476
11325
11372
10478
11323
11403
11367
11335
11402
11375
11324
10484
11432
11396
11340
11414
11412
11407
11413
11415
11419
11410
11420
11418
11422
11421
11428
11445
11435
11439
11467
11468
11426
11469
11434
11470
11471
11473
11446
11452
11442
11295
11450
11431
10515
11447
11453
11444
11451
11454
11425
11456
11457
11461
11464
11427
11458
11433
11465
11466
11480
11475
11477
11474
11482
11487
11488
11479
11476
11496
11478
11483
11506
11507
11504
11486
11485
11484
11498
11497
11490
10534
11509
11493
11489
11569
11565
11511
11508
11510
11607
11564
11608
11572
11568
11570
11576
11577
11614
11424
11581
11574
11579
11582
11578
11580
11588
11583
11585
11584
10764
11593
11430
11589
11603
11594
11599
11587
11596
11590
11598
11591
11592
11689
11692
11597
11605
11602
11611
11613
11616
11601
11617
11701
11704
11610
11615
11620
11625
11624
11623
11612
11626
11622
11619
11708
11680
11709
11711
11712
11713
11630
11635
11714
11697
11715
11717
11678
11621
10819
11691
11634
11696
11688
10823
11683
11631
11706
11628
11703
11690
11710
11695
11685
11699
11629
11707
11633
11702
11637
11716
11686
11693
11694
11687
10851
11682
10863
10883
10912
10915
11296
11343
11472
11575
11604
11681
11698
11700
11705
611
608
617
618
612
592
324
591
631
620
632
625
593
356
623
590
626
629
594
600
624
589
717
710
630
714
621
622
715
712
716
616
627
628
609
610
613
614
615
619
2960
2992
3394
3393
3401
3400
3398
3404
3416
3423
3426
3429
3433
3432
3436
3421
3458
3420
3461
3448
3455
3466
3468
3464
3459
3465
3453
3491
3490
3454
3500
3498
3452
3462
3493
3456
3467
3497
3477
3457
3481
3469
3470
3475
3473
3474
3471
3478
3472
3494
3480
3499
3483
3489
3519
3488
3496
3503
3502
3501
3506
3505
3509
3535
3510
3513
3508
3504
3538
3511
3512
3515
3547
3526
3529
3549
3524
3548
3523
3530
3520
3533
3532
3551
3522
3541
3539
3567
3542
3545
3546
3534
3583
3562
3579
3570
3561
3544
3581
3550
3554
3555
3543
3565
3552
3564
3558
3580
3584
3553
3556
3574
3566
3577
3578
3582
3576
4365
4405
4406
4366
4367
4370
4477
4492
4488
4369
4497
4520
4505
4501
4529
4523
4519
4524
4533
4373
4374
4398
4399
4401
4402
4473
4479
4491
4487
4537
7171
7169
7173
7172
7174
7188
7185
7183
7189
7190
7193
7201
7194
7204
7196
7217
7202
7205
7203
7215
7206
7220
7222
7225
7221
7228
7343
7250
7226
7237
7246
7252
7389
7390
7422
7421
7184
7216
8911
8918
8945
8915
9092
9124
9862
9869
3380
3752
4290
4318
4332
4348
4350
4351
4353
4354
4356
4361
4746
4747
4751
4756
4778
4779
4783
4788
4847
4850
4852
4882
4914
4992
6950
6951
6953
6955
6956
6958
6960
6972
6973
6982
6986
6987
7014
7035
7036
7037
7043
7046
7048
7051
7053
7054
7057
7058
7065
7075
7078
7079
7080
7083
7085
7086
7089
7090
7097
7186
7187
7195
3717
3910
3911
3920
3923
3926
3931
3932
3933
3935
3941
3942
3943
3952
3955
3958
3959
3963
3964
3965
3966
3967
3969
4200
4248
4249
4250
4252
4280
4281
4282
4283
4284
4285
4302
4316
4319
4322
4334
4352
7218
7219
7227
7236
7242
7245
7342
7411
7413
7427
7447
7448
7459
7479
7480
7488
7491
7493
7494
7495
7496
7505
7516
7520
792
788
1342
1310
1346
1350
1351
1352
1355
1356
1357
1358
1362
1363
1364
1365
1374
1450
1451
1454
1455
1472
1475
1478
1479
1496
1501
1503
1601
1608
1615
1627
1632
1633
1640
1647
1659
1668
1700
1741
1773
1818
1821
1822
1850
1853
1854
1857
1860
1861
1864
1865
1873
1874
1877
1940
1943
1946
1947
1950
1958
1971
1972
1975
1978
1979
1982
3793
3856
3857
3858
3861
3864
3868
3872
3874
3876
3887
3888
3890
3896
3897
3899
3900
3901
3909
3992
4001
4024
4044
4047
4050
4052
4053
4054
4076
4079
4082
4084
4085
4086
4113
4117
4122
4124
4145
4149
4154
4156
4167
4168
4170
4171
4172
4173
4174
4176
4184
4185
4186
4187
4188
4189
4190
4199
4363
4364
4368
4371
4372
5573
5605
6229
6357
6218
6208
6215
6216
6219
6230
6236
6240
6246
6248
6250
6251
6261
6262
6268
6281
6285
6313
6317
6354
6361
6364
6365
6386
6389
6393
6396
6397
6489
6493
6521
6534
6535
6579
6585
6589
6590
6603
6618
6619
6620
6621
6622
6623
6635
6794
6799
6807
6811
6812
6814
6815
6826
6831
6839
6940
6941
6993
6994
6995
7003
7004
7005
7018
8766
8729
8753
8734
8730
8724
8765
8725
8756
8733
8762
8786
8783
8757
8771
8721
8761
8794
8787
8782
8790
8796
8797
8781
8799
8793
8798
8813
8803
8815
8914
8814
8818
8825
8943
8828
8829
8826
8830
8819
8822
8944
8831
9157
9189
7027
805
784
837
871
872
6302
6301
7523
7525
8981
8991
10334
10335
10336
10338
10340
10341
10511
10512
10513
10514
10516
10518
10543
10544
10545
3758
23
24
25
28
21
18
19
27
31
22
29
44
26
48
45
46
47
744
746
748
745
752
747
755
743
751
754
756
753
750
757
761
759
758
762
764
20
760
2
4
3
5
6
7
8
9
10
11
30
32
33
34
35
36
37
38
39
40
41
42
43
62
386
394
401
402
406
418
426
433
434
438
643
644
648
731
734
742
749
763
1045
1043
765
1046
766
1044
769
771
772
773
774
779
782
786
787
789
799
801
803
804
806
811
1049
814
1051
1050
816
818
819
1061
1060
820
821
824
831
836
838
839
840
841
849
868
869
870
873
881
981
991
1013
1023
1024
1025
1026
1027
1030
1031
1032
1033
1034
1035
1036
1037
1038
1039
1040
1041
1042
1099
1100
1101
1047
1048
1052
1053
1054
1055
1056
1057
1058
1059
1062
1063
1064
1065
1066
1067
1068
1069
1070
1071
1072
1073
1074
1079
1378
1080
1084
1386
1085
1086
1400
1401
1399
1402
1403
1405
1404
1098
1087
1088
1090
1102
1120
1122
1130
1134
1152
1154
1155
1170
1184
1186
1187
1202
1223
1224
1256
1269
1274
1307
1308
1409
1309
1339
1411
1340
1341
1347
1348
1412
1349
1353
1359
1416
1360
1415
1361
1410
1366
1413
1417
1414
1375
1421
1420
1505
1506
1509
1508
1513
1512
1514
1515
1521
1522
1516
1527
1524
1523
1525
1517
1526
1518
1532
1379
1531
1520
1519
1380
1381
1382
1383
1529
1384
1530
1385
1534
1387
1388
1389
1390
1391
1392
1393
1394
1395
1396
1397
1398
1406
1408
1407
1418
1419
1422
1423
1504
1507
1510
1511
1528
1533
1535
1536
1539
1537
1538
1540
1541
1542
1544
1543
1545
1546
1547
1548
1549
1550
1551
1552
1559
1553
1554
1555
1556
1557
1558
1563
1560
1561
1562
1564
1565
1566
1567
1568
1569
1570
1571
1572
1573
1574
1575
1576
1577
1578
1579
1581
1580
1582
1583
1584
1585
1586
1587
1588
1595
1589
1590
1591
1594
1592
1593
1596
1597
1598
1599
1600
1882
1883
1889
1892
1893
1896
1897
1905
1906
1909
1914
1915
1926
2305
2306
2307
2308
2309
2310
2337
2338
2339
2340
2341
2342
2577
2578
2583
2609
2610
2615
2697
2708
2832
2864
2911
2943
2957
2962
2989
2994
3086
3087
3136
3157
3162
3163
3166
3167
3168
3189
3194
3195
3198
3199
3264
3266
3267
3268
3271
3272
3273
3274
3276
3280
3282
3287
3289
3293
3296
3298
3299
3303
3304
3305
3306
3307
3308
3314
3319
3321
3322
3324
3325
3345
3346
3348
3349
3350
3377
3378
3379
3381
3382
3395
3396
3399
3402
3403
3405
3406
3407
3408
3409
3410
3411
3412
3413
3414
3427
3428
3431
3434
3435
3437
3438
3439
3440
3441
3442
3443
3444
3445
3446
3447
3485
3516
3517
3527
3531
3536
3559
3563
3568
3591
3592
3596
3808
3809
3812
3601
3813
3814
3604
3610
3612
3621
3628
3826
3630
3632
3827
3661
3841
3843
3680
3803
3693
3804
3720
4207
4209
4211
4210
4225
3767
4230
4231
3749
3778
3779
4223
3783
3784
3785
3787
4389
3788
3789
3792
3802
3805
3806
3807
3810
3811
3815
3816
3817
3818
3819
3820
3821
3822
3823
3824
3825
3834
3837
3838
3839
3840
3842
3844
3855
3865
4202
4203
4204
4205
4206
4208
4212
4213
4214
4215
4434
4216
4217
4218
4435
4219
4438
4439
4220
4221
4222
4224
4232
4300
4375
4376
4377
4378
4379
4380
4381
4382
4446
4383
4384
4385
4386
4387
4388
4390
4391
4392
4393
4394
4395
4396
4397
4400
4403
4404
4407
4408
4409
4410
4411
4412
4413
4414
4415
4416
4417
4418
4419
4420
4421
4422
4423
4424
4425
4426
4427
4428
4429
4430
4431
4432
4433
4436
4437
4844
4440
4441
4442
4443
4444
4445
4447
4448
4449
4450
4459
4460
4461
4462
4463
4464
4465
4468
4469
4472
4474
4475
4476
4509
4541
4553
4554
4555
4556
4557
4558
4559
4560
4561
4562
4563
4564
4565
4566
4567
4568
4569
4570
4575
4585
4586
4587
4588
4589
4590
4591
4592
4593
4594
4595
4596
4597
4598
4599
4600
4601
4602
4607
5002
5012
5034
5044
5053
5054
5057
5060
5073
5089
5092
5105
5149
5181
5439
5407
5442
5474
5526
5527
5532
5533
5534
5558
5559
5565
5566
5569
5572
5590
5596
5597
5601
5604
5622
5628
5629
5763
5764
5766
5767
5768
5772
5773
5777
5780
5781
5786
6540
5787
6539
5788
5789
5795
6541
5796
5798
6542
5799
6555
6543
5800
5804
6544
5805
6545
5809
6546
5812
6549
5813
6548
6556
6552
6550
6551
6554
6559
6645
6646
6564
6647
6565
6648
6649
6568
6570
6569
5818
5819
5820
5821
5826
5827
5832
5833
5835
5836
5839
5840
5843
5844
5846
5847
5849
5850
5851
5852
5858
5859
5864
5865
5867
5868
5871
5872
5875
5876
5878
5879
5881
5882
5883
5884
5978
6010
6300
6157
6189
6547
6553
6557
6558
6560
6561
6562
6563
6566
6567
6650
6651
6652
6653
6654
6655
6656
6657
6658
6659
6660
6661
6662
6663
6664
6665
6666
6667
6668
6669
6670
6750
6751
6671
6672
6673
6674
6675
6676
6677
6678
6679
6680
6681
6682
6683
6684
6685
6686
6687
6688
6689
6690
6691
6692
6693
6694
6695
6696
6697
6698
6699
6700
6701
6841
6842
6845
6702
6703
6704
6705
6706
6707
6708
6709
6710
6711
6712
6713
6714
6715
6716
6717
6718
6719
6720
6721
6722
6723
6724
6725
6726
6727
6728
6729
6730
6731
6732
6752
6753
6754
6755
6756
6757
6758
6759
6760
6761
6762
6763
6764
6765
6915
6766
6767
6768
6769
6770
6771
6772
6773
6774
6775
6776
6777
6778
6843
6844
6846
6847
6848
6849
6850
6851
6852
6853
6854
6855
6856
6857
6858
6859
6860
6861
6862
6863
6864
6865
6866
6867
6868
6869
6870
6871
6872
6916
6917
6873
6918
6874
6875
6876
6877
6878
6897
6898
6899
6900
6901
6902
6903
6921
6904
6905
6906
6907
6908
6909
6928
6931
6932
6922
6925
6926
6927
6929
6930
6933
7348
7349
7352
7353
7355
7356
7358
7359
7379
7381
7526
7527
7528
7537
7548
7557
7558
7559
7560
7561
7562
7563
7565
7566
7572
7573
7577
7578
7582
7589
7590
7591
7592
7593
7594
7595
7597
7598
7604
7605
7609
7682
7610
7614
7683
7616
7618
7619
7620
7621
7622
7623
7624
7625
7626
7691
7627
7694
7628
7629
7690
7630
7693
7697
7700
7631
7632
7633
7634
7635
7636
7813
7639
7814
7815
7640
7641
7642
7644
7645
7816
7828
7829
7646
7647
7817
7648
7649
7650
7651
7812
7652
7653
7818
7820
7819
7867
7869
7868
7654
7821
7871
7655
7656
7657
7658
7659
7660
7661
7662
7663
7870
7664
7665
7666
7667
7668
7671
7672
7673
7674
7676
7677
7678
7679
7680
7681
7684
7685
7686
7687
7688
7689
7692
7695
7696
7698
7699
7701
7703
7704
7712
7713
7721
7724
7727
7728
7731
7735
7736
7873
7872
7874
7875
7876
7879
7877
7878
7886
7883
7882
7880
7881
7884
7885
7887
7888
7889
7890
7892
7900
7891
7893
7894
7896
7895
7897
7899
7898
7901
7902
7903
7904
7905
7906
7907
7908
7909
7910
7911
7912
7913
7916
7914
7915
7917
7921
7918
7919
7920
7924
7922
7929
7923
7925
7928
7930
7926
7927
7932
7931
7933
7934
7935
7936
7937
7938
7939
7940
7941
7942
7943
7944
7945
7946
7947
7948
7950
7949
7951
7952
7953
7954
7961
7955
7956
7957
7958
7959
7960
7962
7963
7964
7965
7966
7967
7968
7969
7970
7971
7972
7973
7974
7975
7976
7979
7977
7978
7980
7981
7982
7983
7984
7985
7987
7986
7988
7989
7992
7990
7991
7993
7994
7995
7996
7997
7998
7999
8000
8001
8002
8003
8004
8005
8006
8007
8008
8009
8010
8011
8012
8013
8014
8015
8016
8018
8017
8019
8020
8021
8022
8023
8024
8025
8026
8027
8028
8029
8030
8031
8032
8033
8034
8036
8035
8037
8038
8039
8040
8041
8042
8043
8044
8045
8046
8047
8048
8049
8050
8051
8054
8053
8052
8055
8056
8057
8058
8059
8060
8061
8062
8063
8064
8065
8066
8069
8067
8068
8076
8070
8071
8072
8073
8074
8075
8083
8077
8078
8082
8079
8080
8081
8084
8085
8086
8087
8088
8089
8090
8091
8092
8093
8094
8097
8095
8096
8098
8099
8100
8101
8102
8103
8104
8105
8106
8107
8108
8109
8110
8111
8112
8113
8115
8114
8116
8117
8118
8119
8120
8121
8122
8123
8124
8127
8125
8126
8128
8129
8130
8131
8132
8133
8134
8135
8136
8137
8138
8139
8140
8141
8142
8146
8143
8144
8145
8147
8148
8149
8150
8151
8152
8153
8154
8155
8156
8157
8160
8158
8159
8161
8162
8163
8164
8165
8166
8167
8168
8169
8172
8170
8171
8175
8178
8173
8174
8176
8177
8179
8180
8181
8182
8183
8184
8185
8186
8187
8188
8189
8190
8191
8192
8193
8194
8195
8196
8197
8198
8199
8200
8201
8202
8203
8204
8205
8206
8207
8208
8209
8210
8211
8212
8213
8214
8215
8216
8217
8218
8219
8220
8221
8222
8223
8224
8225
8226
8227
8228
8229
8230
8231
8232
8233
8234
8235
8236
8237
8238
8239
8240
8241
8242
8243
8244
8245
8246
8247
8248
8249
8250
8251
8252
8253
8254
8255
8256
8257
8258
8259
8260
8261
8262
8263
8266
8264
8265
8267
8268
8269
8270
8271
8276
8272
8273
8274
8275
8277
8278
8279
8280
8281
8282
8283
8284
8285
8287
8286
8288
8289
8290
8291
8292
8293
8294
8295
8296
8297
8298
8299
8300
8301
8302
8303
8304
8305
8306
8308
8307
8309
8313
8310
8311
8312
8314
8315
8316
8317
8318
8319
8320
8321
8322
8323
8324
8325
8328
8326
8330
8327
8329
8335
8331
8332
8333
8336
8337
8334
8338
8339
8340
8341
8342
8343
8347
8344
8345
8348
8346
8349
8351
8350
8352
8353
8354
8355
8356
8360
8357
8358
8361
8359
8365
8362
8368
8363
8364
8369
8366
8367
8370
8371
8372
8373
8376
8374
8375
8377
8378
8379
8380
8448
8449
8453
8382
8451
8381
8383
8452
8384
8385
8386
8465
8462
8466
8463
8387
8388
8389
8390
8391
8392
8393
8394
8395
8396
8397
8403
8398
8399
8469
8400
8401
8470
8402
8405
8404
8408
8409
8406
8407
8410
8411
8412
8413
8435
8433
8414
8415
8434
8436
8437
8438
8441
8439
8440
8442
8443
8444
8445
8446
8447
8450
8454
8455
8456
8457
8458
8459
8460
8461
8467
8464
8468
8471
8472
8473
8474
8475
8795
8827
8896
8898
8899
8903
8904
8905
8906
8908
8913
8916
8936
8919
8920
8921
8928
8930
8931
8938
8935
8937
8940
8948
8951
8952
8953
8964
8967
8968
8971
8972
8973
8974
8975
8976
8977
9029
9038
8978
8979
9032
8980
8982
9031
8983
9035
9043
8984
8985
9042
9039
8986
8987
8988
9046
8989
9049
8990
8996
8999
9000
9003
9004
9005
9006
9007
9008
9009
9010
9011
9012
9013
9014
9015
9016
9017
9018
9019
9020
9021
9022
9023
9024
9025
9034
9026
9027
9028
9033
9030
9036
9037
9040
9041
9044
9045
9047
9196
9048
9194
9195
9050
9051
9052
9054
9053
9055
9056
9057
9058
9059
9060
9062
9065
9066
9068
9069
9072
9073
9076
9077
9079
9080
9082
9083
9084
9085
9086
9087
9111
9112
9143
9144
9158
9169
9170
9172
9171
9173
9174
9190
9197
9198
9199
9200
9208
9201
9209
9202
9203
9204
9205
9206
9207
9211
9210
9213
9212
9214
9215
9216
9217
9218
9219
9220
9221
9228
9222
9229
9223
9240
9224
9225
9227
9226
9230
9231
9232
9233
9234
9235
9236
9237
9239
9238
9241
9242
9243
9244
9245
9246
9247
9248
9249
9250
9253
9251
9252
9254
9255
9256
9257
9259
9258
9260
9265
9261
9262
9263
9264
9266
9267
9268
9269
9270
9271
9272
9273
9274
9275
9276
9277
9278
9279
9280
9281
9282
9283
9284
9285
9286
9287
9288
9289
9290
9291
9292
9293
9294
9306
9295
9296
9297
9298
9299
9303
9300
9301
9302
9307
9304
9305
9308
9309
9310
9311
9312
9313
9314
9315
9316
9317
9318
9319
9320
9323
9321
9322
9324
9325
9326
9327
9328
9329
9330
9331
9332
9333
9334
9335
9336
9337
9339
9338
9340
9341
9345
9342
9343
9344
9346
9347
9348
9349
9350
9351
9352
9353
9359
9354
9355
9356
9357
9366
9358
9360
9367
9361
9362
9363
9364
9365
9368
9369
9370
9371
9373
9372
9374
9375
9376
9377
9378
9379
9380
9381
9382
9383
9384
9385
9386
9387
9388
9389
9390
9391
9392
9393
9394
9395
9396
9397
9398
9399
9400
9401
9402
9403
9404
9405
9406
9407
9408
9409
9410
9411
9412
9413
9414
9415
9416
9417
9418
9424
9419
9420
9421
9422
9423
9425
9426
9427
9428
9429
9430
9431
9432
9433
9434
9435
9436
9437
9438
9439
9440
9441
9442
9443
9444
9445
9446
9447
9448
9449
9450
9451
9452
9454
9453
9455
9456
9457
9458
9459
9460
9461
9462
9463
9464
9465
9466
9467
9468
9469
9470
9471
9472
9473
9474
9475
9476
9477
9478
9479
9480
9481
9482
9483
9484
9485
9486
9487
9488
9489
9490
9491
9492
9493
9494
9495
9496
9497
9498
9499
9541
9540
9500
9501
9502
9503
9504
9505
9506
9507
9508
9509
9510
9511
9512
9513
9514
9515
9516
9517
9519
9518
9520
9521
9522
9523
9524
9525
9526
9527
9528
9529
9530
9531
9532
9533
9534
9535
9536
9537
9538
9539
9542
9543
9548
9544
9550
9545
9546
9547
9549
9551
9552
9600
9553
9555
9554
9556
9601
9557
9558
9559
9560
9561
9562
9563
9604
9564
9565
9606
9567
9566
9611
9612
9610
9568
9569
9623
9624
9570
9571
9621
9574
9575
9576
9577
9578
9579
9580
9582
9581
9583
9584
9585
9586
9587
9588
9589
9590
9591
9603
9592
9593
9594
9595
9605
9599
9596
9597
9598
9609
9602
9607
9608
9613
9614
9615
9616
9617
9618
9619
9620
9622
9625
9630
9631
9634
9639
9640
9654
9681
9690
9691
9696
9713
9722
9723
9748
9749
9751
9752
9753
9754
9780
9781
9783
9784
9785
9786
9909
9812
9818
9844
9850
9855
9856
9859
9861
9870
9871
9872
9873
9874
9875
9876
9878
9879
9882
9883
9884
9885
9886
9887
9888
9889
9890
9891
9892
9893
9894
9895
9896
9897
9898
9899
9900
9901
9902
9903
9904
9905
9906
9907
9908
9910
9911
9912
9913
9914
9915
9916
9917
9918
9919
9920
9921
9922
9923
9924
9925
9926
9927
9928
9929
9930
9931
9933
9932
9934
9935
9936
9937
9938
9939
9940
9941
9942
9943
9944
9950
9945
9946
9947
9948
9949
9951
9952
9953
9954
9955
9956
9957
9958
9959
9960
9961
9962
9963
9964
9965
9966
9967
9968
9969
9970
9971
9972
9973
9974
9975
9976
9977
9978
9979
9980
9981
9982
9983
9984
9985
9986
9987
9988
9989
9990
9991
9992
9993
9994
9995
10044
10043
10045
10046
10047
10048
10049
10050
10051
10052
10053
10054
10055
10056
10057
10058
10059
10060
10061
10062
10063
10064
10065
10066
10067
10068
10069
10070
10071
10072
10073
10074
10075
10076
10077
10078
10079
10080
10081
10082
10083
10099
10100
10101
10102
10103
10104
10105
10106
10107
10271
10272
10273
10274
10275
10276
10277
10278
10279
10280
10281
10282
10283
10284
10285
10286
10375
10287
10288
10289
10290
10291
10292
10293
10294
10295
10298
10296
10297
10299
10300
10301
10302
10303
10304
10305
10306
10307
10308
10309
10310
10311
10312
10314
10315
10316
10317
10318
10319
10320
10321
10322
10323
10328
10329
10330
10331
10332
10333
10337
10339
10342
10343
10347
10344
10345
10346
10348
10349
10350
10351
10352
10353
10376
10547
10378
10392
10394
10400
10555
10556
10405
10406
10408
10410
10424
10426
10433
10436
10445
10448
10450
10459
10460
10461
10462
10463
10465
10468
10477
10480
10482
10491
10492
10493
10494
10495
10499
10500
10506
10507
10509
10510
10517
10519
10520
10531
10532
10538
10539
10541
10542
10546
10548
10549
10550
10551
10552
10553
10554
10578
10579
10580
10581
10582
10583
10584
10585
10588
10587
10586
10589
10590
10591
10592
10593
10594
10595
10596
10597
10598
10599
10600
10601
10602
10603
10604
10605
10606
10607
10608
10609
10611
10610
10612
10613
10614
10615
10616
10617
10618
10619
10620
10621
10625
10622
10623
10624
10626
10627
10628
10630
10629
10632
10631
10633
10634
10635
10636
10637
10639
10638
10640
10641
10642
10643
10645
10644
10646
10647
10648
10649
10650
10651
10652
10653
10654
10655
10656
10657
10658
10659
10660
10661
10662
10663
10664
10665
10666
10667
10668
10669
10670
10671
10675
10672
10673
10674
10676
10677
10678
10679
10680
10681
10682
10683
10684
10685
10686
10687
10688
10689
10690
10691
10693
10692
10694
10695
10697
10696
10698
10699
10700
10702
10701
10703
10705
10704
10706
10708
10707
10771
10709
10710
10711
10772
10712
10773
10776
10713
10714
10715
10716
10777
10717
10778
10779
10719
10718
10783
10785
10720
10784
10786
10788
10787
10721
10722
10792
10791
10793
10723
10794
10724
10725
10727
10726
10728
10729
10730
10732
10731
10733
10734
10740
10737
10735
10736
10739
10738
10741
10742
10743
10744
10745
10746
10747
10748
10750
10751
10930
10749
10932
10757
10758
10763
10766
10774
10775
10780
10936
10934
10781
10782
10935
10937
10938
10939
10940
10941
10942
10943
10789
10790
10795
10806
10807
10812
10813
10814
10832
10833
10835
10840
10841
10842
10843
10844
10845
10846
10847
10849
10850
10864
10865
10867
10872
10873
10874
10875
10876
10877
10878
10879
10881
10882
10887
10888
10890
10891
10899
10901
10913
10914
10919
10920
10922
10923
10931
10933
10944
10945
10946
10947
10948
10949
10950
10951
10952
10953
10954
10955
10956
10957
10958
10959
10960
10961
10962
10963
10964
10965
10966
10967
10968
10969
10970
10971
10972
10973
10974
10975
10976
10977
10978
10979
10980
10981
10982
10983
10984
10985
10986
10987
10988
10989
11011
11012
11013
11014
11015
11016
11017
11018
11019
11020
11021
11022
11023
11024
11025
11026
11027
11028
11029
11030
11031
11032
11033
11034
11035
11036
11037
11038
11039
11040
11041
11042
11043
11044
11045
11046
11047
11048
11049
11050
11051
11052
11053
11054
11055
11056
11057
11058
11059
11060
11061
11062
11063
11064
11065
11066
11067
11068
11069
11070
11071
11072
11073
11074
11075
11076
11077
11078
11079
11080
11081
11082
11083
11084
11085
11086
11087
11088
11089
11090
11091
11092
11093
11094
11095
11096
11097
11098
11099
11100
11101
11102
11103
11104
11105
11106
11107
11108
11109
11110
11111
11112
11113
11114
11115
11116
11117
11118
11119
11120
11121
11122
11123
11124
11125
11126
11127
11128
11129
11130
11131
11132
11133
11134
11135
11136
11137
11138
11139
11140
11141
11142
11143
11144
11145
11146
11147
11148
11149
11150
11151
11152
11153
11154
11155
11156
11157
11158
11159
11160
11161
11162
11163
11164
11165
11166
11167
11168
11169
11170
11171
11172
11173
11174
11175
11176
11177
11178
11179
11180
11181
11182
11183
11184
11185
11186
11187
11188
11189
11190
11191
11192
11193
11194
11195
11196
11197
11198
11199
11200
11201
11202
11203
11204
11205
11206
11207
11208
11209
11210
11211
11212
11213
11214
11215
11216
11217
11218
11219
11265
11264
11267
11220
11268
11270
11269
11221
11222
11223
11224
11225
11226
11227
11228
11229
11230
11231
11232
11233
11234
11235
11236
11237
11238
11239
11240
11241
11242
11243
11244
11245
11246
11247
11248
11249
11250
11251
11252
11253
11254
11255
11256
11257
11258
11259
11260
11261
11262
11263
11266
11271
11272
11273
11274
11275
11276
11277
11278
11279
11282
11283
11290
11298
11512
11303
11515
11304
11305
11306
11307
11308
11309
11310
11532
11311
11314
11533
11536
11537
11315
11322
11334
11341
11348
11350
11366
11380
11397
11404
11405
11406
11538
11408
11409
11411
11540
11542
11544
11416
11417
11423
11429
11436
11547
11437
11438
11543
11545
11440
11548
11546
11441
11514
11550
11549
11684
11443
11448
11449
11455
11459
11460
11516
11462
11463
11518
11481
11519
11551
11517
11491
11492
11494
11495
11513
11520
11521
11522
11523
11524
11525
11526
11527
11528
11529
11530
11531
11534
11535
11539
11541
11552
11553
11554
11555
11556
11557
11558
11559
11560
11561
11562
11563
11566
11567
11571
11573
11586
11595
11600
11606
11609
11618
11627
11632
11638
11800
11832
11835
11839
11849
11850
11851
11852
11853
11854
11881
11882
11883
11884
11885
11886
11911
11943
3694
3761
11758
3117
11759
11760
3121
3122
3132
11756
3636
3637
3639
3649
4623
4813
4814
4816
4817
4819
4621
4622
4619
4620
4815
4818
4820
11761
11757
3125
3123
3124
3120
3130
3129
3131
11757
3128
3642
3644
3648
3689
3640
3120
11761
3123
3124
3125
3128
3129
3130
3131
3638
3640
3641
3643
3645
3646
3647
3638
3640
3641
3643
3645
3646
3647
3629
3690
7720
7718
7716
7717
7719
3732
3670
3735
3633
3127
3768
3723
3658
3598
3729
3712
3762
3702
3747
3724
3740
3756
3739
3734
3724
3627
3772
3727
6748
6749
6747
3739
6890
6896
6736
6733
6735
6741
10001
10002
3595
3597
3624
3627
3662
10008
6879
3671
3675
6744
10012
3684
6745
3685
3688
3703
3707
3721
3726
3727
3730
3731
3744
3753
3755
3759
3763
3766
10014
6887
3771
10023
6734
6737
6738
6739
10033
10034
6740
10040
6742
6743
6746
6880
6881
6882
6883
6884
6885
6886
6888
6889
6891
6892
6893
6894
6895
6919
6920
6923
6924
7019
7025
7026
9996
10097
10005
10098
10009
10111
10112
10114
10117
10120
10007
10122
10123
10125
10127
10128
10129
10131
10132
10011
10133
10010
10135
10139
10140
10019
10024
10020
10142
10021
10025
10143
10017
10144
10022
10018
10037
10146
10149
10152
10041
10039
10154
10155
10157
10042
10159
10160
10161
10163
10013
10164
10165
10167
10171
10172
10084
9997
10174
10175
10176
10177
9998
10178
10179
10006
10115
10015
10016
10085
10147
10086
10038
10087
10207
10090
10208
10093
10091
10092
10211
10209
10210
10109
10141
10215
10096
10110
10216
10217
10088
10108
10095
10119
10113
10126
10124
10118
10121
10130
10138
10134
10136
10137
10173
10151
10145
10153
10239
10181
10150
10158
10200
10156
10244
10199
10182
10206
10162
10169
10170
10205
10203
10168
10166
10256
10259
10258
10262
10204
10201
10265
10214
10218
10219
10268
10240
10213
258
260
261
10263
263
264
10270
265
10243
10246
9999
10237
10241
10000
457
10242
10238
673
678
10231
10249
10232
10003
918
10004
676
680
10236
1235
1236
10235
1238
1239
1240
10226
10260
1243
10248
10221
1244
10220
10254
1249
10224
1250
10247
675
1253
1254
10225
10252
10253
917
10255
10230
921
10266
1247
10026
10027
10028
5016
10029
10030
5018
10031
5019
10227
5020
5023
10032
5026
10269
5027
5031
10035
10233
10036
5028
6526
5030
10264
5029
8416
8417
1241
916
1248
919
1251
10261
10257
10089
10267
10094
10116
455
6525
6524
6531
6530
9104
9105
674
9107
677
679
10148
9110
6527
6528
5022
5024
9108
9659
9663
1246
9666
9667
9668
1245
9669
9670
9671
9672
9673
920
10180
923
922
9665
9824
453
454
9664
1252
8419
10202
456
8423
8424
8425
8428
8420
10245
8421
10212
10251
8426
10250
10222
10223
1242
9675
9676
10228
10229
9677
9660
9658
10234
9657
1237
9661
10566
10559
10565
10563
10564
9106
9103
9109
10573
10575
10577
10576
9674
259
262
1255
3118
3119
3126
3650
3651
3652
3653
3654
3655
3656
5017
5021
5025
6529
8418
8422
8427
8429
8430
8431
8432
9662
9823
10183
10184
10185
10186
10187
10188
10189
10190
10191
10192
10193
10194
10195
10196
10197
10198
10222
10223
10228
10229
10234
10313
10557
10558
10560
10561
10562
10567
10568
10569
10570
10571
10572
10574
10798
10817
10818
11316
11804
11803
11806
11805
11807
