2914
2917
2918
2921
2939
2940
2941
2942
2944
3032
3034
3036
3037
3038
3039
3152
3153
3154
3155
3156
3159
3163
3164
3222
3224
3225
3226
3229
3230
3319
3320
3328
3329
3331
3339
3340
3343
3345
3346
3349
3358
3359
3360
3361
3363
3393
3394
3395
3398
3399
3402
3403
3409
3410
3411
3412
3413
3414
3415
3416
3417
3418
3419
3420
3421
3425
3426
3427
3430
3431
3434
3435
3511
3512
3513
3516
3519
3522
3523
3525
3526
3530
3531
3532
3534
3533
3535
3536
3537
3538
3545
3548
3549
3550
3551
3554
3555
3557
3558
3562
3563
3564
3565
3566
3567
3577
3580
3581
3582
3583
3584
3592
3593
3596
3597
3598
3600
3602
3603
3604
3605
3606
3607
3608
3611
3616
3632
3634
3635
3636
3637
3638
3639
3640
3750
3752
3753
3754
3755
3758
3759
3760
3761
3764
3765
3768
3771
3781
3784
3791
3792
3793
3794
3797
3798
3799
3967
3968
3969
3971
3972
3973
3975
3977
3978
3979
3980
3981
3982
3984
3985
3986
3987
3990
3991
3992
3999
4000
4001
4003
4004
4005
4007
4010
4009
4011
4012
4013
4014
4016
4017
4018
4019
4022
4023
4024
205
206
207
208
209
210
211
212
219
220
223
228
229
234
235
236
237
238
239
2844
2847
2876
2879
2881
2882
2883
2913
2915
2916
240
241
242
243
244
251
252
255
256
257
258
260
261
262
264
265
268
269
270
271
272
273
274
275
276
277
278
279
280
281
282
283
284
285
286
287
288
289
290
291
292
293
294
296
297
300
301
302
3031
303
304
305
306
307
308
309
310
311
312
313
314
315
316
317
318
319
320
321
322
323
324
325
326
327
329
330
331
332
333
334
335
336
338
341
343
345
346
347
348
349
3150
3321
3322
350
351
352
353
354
355
356
357
358
359
361
362
363
364
365
366
367
368
370
373
375
377
378
379
380
381
382
383
385
386
390
391
394
395
396
397
399
404
406
408
409
410
411
412
413
414
415
417
418
422
423
426
427
436
438
440
441
442
443
444
445
446
447
448
449
450
451
453
454
455
456
457
458
459
460
461
462
463
464
465
467
468
471
473
3546
3578
480
481
482
483
485
486
487
488
489
490
491
492
493
494
495
496
497
499
500
798
799
800
801
830
831
832
833
834
835
836
837
838
839
840
841
842
843
844
845
846
847
848
849
850
851
852
853
856
858
859
860
861
854
857
862
863
864
865
866
867
868
869
870
871
872
873
874
875
876
877
879
880
881
3963
3965
3966
882
878
883
884
885
886
888
889
890
891
892
893
894
895
896
897
898
899
900
902
903
904
905
906
907
908
909
911
912
913
915
916
918
919
3983
928
929
930
931
932
934
935
936
937
938
939
940
941
943
944
945
947
950
951
4015
960
961
962
963
966
967
974
989
990
991
992
993
994
995
998
999
1021
1022
1023
1024
1025
1027
1028
1029
1030
1031
1032
1033
1034
1035
1036
1037
1038
1039
1040
1041
1042
1043
1044
1045
1046
1047
1048
1049
1050
1051
1052
1053
1054
1055
1056
1057
1059
1060
1061
1062
1063
1064
1065
1066
1067
1068
1069
1070
1071
1072
1073
1074
1075
1076
1077
1078
1079
1080
1081
1082
1083
1084
1085
1086
1087
1088
1089
1090
1091
1093
1095
1096
1109
1111
1112
1113
1114
1115
1116
1119
1120
1121
1122
1123
1125
1127
1128
1129
1130
1131
1132
1133
1134
1141
1143
1144
1145
1146
1147
1148
1151
1152
1153
1154
1160
1161
1162
1159
1165
1168
1170
1171
1167
1183
1184
1185
1186
1191
1192
1193
1194
1197
1200
1169
1180
1177
1176
1173
1174
1175
1172
1202
1203
1181
1178
1179
1182
1215
1217
1199
1206
1205
1210
1207
1201
1204
1209
1226
1227
1208
1211
1214
1212
1213
1228
1235
1236
1237
1238
1239
1240
1242
1243
1230
1229
1246
1247
1249
1231
1232
1258
1234
1241
1259
1244
1251
1252
1267
1268
1269
1270
1271
1272
1274
1275
1263
1278
1260
1279
1280
1261
1298
1262
1264
1266
1307
1276
1273
1312
1508
1509
1510
1511
1512
1513
1514
1515
1516
1517
1518
1519
1520
1521
1522
1523
1524
1525
1526
1527
1528
1529
1531
1532
1534
1537
1538
1540
1545
1546
1547
1548
1549
1550
1552
1554
948
1555
1556
1557
1577
1578
1579
1580
1581
1582
1584
1586
1587
1588
1589
1590
1607
1610
1639
1642
1679
1680
1686
1689
1690
1691
1692
1694
1110
1142
1155
1156
1157
1158
1711
1712
1718
1721
1722
1723
1724
1726
1729
1731
1732
1733
1734
1735
1737
1738
1745
1746
1747
1748
1749
1166
1750
1751
1753
1754
1755
1761
1763
1764
1765
1766
1767
1769
1770
1777
1778
1779
1780
1781
1187
1188
1189
1190
1198
1782
1783
1785
1786
1804
1805
1836
1837
1857
1863
1864
1865
1866
1869
1870
1871
1872
1874
1875
1877
1878
1879
1882
1883
1885
1886
1889
1895
1896
1897
1898
1901
1902
1904
1906
1907
1909
1910
1911
1914
1915
1917
1918
1920
1922
1924
1925
1932
1933
1934
1939
1940
1941
1942
1945
1946
1948
1949
1951
1952
1954
1956
1957
1964
1965
1966
1971
1972
1973
1974
1977
1978
1980
1981
1983
1987
1990
1991
1992
1993
1995
2022
2023
2024
2025
2027
2028
2029
2030
2031
2034
2084
2087
2090
2091
2092
2095
2098
2104
2115
2116
2117
2118
2121
2122
2174
2175
2176
2178
2180
2181
2182
2183
2184
2185
2186
2187
2188
2189
2190
2191
2193
2194
2195
2196
2197
2202
2203
2204
2205
2207
2208
2210
2212
2213
2214
2215
2216
2217
2218
2219
2220
2221
2222
2223
2225
2226
2227
2228
2229
2234
2235
2236
2237
2239
2240
2241
2242
2243
2246
2248
2249
2250
2251
2252
2254
2256
2257
2258
2259
2260
2261
2262
2263
2264
2269
2280
2281
2282
2283
2284
2286
2288
2289
2290
2291
2292
2293
2294
2295
2296
2301
2303
2304
2305
2307
2308
2309
2310
2311
2312
2313
2314
2317
2323
2326
2330
2331
2332
2336
2337
2339
2340
2341
2342
2343
2344
2345
2346
2349
2355
2358
2362
2363
2364
2369
2372
2375
2376
2377
2378
2379
2380
2381
2382
2383
2384
2385
2394
2395
2398
2399
2401
2404
2407
2408
2409
2410
2411
2412
2413
2414
2415
2416
2417
2418
2419
2420
2421
2423
2424
2425
2426
2427
2430
2431
2434
2437
2442
2443
2444
2445
2451
2452
2456
2457
2483
2484
2488
2489
2504
2505
2506
2507
2508
2511
2512
2513
2760
2773
2774
2775
2771
2778
2779
2780
2781
2782
2792
1903
2805
2806
2803
2807
2810
2811
2812
2813
2814
2816
2817
2818
2819
2820
2821
2824
2825
2826
2833
2834
2842
2845
2848
2849
2850
2851
2852
2853
2856
2857
2858
2860
2865
2866
2874
2877
3021
3024
3324
2333
2334
2335
2365
2366
2367
3928
3929
3930
3932
3935
3937
3938
3941
3942
3943
3947
3948
3949
3950
3951
3952
3953
3954
3955
3956
3957
3960
3961
3962
3964
2761
2762
2763
2764
2772
2776
2777
2783
2793
2794
2795
2796
2804
2808
2809
2815
3926
3931
3933
3934
3945
3958
2198
2199
2200
2230
2231
2232
2830
2862
2885
2887
2886
2889
2890
2919
202
203
204
339
340
342
344
371
372
374
376
392
424
452
474
475
476
477
479
484
901
910
914
920
921
922
923
924
933
942
946
952
953
954
955
956
2828
2884
2503
2509
2516
2518
2519
2520
2521
2534
2535
2536
2537
2538
2539
2540
2541
2543
2544
2545
2548
2550
2551
2552
2553
2569
2578
2579
2582
2583
2584
2585
2588
2601
2610
2611
2614
2615
2616
2617
2620
2624
2626
2627
2637
2639
2640
2644
2645
2648
2649
2669
2671
2672
2676
2677
2680
2681
2698
2702
2712
2714
2718
2730
2750
2759
2765
2766
2768
2769
2791
2797
2798
2800
2829
2831
2832
2801
2823
2837
2861
2863
2864
2869
2855
2880
2888
2893
2894
2912
2920
3323
3396
3401
3405
3406
3422
3424
3428
3433
3437
3438
3441
3442
3443
3444
3445
3446
3447
3448
3449
3450
3451
3454
3458
3452
3453
3460
3461
3464
3467
3468
3470
3471
3473
3474
3477
3478
3479
3480
3482
3483
3484
3485
3486
3487
3490
3481
3492
3493
3496
3499
3500
3510
3514
3515
3517
3518
2501
2502
3624
3625
2533
3628
3629
3630
3643
2567
3736
3732
3733
3739
2599
168
169
174
175
176
178
181
183
184
186
187
188
2707
192
195
196
224
227
266
267
295
298
299
337
369
640
641
642
643
644
645
646
647
648
672
673
674
675
676
677
678
679
680
684
685
688
689
691
692
693
694
696
700
702
704
705
707
708
709
710
711
712
714
715
716
717
718
719
720
723
724
725
726
727
728
729
730
731
732
734
736
737
738
739
740
741
742
743
744
746
747
748
749
750
751
752
755
756
757
758
759
760
761
762
763
764
766
768
769
772
773
774
775
778
779
783
784
787
788
797
804
805
806
807
810
811
815
816
819
820
829
3648
3651
3652
3679
3680
3683
3684
3735
3740
3744
3745
3748
3749
3767
3772
263
2568
2600
2688
2689
2690
2691
2692
2693
2694
2699
2700
2701
2704
2706
2708
2709
2710
2711
2713
2717
2719
2720
2721
2722
2723
2724
2725
2726
2731
2749
2751
2859
2923
2924
2926
2929
2932
2981
3003
3325
3326
3330
3332
3335
3338
3341
3342
3344
3347
3348
3351
3352
3353
3354
3355
3356
3357
3362
3456
3459
3472
3475
3476
3488
3491
3587
3588
3589
3590
3591
3594
3595
3601
3610
3619
3620
3621
3622
3623
3626
3627
3633
3642
3653
3654
3685
3686
3734
3741
3742
3743
3756
3757
3762
3763
3766
3773
3774
3775
3785
3786
3787
3788
3789
3795
3796
3800
3801
3802
3804
3805
3806
3807
3813
3816
3817
3818
3819
3820
3821
3823
3824
3825
3826
3827
3828
3829
3830
3831
3832
3833
3834
3835
3836
3837
3838
3839
3840
3841
3842
3843
3844
3845
3846
3847
3848
3849
3850
3851
3852
3853
3854
3855
3856
3857
3858
3860
3861
3862
3863
3864
3866
3867
3868
3869
3870
3872
3873
3874
3875
3876
3877
3878
3879
3880
3881
3882
3883
3884
3885
3886
3887
3888
3889
3890
3892
3893
3894
3895
3896
3898
3899
3900
3901
3902
3904
3905
3906
3908
3909
3910
3911
3912
3913
3914
3915
3916
3917
3918
3919
3920
3921
3922
3923
3924
3925
3936
3940
3944
3946
3994
3995
3996
3997
3998
2827
2875
1216
1218
1245
1248
1250
1253
1254
1277
1297
2843
2854
2822
2922
2896
2897
2898
2899
2903
2900
2904
2905
2906
2907
2908
2909
2910
2938
3005
3011
3012
3014
3016
3043
3988
4020
1330
1344
1345
1346
1347
1350
1351
1359
1361
1362
1365
1366
1367
1372
1374
1375
1376
1377
1378
1379
1382
1383
1406
1407
1409
1412
1413
1416
1417
1441
1444
1445
1448
1449
1474
1476
1477
1478
1481
1482
1500
1501
1502
1503
1504
1506
2895
1860
1867
1892
1899
2606
190
191
2574
3527
3559
1327
328
360
478
1163
1164
1195
1196
1225
1255
1256
1257
1603
1616
1617
1619
1623
1625
1628
1631
1635
1648
1649
1651
1655
1657
1660
1663
1665
1666
1667
1669
1670
1671
1673
1674
1678
1682
1685
1687
1693
1695
1697
1698
1699
1701
1702
1703
1705
1706
1710
1714
1717
1719
1725
1727
1868
1900
2253
2255
2265
2266
2267
2268
2270
2285
2287
2297
2298
2299
2300
2306
2316
2318
2319
2320
2321
2322
2324
2325
2329
2338
2348
2350
2351
2352
2353
2354
2356
2357
2361
2373
2374
2396
2405
2428
2790
1984
2371
2403
2406
2925
2767
2799
0
1
2
3
5
25
26
27
32
33
34
35
37
95
96
98
100
101
103
104
105
106
107
109
127
129
130
131
132
142
143
146
147
149
150
151
152
153
156
158
157
159
162
161
163
164
165
167
166
179
182
189
649
650
652
655
658
659
662
668
669
681
682
687
690
925
926
927
957
958
959
1295
1876
1908
2052
2072
2126
2125
2129
2130
2142
2136
2139
2143
2147
2148
2140
2149
2150
2153
2154
2157
2158
2161
2162
2168
2171
2172
2245
2271
2272
2273
2274
2275
2277
2278
28
2436
2440
2441
2447
2448
2446
2450
2455
2454
2449
2460
2463
2469
2468
2472
2473
2474
2475
2476
2477
2479
2480
2478
2487
2486
2481
2482
2492
2495
29
30
41
42
44
45
46
48
133
2466
180
2928
2934
2930
2933
2935
2937
1858
1859
1862
1880
1887
1890
1891
1894
1912
1919
1583
1923
1955
1309
1341
1364
1370
1479
1480
1677
1681
1683
1684
1688
1709
1713
1715
1716
1720
1728
1730
1736
1739
1740
1743
1741
1742
1744
1752
1756
1757
1758
1760
1762
1768
1771
1773
1772
1774
1775
1776
1784
1787
1788
1789
1790
1792
1793
1794
1796
1797
1799
1798
1801
1802
1803
1824
1826
1833
1829
1825
1830
1831
1828
1834
1835
2120
2123
2124
2133
2134
2135
2137
2141
2152
2155
2156
2165
2166
2167
2169
2173
2192
2224
2244
2247
2276
2279
2397
2429
2433
2435
2438
2439
2458
2459
2461
2462
2465
2467
2470
2471
2490
2491
2493
2494
2510
2936
3462
3463
3466
3494
3495
3498
984
1533
1535
2927
2931
2927
2931
1026
1058
3051
3054
3055
3064
3066
3068
3069
3070
3071
3078
3081
3082
3083
3087
3088
3102
3110
3113
3114
3115
3119
3120
1620
1652
1672
1704
3018
2114
3019
3020
3023
3030
3046
3048
3050
3053
3056
3062
3063
3084
3085
3086
3089
3090
3093
3095
3103
3116
3117
3118
3121
3122
3125
3751
3004
3006
3007
3008
3009
3010
3015
3017
3022
3025
3026
3027
3029
3040
3041
3042
3528
3529
3560
3561
3970
3976
3989
3993
4002
4006
4008
4021
695
697
699
2302
1097
1099
1100
1101
1102
1103
1104
1107
1126
1135
1136
1138
1139
1094
1098
1106
2836
2838
2839
2840
2841
2846
2868
2870
2871
2872
2873
2878
2980
2983
2985
2986
2988
2989
2990
2991
2992
2994
3586
3618
3974
2835
2867
4028
4034
4035
4036
4031
4037
4040
4041
4043
4044
4048
4049
4052
4053
4066
4067
4068
4069
4072
4073
4075
4076
4233
4235
4236
4237
4238
4239
4240
4241
4242
4243
4244
4245
4246
4247
4249
4251
4254
4255
4258
4259
4262
4263
4265
4266
4267
4268
4269
4270
4271
4272
4273
4274
4275
4276
4277
4278
4279
4281
4283
4286
4287
4288
4289
4290
4293
4294
4297
4300
4307
4308
4309
4310
4313
4314
4316
4318
4319
4320
4321
4322
4325
4326
4329
4332
4339
4340
4341
4342
4345
4346
4348
4350
4351
4352
4353
4354
4356
4358
4359
4362
4363
4364
4366
4368
4369
4370
4371
4372
4373
4374
4375
4376
4377
4378
4381
4382
4032
4033
4039
4062
4064
4065
4071
4230
4231
4234
2571
2603
3903
1329
3676
3678
3696
3699
3701
3702
1368
1371
1373
22
23
128
160
636
637
638
639
683
1921
1926
1927
1930
1931
1936
1944
1950
1953
1958
1959
1962
1963
1968
1976
1982
2032
2035
2036
2040
2043
2046
2047
2048
2051
2053
2074
2075
2076
2079
2080
2083
2085
2088
2089
2106
2107
2108
2111
31
38
39
47
49
50
51
52
53
54
57
58
60
61
63
64
66
71
72
73
75
76
79
80
503
505
530
533
535
536
562
565
567
568
581
582
583
584
585
586
592
595
598
599
613
614
615
616
617
618
624
627
630
631
770
771
802
803
1541
1884
1916
2073
2105
2112
2144
2758
24
55
56
67
68
69
77
506
507
1117
1118
1149
1150
2110
2113
3803
3521
3539
3540
3541
3542
3543
3547
3553
3568
3569
3570
3571
3572
3573
3574
3575
3579
3907
3939
3927
3959
217
218
250
2496
2498
2499
2528
2530
2531
3790
3599
3631
3698
398
428
429
430
431
1536
1539
2039
2041
2042
2044
2049
2050
2055
2058
2059
2060
2061
2065
2067
2068
2069
2070
2071
2078
2081
2082
2093
2097
2099
2100
2101
2102
2103
2063
2066
3094
3126
97
99
102
108
508
2703
2705
509
2177
2179
2209
2211
2368
2400
2572
2604
1935
1967
1986
1988
1989
213
701
982
985
1339
698
197
510
511
1422
1423
1425
1431
1433
2037
2038
1294
1326
3423
3455
170
171
172
173
177
185
193
194
200
201
214
215
216
221
222
225
226
232
233
253
254
384
387
388
389
393
400
401
402
403
405
407
416
419
420
421
425
437
439
466
469
470
472
498
633
634
635
686
703
713
721
722
733
735
745
753
754
765
767
776
777
780
781
782
785
786
808
809
812
813
814
817
818
821
822
823
824
825
826
827
828
855
887
917
949
964
965
968
969
970
971
972
973
975
976
977
978
979
980
981
983
986
987
988
996
997
1020
1092
1108
1124
1137
1140
1233
1265
1576
1585
1591
1592
1593
1594
1595
1596
1597
1598
1599
1600
1601
1602
1604
1605
1606
1608
1609
1611
1612
1613
1614
1615
1618
1621
1622
1624
1626
1627
1629
1630
1632
1633
1634
1636
1637
1638
1640
1641
1643
1644
1645
1646
1647
1650
1653
1654
1656
1658
1659
1661
1662
1664
1668
1675
1676
1696
1700
1707
1708
1759
1806
1807
1808
1809
1810
1811
1812
1813
1814
1815
1816
1817
1818
1819
1820
1821
1822
1823
1827
1832
1838
1839
1840
1841
1842
1843
1844
1845
1846
1847
1848
1849
1850
1851
1852
1853
1854
1855
1856
1881
1888
1893
1905
1913
1928
1929
1937
1938
1943
1947
1960
1961
1969
1970
1975
1979
1985
1994
2026
2033
2086
2094
2096
2109
2119
2201
2206
2233
2238
2315
2327
2328
2347
2359
2360
2370
2402
2422
2432
2453
2485
2497
2500
2770
2784
2785
2786
2787
2788
2789
2802
2911
2943
2979
2982
2984
2987
2993
3001
3002
3013
3028
3033
3035
3148
3149
3151
3157
3158
3160
3161
3162
3223
3227
3228
3327
3333
3334
3336
3337
3350
3397
3400
3404
3407
3408
3429
3432
3520
3524
3544
3552
3556
3576
3585
3609
3612
3613
3614
3615
3617
3641
3769
3770
3776
3777
3778
3779
3780
3782
3783
144
154
155
653
656
657
660
661
664
1220
1222
1223
1224
1284
1289
1290
1293
1296
1299
1301
1219
1316
1321
1322
1325
1328
1331
1333
1530
1542
1543
1544
1551
1558
1560
1563
1564
1565
1567
1568
670
1569
1570
1572
1573
1574
1575
2145
1221
3814
1304
1305
1306
1308
1310
1311
1313
1314
1315
1317
1318
1319
1320
3044
3065
3067
3072
3073
3074
3075
3077
3079
3080
3092
3097
3098
3100
3101
3104
3105
3106
3107
3109
3111
3112
3124
3129
3130
3132
3133
3137
3140
3134
3143
3144
3145
3146
3147
2747
2748
2752
2753
2754
2755
2756
3052
3127
3135
3646
3677
3687
3688
3689
3690
3691
3692
3693
3694
3695
3697
3700
3709
3712
3714
3715
3708
3710
3718
3719
3720
3721
3722
3723
3724
3725
3726
3727
3728
3729
3738
3746
3747
3703
3711
2517
2549
2570
2602
1415
1418
1419
1420
1421
1442
1443
1446
1447
1475
1505
1507
1861
1873
2127
2128
2131
2132
2138
2146
2151
1408
501
2514
2515
2522
2523
2524
2525
2532
2542
2546
2547
2554
2555
2556
2557
2561
2562
2565
2566
2573
2575
2576
2577
2593
2594
2597
2598
2605
2607
2608
2609
2628
2629
2636
2638
2642
2643
2668
2670
2674
2675
2682
2685
2696
2697
2715
2728
2729
2734
2738
2741
2745
2757
3465
3469
3497
2744
2746
2739
3713
3716
3717
1281
1282
1283
1285
1287
1291
1292
1300
1302
1303
1323
1324
1332
1334
1335
1336
1337
1338
1340
1342
1343
1348
1349
1352
1353
1354
1356
1357
1360
1363
1369
1380
1381
1384
1385
1386
1388
1389
1411
2732
2733
2735
2736
2737
135
136
137
139
145
148
502
504
600
601
632
3366
3371
3372
3374
3376
3377
3378
3375
3390
3391
3502
3503
3505
3506
3509
3737
59
62
70
74
78
82
89
91
92
93
3381
706
3384
3387
3392
3045
2564
2581
2586
2589
2590
2716
2743
1553
1559
1561
2387
2388
2390
2391
4
36
40
2386
2389
2392
2393
2389
2392
2393
2464
2740
2591
2623
3731
134
140
141
2560
2592
1105
138
198
433
532
564
789
791
792
794
796
1387
1390
1391
1355
1358
1393
1394
1397
1399
1400
1404
2056
2057
1398
2529
1401
2727
3730
1410
1414
1426
1424
1430
1427
1434
1428
1436
1429
1432
1435
1437
1438
1439
1450
1440
1451
1453
1455
1456
1458
1459
1460
1461
1463
1464
1462
1466
1467
1469
1468
1470
1471
1483
1484
1485
1486
1487
1489
1490
1491
1493
1494
1495
1496
1498
1499
2619
259
1006
230
231
2596
2613
2618
2621
2622
2641
2673
3504
3507
3508
3187
3185
3188
3191
3195
3196
3166
3165
3167
3168
3171
3172
3173
3174
3177
3180
3181
3183
3189
3192
3193
3190
3194
3197
3256
3198
3254
3257
3200
3201
3199
3258
3203
3204
3261
3208
3262
3292
3205
3206
3209
3210
3207
3211
3213
3299
3214
3300
3215
3216
3221
3220
3231
3232
3219
3233
3235
3236
3237
3238
3239
3240
3243
3241
3245
3242
3246
3247
3251
3248
3253
3252
3255
3260
3293
3294
3295
3296
3297
3298
3302
3301
3304
3303
3307
3305
3306
3318
3383
3385
2647
3897
4229
4248
4250
4252
4253
4257
4261
4280
4282
4284
4285
4291
4296
4295
4292
4299
4298
4301
4303
4302
4306
4304
4311
4312
4305
4315
4323
4324
4327
4328
4330
4331
4333
4334
4336
4335
4337
4338
4343
4344
4347
4361
4380
4383
2683
2679
2641
2647
2673
2679
2683
3182
3184
3186
3891
3379
3388
3386
3389
3380
4384
4386
4387
4389
4395
4403
4406
4408
4409
4410
4413
4414
4412
4415
4027
4026
4030
4029
4398
4396
4399
4400
4401
4405
4407
4417
4418
4419
4420
2742
603
3364
3367
3370
3373
4388
4390
4411
3076
3096
3099
3108
3128
3131
3136
3808
2160
3439
2901
666
663
667
2902
2996
3811
3809
3822
2998
2995
3810
3812
2999
2997
3815
3000
1016
2526
2558
2563
2587
2559
3436
2527
3440
3457
2580
3489
3644
3645
3647
3649
3650
3681
3682
432
435
434
2891
2891
2170
2159
2163
2164
4045
4046
4080
4081
4077
4078
4084
4085
4106
4107
4108
4109
4110
4104
4113
4097
4120
4123
4124
4127
4133
4134
4137
4138
4139
4140
4142
4136
4141
4145
4152
4155
4156
4159
4129
4170
4172
4173
4176
4177
4180
4182
4184
4191
4202
4204
4205
4208
4212
4214
4216
4223
4224
4225
4226
4227
4256
4232
4264
4047
4051
4079
4083
4086
4087
4088
4101
4102
4105
4161
4162
4163
3308
4164
4165
4166
4167
4168
4169
4183
4186
4187
4190
4193
4194
4195
4196
4197
4198
4199
4200
4201
4215
4218
4219
4222
43
512
515
516
517
518
519
521
522
523
524
525
526
527
528
529
531
534
537
538
539
540
541
542
543
544
545
546
547
548
549
550
551
552
553
554
555
556
557
558
559
560
561
563
566
569
1000
1001
1002
1003
1004
1005
1007
1008
1009
1010
1011
1012
1013
1014
1015
1017
1018
2892
10
16
1996
1998
2002
1997
1999
2019
2015
2014
2016
2013
2020
13
2003
2000
2004
9
12
14
16
9
10
12
13
14
2045
3365
3369
3501
1286
1288
3365
3368
3369
3382
3501
513
514
520
1019
3365
3368
3369
3382
3501
3859
3865
3871
3365
3368
3369
1286
1288
3365
3368
3382
3369
3382
3501
3501
1286
1288
3365
3368
3369
3382
3501
1286
1288
3365
3368
3369
3382
3501
1286
1288
3365
3368
3369
3382
2017
2011
2018
7
17
18
19
20
21
245
246
247
248
249
2077
6
7
8
11
15
17
18
19
20
21
245
246
247
248
249
2077
2595
2612
2625
2630
2631
2632
2633
2634
2635
2646
2667
2678
2684
2686
2687
2695
2077
2595
2612
2625
2630
2631
2632
2633
2634
2635
2646
2667
2678
2684
2686
2687
2695
570
571
572
573
574
575
576
577
578
579
580
587
621
623
625
628
629
2976
2949
2971
2949
2973
2971
2973
2945
2946
2947
2948
2950
2951
2952
2953
2954
2955
2956
2957
2958
2959
2960
2961
2962
2963
2964
2965
2966
2967
2968
2969
2970
2972
2974
2975
2977
2978
2948
2951
2953
2954
2956
2957
2958
2959
2960
2962
2963
2964
2965
2966
2967
2968
2969
2970
2975
2977
2978
2001
2005
2006
2007
2009
2008
2010
2012
2021
2064
2054
2062
3057
2651
3061
2659
2663
2666
2658
2650
2660
2656
2662
2661
2665
2664
3291
3274
3249
3265
3268
3217
3269
3272
3277
3278
3270
3244
3273
3276
3212
3279
3275
3286
3282
3283
3281
3271
3285
3287
3288
3289
3290
1800
