439
440
441
442
443
444
445
446
447
448
450
452
453
454
455
456
457
458
459
460
461
462
463
464
467
479
480
482
484
485
486
487
488
489
490
491
492
493
494
495
496
499
500
503
504
506
511
523
661
663
664
720
721
722
723
724
726
728
729
730
731
732
733
734
735
736
740
739
743
741
738
744
742
745
746
747
748
749
750
751
752
753
754
755
756
758
760
761
762
763
764
765
766
767
768
769
770
771
772
773
774
775
776
778
779
780
782
783
784
786
787
788
789
790
792
793
794
795
797
798
1134
1135
1136
1137
1138
1139
1140
1141
1142
1144
1145
1146
1147
1148
1149
1150
1151
1152
1153
1155
1156
1157
1158
1159
1160
1161
1162
1163
1165
1166
1164
1169
1171
1173
1174
1175
1176
1177
1178
1179
1180
1181
1583
1584
1585
1586
1587
1588
1589
1590
1591
1592
1593
1594
1595
1596
1597
1598
1600
1602
1950
1951
1952
1953
1954
1955
1957
1958
1956
1959
1960
1962
1961
1964
1965
1963
1982
1983
1986
1988
1989
1993
1994
1997
1998
1999
2000
2001
2003
2002
2006
2007
2008
2010
2011
2012
2015
2018
2020
2021
2025
2026
2029
2030
2031
2032
2033
2034
2035
2039
2040
2038
2042
2043
2044
2047
2048
2094
2096
2098
2099
2100
2101
2102
2103
2115
2116
2117
2118
2119
2120
2121
2123
2124
2122
2125
2126
2127
2129
2128
2130
2131
2132
2133
2134
2135
2136
2137
2138
2139
2140
2141
2142
2143
2147
2148
2149
2150
2151
2152
2153
2154
2155
2156
2159
2157
2158
2160
2162
2161
2093
2164
2165
2163
2166
2167
2168
2169
2110
2170
2171
2172
2173
2174
2175
2176
2177
2178
2179
2180
2181
2182
2183
2184
2185
2186
2188
2189
2190
2191
2192
2193
449
451
465
466
481
483
497
498
501
2194
2195
2197
2198
2199
2196
2200
2201
2202
2208
2209
2210
2211
2212
2213
2214
2215
2216
2217
2218
2220
2221
2222
2223
2224
2225
2226
2227
2228
2229
2230
2231
2232
2233
2234
519
522
725
727
737
2240
2242
2243
2241
2244
2245
2246
2247
2248
2249
2250
2251
2252
2253
2254
2255
2256
2257
2258
2259
2260
2261
2262
2263
2265
2266
2269
2270
2272
2273
2274
2275
2276
2277
2278
2279
2280
2281
2282
2283
2284
2285
2286
2287
757
759
777
2288
2289
2290
2291
2292
2293
2294
2295
2297
2298
2301
2302
2304
2305
2306
2307
2308
2309
2310
2311
2312
2313
2314
2315
2316
2317
2318
2319
2320
2321
2322
2323
2324
2325
2326
2329
2331
2332
2333
2334
2335
2336
2337
2338
2339
2340
796
2341
2342
2343
2344
1172
2346
2345
2347
2348
2349
2350
2351
2352
2353
2354
2355
2356
2357
2358
1599
1601
2361
2363
2364
2365
2366
2367
2368
2369
2371
2372
2373
2374
2375
2376
2377
2378
2380
2403
2404
2405
2406
2407
2408
2409
2410
2412
3029
3031
3032
3033
3036
3037
3042
3043
3044
3046
3047
3050
3051
3068
3069
3075
3076
3077
3079
2379
3080
3081
3082
3085
3089
3092
3093
3096
3097
3098
2411
3099
3100
2111
2112
2113
2114
2144
2145
2146
3107
3108
3109
3111
3112
3113
3114
3117
3121
3124
3125
3128
3129
3130
3131
3132
3136
3153
3154
3155
3156
3158
3159
3160
3161
3162
3163
3164
3073
3165
3166
3167
3501
3502
3503
3505
3507
2327
2328
2330
3074
3508
3509
3510
3511
3512
3513
3514
2359
2360
2362
3540
3541
3115
3103
3105
3102
3116
3547
3549
3550
3551
3083
3072
3552
3553
3554
3556
3557
3084
3086
3087
3088
3090
3091
3558
3559
3560
3561
3562
3563
3564
3565
3566
3567
3568
3094
3095
3101
3104
3569
3570
3571
3572
3573
3133
3579
3581
3582
3583
3584
3587
3588
3589
3590
3591
3592
3593
3595
3596
3598
3599
3600
3601
3603
3106
3616
3619
3620
3621
3622
3623
3624
3625
3627
3628
3630
3631
3632
3633
3648
3649
3651
3118
3119
3120
3122
3123
3126
3652
3127
3653
3654
3655
3656
3657
3658
3659
3660
3661
3662
3663
3664
3665
3666
3134
3135
3667
3668
3669
3670
3680
3681
3683
3684
3685
3686
3687
3688
3689
3690
3691
3692
3693
3694
3695
3696
3697
3698
3699
3700
3701
3702
3727
3728
3729
3730
3731
3732
3733
3734
3735
3736
3737
3738
3739
3740
3742
3743
3744
3745
3746
3157
3749
3750
3774
3775
3776
3777
3778
3779
3780
3781
3782
3783
3784
3785
3786
3787
3790
3793
3796
3797
3799
3800
3802
3803
3804
3805
3806
3807
3808
3809
3810
3811
3504
3812
3813
3814
3815
3816
3817
3818
3819
3516
3822
3825
3542
3543
3828
3829
3831
3832
3834
3835
3836
3837
3838
3839
3840
3841
3842
3843
3844
3845
3846
3847
3544
3545
3546
3854
3574
3575
3576
3577
3863
3864
3865
3866
3867
3868
3869
3870
3871
3872
3873
3874
3875
3876
3877
3578
3878
3879
3886
4048
4049
3650
4051
4052
4053
4054
4055
4056
4057
4058
4059
4060
4062
4063
4064
4065
4066
4067
4068
4069
4070
4071
4072
4073
4074
4075
3682
4076
4080
4081
4082
4083
4084
4085
4086
4087
4088
4089
4090
4091
4092
4094
4095
4096
4097
4098
3788
3789
3791
3792
3794
3795
3798
3801
4099
4100
4101
4102
4103
4104
4105
4106
4107
4108
4111
4112
4113
4114
4115
4118
4119
4123
4124
4125
4126
4128
4145
4146
4147
4150
4151
4155
4156
4157
4158
4160
3820
4162
4170
4171
3821
3823
3824
3826
3827
3830
3833
3849
468
471
472
3855
3856
3860
781
791
819
823
820
821
822
824
825
826
827
828
829
830
831
832
833
834
835
836
837
838
1143
1154
1168
1167
1170
1182
1459
1460
1461
1462
1463
1464
1465
1466
1467
1468
1469
1470
1471
1472
1473
1474
1475
1476
1477
1498
1499
1500
1501
1502
1503
1504
1505
1506
1507
1508
1509
1510
3881
1511
1512
1513
1516
1517
1519
1520
1521
1524
3887
3888
1523
1514
1515
1525
4050
1526
1527
1528
1529
1530
1531
1532
1533
1534
1535
1536
1538
1537
1560
1561
1562
1563
1564
1565
1566
1539
1518
1569
1568
1572
1571
1570
1573
1574
1578
1575
1577
1576
1579
1580
1581
1582
1643
1644
1645
1646
1647
1648
1649
1650
1651
1652
1653
1654
1656
1657
1658
1659
1660
1661
1662
1663
4061
1665
1670
1678
1680
1671
1672
1675
4077
1681
1685
1686
1687
1689
1690
1691
4093
1694
1673
1702
1697
1703
1710
1704
1707
1712
1713
1717
1718
1719
1721
1722
1723
4121
1726
1728
1729
4153
1730
1688
1683
1731
1732
1733
1735
1736
1734
1706
1684
1738
1682
1737
1674
1739
1740
4186
1741
1742
1743
1744
1745
1692
1693
1747
1748
1695
1749
1705
1750
1751
1752
1753
1754
4218
1755
1756
1757
1758
1759
1760
1714
1761
1762
1763
1764
1765
1767
1716
1766
1768
1771
1769
1770
1772
1773
1774
1775
1776
1777
1779
1780
1781
1782
469
470
1783
1784
1785
1786
1787
1788
1789
1720
1790
1791
1792
1793
1794
1715
1795
1796
1797
1798
502
1799
1800
1801
1803
1804
1805
1806
1807
1802
1808
1809
1810
1811
1812
1813
1814
1725
1724
1815
1816
1817
1818
1819
1820
1821
1822
1824
1825
1826
1827
1828
1829
1830
1831
1727
1832
1833
1835
1836
1837
1838
1839
1834
1840
1841
1842
1843
1844
1845
1846
1847
1848
1849
1850
1851
1852
1853
1854
1856
1857
1858
1855
1859
1860
1861
1862
1863
1864
1866
1867
1868
1869
1870
1871
1872
1873
1874
1875
1877
1878
1876
1879
1880
1881
1882
1883
1884
1885
1886
1887
1888
1889
1890
1891
1892
1893
1894
1920
1921
1922
1923
1924
1567
1925
1926
1927
1928
1929
1930
1931
1932
1933
1934
1935
1936
1937
1938
1939
1940
1941
1942
1943
1944
1945
1946
1947
1948
1949
1966
1967
1968
1969
1970
1971
1972
1973
1974
1975
1976
1977
1978
1979
1980
1981
1676
1677
1679
2649
2650
2651
2652
2653
2654
2655
2656
2657
2658
2659
2660
2661
2662
2663
2664
2665
2667
2668
2669
2670
2671
2672
2673
2674
2675
2676
2677
2678
2681
2682
1708
1709
1711
2683
2684
2685
2686
2687
2688
2666
2689
2690
2692
2693
2695
2696
2697
2699
2700
2701
2702
2703
2704
2705
2706
2707
2708
2709
2712
2718
2719
2720
2721
2722
2724
2725
2727
2728
2729
2731
2732
2733
2734
2735
2736
2737
2738
2739
2740
2741
2744
2750
2751
2755
2772
2698
2774
2775
2776
2779
2780
1746
2965
2968
2969
2972
2973
2980
2981
2982
2984
2985
2988
2991
2993
2996
2997
3019
3020
3021
3022
3023
3024
3025
3026
3027
1778
3028
3030
2730
3034
3035
3040
3041
3045
3048
3049
3052
3053
3054
3055
3056
3057
3058
3059
3060
3061
3062
3063
3064
3065
3066
3067
3078
3110
3138
1823
3139
3140
3141
3142
3143
3144
3145
3146
3147
3148
3149
3150
3151
3152
3168
3170
3171
3172
3173
3174
3175
3176
3177
3178
3179
3180
3181
3182
3183
3184
3185
3186
3399
3401
3402
3404
3405
3406
3408
3409
3410
3411
3412
3515
3555
3594
3597
3602
3626
3629
3634
3848
3850
3851
3853
3858
3861
3862
3880
3882
3883
3885
3890
4079
4110
4116
4117
4120
4127
4148
4149
4152
4154
4159
4161
4163
4164
4165
4166
4167
4172
4174
4176
4173
4177
4175
4178
4181
4182
4183
4184
4187
4191
4202
4203
4188
4189
4190
4205
4204
4209
4206
4210
4207
4208
4213
4214
4215
4219
4220
4221
2691
2694
4216
4222
4223
4225
4228
4231
4234
4235
2723
2726
2752
4257
4260
2756
2592
2593
2594
2595
2596
2597
2598
2599
2600
2601
2602
2603
2604
2605
2606
2607
2608
2609
2611
2612
2613
2614
2615
2616
2617
2619
2620
2624
2625
2626
2638
2639
2640
2641
2642
2643
2644
2645
2646
2647
2679
3506
3857
3889
4168
4169
4224
4226
4227
4229
4230
4232
4233
4254
4255
4256
4258
4259
4261
4262
1183
1185
1186
1187
1188
1189
1190
1191
1192
1193
1194
1195
1196
1197
1198
1184
1199
1200
1201
1202
1203
1204
1205
1207
1208
1211
1214
1215
1240
1241
1242
1243
1244
1245
1246
1247
1250
1210
1213
1209
1251
1252
1255
1258
1259
1260
1261
1262
1263
1264
1265
1266
1267
1268
1269
1270
1271
1272
1273
1274
1275
1276
1277
1278
1279
1288
1289
1290
1291
1292
1293
1294
1295
1296
1297
1320
1321
1322
1323
1324
1325
1326
1327
1328
1329
1330
1331
1332
1333
1334
1335
1336
1337
1338
1340
1655
2610
2618
2627
3137
3169
3187
3188
3189
3190
3191
3192
3193
3194
3195
3196
3197
3198
3199
3200
3201
3202
3203
3204
3205
3206
3207
3208
2610
3209
3210
3211
3212
3213
3214
3215
3216
3217
3218
3219
3220
3221
3222
3224
3229
3231
3232
3233
3234
3235
3236
3237
3238
3239
3240
3241
3242
3243
3244
3245
3246
3247
3248
3249
3250
3251
3252
3253
3254
3256
3261
3263
3266
3267
3270
3273
3274
3275
3276
3278
3280
3283
3284
3288
3289
3292
3366
3373
3375
3377
3378
3379
3380
3381
3388
3390
3391
3392
3393
3394
3395
3396
3397
3398
3857
3889
2628
2629
2630
2631
3225
3226
3227
3228
3257
3258
3259
3260
3279
3293
2632
2633
2634
2635
2637
2753
473
475
476
477
478
505
507
508
509
510
512
513
514
515
520
516
517
518
521
532
530
533
537
540
538
541
542
543
544
545
546
547
548
549
550
552
561
553
562
564
565
569
570
572
578
579
573
574
575
589
590
591
593
594
595
596
597
598
599
601
602
603
605
606
610
611
2636
621
620
622
623
625
626
627
628
629
630
631
633
634
635
637
638
640
641
643
645
785
799
800
801
802
803
804
805
806
807
808
809
810
811
812
813
814
815
816
817
818
844
846
847
850
853
854
855
856
857
876
878
879
882
885
886
887
889
890
888
891
892
893
894
895
896
897
898
899
900
903
901
902
904
905
525
526
527
529
531
534
535
536
551
554
557
558
559
563
566
567
568
576
580
581
600
607
604
608
612
613
636
632
639
642
1206
1212
1218
1219
1220
1221
1222
1223
1224
1225
1226
1227
1228
1229
1230
1231
1232
1233
1234
1236
1237
1239
1238
1235
1342
1372
1374
1375
1404
1406
1407
1408
1409
1410
1411
1412
1413
1414
1415
1438
1439
1440
1441
1442
1443
1444
1445
1446
1447
1448
1449
1450
1451
1452
1453
1454
1455
1456
1457
1458
1114
1115
1116
1117
1119
1120
1121
1122
1123
1124
1125
1126
1127
1128
1129
1130
1131
1132
1133
1984
1118
2016
1343
1341
1344
1345
1346
1347
1350
1349
1348
1351
1352
1353
1354
1355
1356
1357
1358
1359
1366
1368
1369
1370
1367
1373
1398
1399
1400
1402
1401
1416
1405
1417
1418
1419
1420
1421
1422
1423
1424
1425
1426
1427
1428
1429
1430
1431
1432
1433
1434
1435
1436
1437
1603
1604
1605
1606
1607
1608
1609
1610
1612
1613
1614
1615
1616
1617
1618
1619
1622
1621
474
1611
1620
3604
1865
4201
2416
2418
2419
2420
2422
2423
2424
2425
2432
2433
2434
2435
2436
2437
2438
2439
2440
2441
2442
2443
2444
2445
2446
2447
2448
2451
2452
2456
2458
2459
2463
2464
2465
2466
2467
2468
2469
2470
2471
2472
2473
2474
2475
2476
2477
2478
2479
2480
2483
2484
2488
2490
2491
2495
2496
2500
2501
2503
2504
2505
2506
2507
2508
2509
2510
2511
2512
2513
2514
2515
2516
2518
2519
2526
2528
2532
2533
2535
2536
2537
2538
2539
2540
2541
2542
2543
2544
2545
2546
2547
2548
2550
2551
2552
2555
2558
2560
2566
2568
2569
2570
2571
2572
2573
2574
2575
2577
2578
2579
2582
2584
2585
2586
2587
2589
2588
2590
2591
2449
2450
2453
2454
2455
2457
2460
2461
2462
2481
2482
2485
2486
2487
2489
2492
2493
2494
2497
2498
2499
2502
2517
555
2520
2521
2523
582
2524
583
584
585
586
587
588
592
2525
2527
2529
2530
2531
614
615
616
617
618
619
624
1216
1217
1248
2534
1249
2549
2553
1339
2556
2557
2559
660
524
556
577
609
644
1254
1256
1257
1254
1256
1257
3365
3389
560
2203
528
2576
2580
2581
2583
646
647
648
649
650
651
652
653
654
655
656
657
658
659
662
665
666
667
668
669
670
671
672
673
674
675
676
677
678
679
680
681
682
683
684
685
686
687
688
689
690
691
692
693
694
695
696
697
698
699
700
701
702
703
704
706
707
708
709
710
711
712
713
714
715
716
717
718
719
1362
1360
1365
1361
1363
1376
1364
1377
1378
1379
1380
1381
1382
1383
1384
1385
1386
1387
1388
1389
1390
1391
1392
1393
1394
1395
1396
1397
1253
1995
2204
2205
2206
2207
2235
2236
2237
2238
2239
1624
1625
1626
1628
1629
1630
1631
1632
1633
1634
1635
1636
1637
1638
1640
1641
1642
1623
7
9
10
13
14
15
16
17
18
19
20
22
23
39
41
42
45
46
47
48
49
50
51
52
54
55
72
104
154
204
205
206
207
208
209
210
211
212
301
302
303
304
305
306
307
308
309
310
311
312
313
316
319
320
321
322
323
324
326
329
330
331
334
335
338
339
340
341
342
361
362
363
366
367
370
371
372
373
374
375
376
1627
1639
3893
3894
3895
3896
3897
3898
3899
3900
3901
3902
3903
3904
3905
3906
3907
3908
3909
3932
3933
3934
3935
3936
3937
3938
3939
3940
3941
3942
3943
3944
3947
3955
3956
3957
3958
3959
3960
3961
3962
3963
3964
3965
3966
3967
3968
3969
3971
3972
3974
3975
3976
3977
3978
4078
1
4
24
25
33
36
56
57
3268
3368
3369
3892
1371
1403
1
4
24
25
33
36
56
57
2027
3892
705
2911
2913
2912
2914
2915
2916
2917
2918
2919
2920
2921
2922
2923
2926
2929
2932
2933
2936
2937
2939
2940
2948
2949
2950
2941
2943
2944
2945
2946
2952
2953
2956
2959
2961
2951
2958
2955
2954
2957
2962
2964
2971
2975
2976
2977
2978
2983
2986
2987
2989
2990
2994
1280
1283
1281
1285
1282
1284
1298
1299
1300
1301
1302
1303
1305
1307
1306
1287
1304
1286
1308
1309
1310
1311
1312
1313
1314
1315
1316
1317
1318
1319
2014
1992
1991
1990
1987
2005
1996
2028
2024
2037
2022
2023
2019
2046
2052
2054
2056
2061
2062
2066
2055
2049
2068
2053
2069
2070
2071
2078
2080
2051
2058
2063
2060
2059
2081
2083
2087
2084
2086
2088
2085
2090
2091
2092
2095
3605
2974
4192
4193
4194
4195
4196
4197
4198
4199
4200
4242
4243
4244
4245
4248
4249
2050
2057
2064
2067
2072
2073
2074
2079
2082
2089
2104
2105
2106
4236
4237
4238
4239
1664
1666
1667
1668
1669
1696
1698
1699
1700
1701
2036
2041
2045
2097
2107
2108
2109
2187
2219
2648
2680
2710
2711
2713
2714
2715
2716
2717
2742
2743
2745
2746
2747
2748
2749
2754
2773
2777
2778
2924
2925
2927
2928
2966
2967
2970
2992
2995
3038
3039
3070
3071
3400
3403
3407
3413
3517
3518
3519
3548
3580
3585
3586
3606
3607
3608
3609
3610
3611
3612
3613
3614
3615
3617
3618
3647
3671
3672
3673
3674
3675
3676
3677
3678
3679
3726
3741
3747
3748
3852
3859
3884
3891
4109
4179
4180
4185
4217
4246
4247
4251
4252
4253
1985
2004
2009
2013
2017
4211
4212
1522
1985
2004
2009
2013
849
851
852
877
880
881
883
884
1985
2004
2009
2013
2017
2621
2622
2623
1985
2004
2009
2013
1522
839
840
841
842
843
845
848
858
859
860
861
862
863
864
866
867
868
869
870
871
872
873
874
875
928
929
931
932
933
934
936
937
1031
1034
1036
1068
1090
1091
1093
1094
1097
1099
1100
1101
1102
1103
1108
1109
1111
1113
2264
2267
2268
2271
2296
2299
2300
2303
2381
2382
2383
2384
2385
2387
2388
2391
2392
2393
2394
2395
2396
2397
3945
3948
3949
3993
3996
3997
4028
4029
4030
4031
4033
4034
935
1012
1013
1016
1017
1018
1020
1023
1024
1025
1027
1029
1030
1033
1039
1040
1042
1046
1047
1048
1049
1052
1055
1056
1071
1072
1074
1107
1110
1112
2398
2399
2400
2401
2402
4032
4035
4036
4037
4038
4039
4040
4041
4043
4044
4045
4047
0
1540
1541
1542
1543
1544
1545
1546
1547
1548
1549
1550
1551
1552
1553
1554
1555
1556
1557
1558
1559
4042
4046
202
203
314
315
317
318
325
327
328
332
3282
3285
3286
3287
3290
3291
3364
3367
3370
3371
3372
3374
3376
3382
3383
3384
3385
3386
3387
3946
3950
3951
3952
3953
3954
3970
3973
3979
3223
3230
3255
3262
3264
3265
3269
3271
865
906
907
910
911
913
914
915
918
919
920
938
939
942
943
946
947
945
950
951
952
960
961
962
963
964
965
966
967
968
969
971
973
974
976
977
978
979
982
983
986
987
989
990
992
993
994
995
996
997
998
999
1000
1001
1003
1005
1006
1008
1009
1010
1011
1014
1015
1019
1021
1022
1032
1035
1037
1038
1041
1043
1044
1045
1050
917
949
980
981
984
985
988
991
1026
1028
1051
1054
1059
1062
1063
1064
1066
1067
1070
1076
1077
1078
1079
1081
1082
1083
1086
1088
1095
1096
1098
1104
1105
1106
1057
1058
1060
1061
1065
1080
1084
1087
2
3
5
6
8
11
12
26
27
28
29
30
34
35
37
38
40
43
44
58
59
60
61
62
65
66
67
68
70
71
73
81
83
84
86
89
92
93
94
95
97
98
99
100
102
103
105
113
115
116
118
121
124
125
126
127
137
140
141
142
143
144
149
152
153
155
156
157
158
159
169
172
173
174
175
176
181
184
185
186
187
188
189
190
191
192
193
194
195
196
197
198
199
200
201
214
215
216
217
218
219
222
223
224
225
226
227
228
229
230
231
232
233
234
235
236
237
238
239
240
241
242
243
244
246
247
254
255
256
257
258
259
260
263
264
265
266
267
268
269
270
271
272
273
274
275
276
277
278
279
280
281
282
283
284
287
288
295
296
297
298
299
300
333
336
337
343
344
345
346
347
348
349
350
351
352
353
354
355
356
357
358
364
3910
3911
3912
3913
3914
3915
3916
3917
3918
3919
3920
3921
3923
3924
3925
3926
3927
3928
3929
3930
3931
2787
2804
2807
2808
2811
2812
2829
2832
2827
2835
2799
2757
2758
2759
2760
2761
2762
2763
2764
2765
2766
2767
2768
2769
2770
2771
2781
2782
2783
2784
2785
2786
2788
2789
2790
2791
2792
2793
2794
2795
2796
2797
2798
2800
2801
2802
2803
2805
2806
2809
2810
2813
2814
2815
2816
2817
2818
2819
2820
2821
2823
2824
2825
2826
2828
2830
2831
2833
2834
2836
2837
2838
2861
2864
2898
2899
2903
2906
2863
2930
2931
2935
2867
2938
2960
2963
2839
2840
2841
3272
3277
3281
3294
3295
3296
3297
3298
3302
3299
3300
3301
3303
3304
3306
3305
3307
3308
3309
3310
3312
3313
3314
3315
3316
3317
3318
3319
3320
3321
3322
3323
3324
3326
3327
2842
2843
2844
2845
2846
2847
2848
2849
2850
2851
3330
3331
3332
3334
3333
3335
3336
3337
3338
3339
3340
3341
3342
3343
3345
3344
3346
3347
2852
2853
2855
2856
2857
2858
2859
3349
2860
2862
2865
2866
2868
2869
2870
2871
2872
2873
2874
2875
2876
2877
2878
2879
2880
2881
2882
2883
2884
2885
2886
2887
2888
2889
2890
2891
2892
2893
2894
2895
2896
2897
2900
2901
2904
2905
3350
3354
3351
3357
2907
2908
2909
2910
2942
3311
3325
3328
3329
3362
3363
3352
3356
3355
3348
383
384
386
390
391
394
395
396
397
398
399
400
401
402
403
404
405
406
407
408
409
410
411
412
413
414
415
416
418
422
423
426
427
428
429
430
431
432
3980
3981
3982
3983
3984
3985
3986
3987
3988
3989
3990
3991
3992
3994
3995
3998
3999
4000
4001
4002
4003
4004
4005
4006
4007
4008
4009
4010
4011
4012
4013
4020
4021
4014
4015
4016
4017
4018
4019
3358
3359
3360
3361
4022
4023
4024
4025
4026
4027
2413
2567
114
117
119
120
122
123
128
129
63
64
69
74
75
76
77
78
79
80
82
85
87
88
90
91
96
101
106
107
108
109
110
111
112
130
131
132
133
134
135
136
138
139
145
146
147
148
150
151
160
162
163
161
165
164
166
167
4241
4250
2075
2076
2077
2414
2415
2417
2421
2426
2427
2428
2429
2430
2431
2522
2554
21
31
32
53
108
109
110
111
112
130
131
132
133
134
135
136
138
139
145
146
147
148
150
151
160
161
163
164
165
166
167
168
170
171
177
178
179
180
182
183
365
368
369
4240
4241
4240
539
571
539
571
21
31
32
53
168
170
171
177
220
177
178
179
180
182
183
365
368
369
539
571
539
571
3414
3416
3415
3431
3456
3457
3458
3459
3460
3461
3462
3486
3488
3489
3490
3491
3492
3493
3494
3495
3496
3497
3498
3499
3500
2854
2934
2947
2979
908
912
916
921
922
923
924
925
909
958
959
970
972
975
1002
1004
1007
1053
1069
1073
1075
1085
1089
1092
2561
2563
2564
2565
916
908
912
909
923
921
922
925
940
924
927
944
930
941
926
954
955
948
953
2562
956
958
957
970
959
972
1002
975
1069
1004
1007
1053
1073
1075
1085
1089
1478
1479
1480
1481
1482
1483
1484
1485
1486
1487
1488
1490
1895
1489
1491
1492
1493
1495
1497
1897
1898
1899
1900
1901
1902
1903
1904
1905
1906
1909
1910
1911
1912
1913
1916
1917
1919
2386
2390
2902
2998
2999
3000
3001
3002
3003
3004
3005
3007
3008
3009
1496
3010
3011
3012
3013
3016
3017
3353
3520
3521
3522
3523
3014
3015
3018
3521
3522
3524
3524
3525
3526
3527
3528
3529
3530
3531
3532
3533
3534
3537
3538
3539
3523
1494
1896
1907
1908
1914
1915
1918
2370
3006
3535
3536
3520
3531
3534
3525
3526
3527
3528
3529
3532
3533
3535
3536
3537
3538
3539
4129
4130
4131
4132
4133
4134
4135
4136
4137
4138
4139
4140
4141
4143
289
4144
213
221
245
248
253
261
262
290
292
293
291
294
3530
249
250
251
252
285
286
359
360
377
378
379
380
381
382
385
387
388
389
392
4142
393
417
419
420
421
424
425
433
434
435
436
437
438
3922
2822
2065
213
221
245
253
261
262
285
286
294
359
360
385
387
388
389
392
393
417
419
420
421
424
425
3922
285
286
3922
2065
285
286
359
360
3922
2065
4142
4142
4142
2822
385
388
389
393
392
387
420
417
421
419
424
425
3922
421
424
425
2065
3922
3922
2389
2822
2065
3922
3751
3752
3753
3754
3755
3757
3758
3759
3760
3761
3762
3763
3764
3765
3766
3767
3768
3769
3770
3771
3772
