3200
3201
3124
3125
3126
3206
3207
3202
3203
3202
3203
3206
3207
3202
3203
3206
3207
3202
3203
110
120
122
126
128
131
132
133
134
141
142
143
144
145
146
147
148
149
150
152
153
154
155
156
157
158
159
160
163
164
165
166
167
168
169
170
172
173
174
175
176
177
179
180
181
182
178
184
185
186
187
188
189
190
191
192
193
195
196
197
203
208
210
214
215
221
224
225
227
264
265
266
267
268
269
270
271
272
273
275
276
277
278
279
280
282
283
281
284
285
286
287
288
289
290
292
296
297
298
299
300
301
302
303
304
305
307
308
309
310
311
312
313
314
315
316
317
325
328
327
329
333
335
336
337
338
339
331
340
341
344
345
353
354
357
360
361
355
359
363
365
367
368
369
370
371
372
373
376
377
386
388
385
387
389
414
415
418
417
419
420
421
426
423
424
446
447
448
452
453
454
455
457
458
459
460
456
461
463
464
465
466
467
468
469
470
471
472
473
474
475
476
477
478
479
480
483
484
485
486
487
489
490
491
492
493
488
495
496
497
498
499
500
501
502
503
504
505
506
507
508
509
510
511
512
513
514
515
516
517
518
519
520
521
524
526
527
529
530
525
528
531
532
535
536
537
538
539
540
542
543
544
545
541
546
547
548
549
550
551
552
553
556
558
559
561
562
557
560
563
564
567
568
570
571
572
574
575
576
577
569
573
579
580
583
584
585
586
590
591
592
593
595
596
599
600
611
612
615
616
617
618
622
623
624
625
627
628
631
632
671
672
673
674
675
676
677
680
681
682
683
685
686
688
689
690
691
692
693
694
695
696
697
699
700
703
704
705
706
707
708
709
710
711
712
715
713
714
716
717
718
721
726
727
728
799
800
801
804
805
808
809
810
812
813
814
816
817
818
821
823
824
825
826
827
831
837
838
840
843
845
846
851
853
854
857
858
861
862
869
870
872
875
877
878
881
882
883
885
886
889
890
893
894
919
921
925
926
928
930
932
933
951
135
136
953
957
958
960
137
138
140
962
964
967
968
969
989
992
994
996
999
1000
1001
1006
1014
1015
1016
1018
1020
1021
1040
1041
1042
1043
1046
1047
1048
1049
1052
1072
1073
1074
1075
1078
1079
1080
1081
1084
1088
1089
1090
1091
1092
1093
1094
1096
1099
1101
1102
1103
1111
1113
1114
1115
1116
1117
1119
1120
1121
1122
1123
1124
1125
1126
1128
1131
1133
1134
1135
1143
1145
1146
1147
1148
1149
1151
1153
1154
1155
1156
1157
1159
1160
1161
1162
1163
1164
1165
1166
1167
1169
1181
1185
1192
1193
1194
1195
1196
1197
1198
1199
1201
1210
1213
1220
1221
1222
1223
1224
1226
1227
1242
1243
1245
1246
1274
1275
1277
1278
1284
1286
1287
1425
1426
1427
1428
1429
1431
1432
1433
1434
1436
1438
1441
1445
1446
1449
1450
1451
1454
1457
1458
1459
1460
1461
1463
1464
1465
1466
1468
1470
1473
1474
1477
1588
1606
1609
1624
1673
1674
1677
1678
1998
1999
2001
2000
2003
2004
2012
2013
2015
2014
2016
2017
2030
2031
2033
2035
2036
2032
2044
2045
2047
2046
2048
2050
2052
2053
2056
2057
2059
2061
2062
2063
2065
2067
2070
2072
2073
2074
2075
2076
2077
2078
2079
2080
2082
2084
2085
2088
2089
2091
2093
2094
2095
2097
2099
2102
2104
2105
2106
2107
2108
2109
2110
2111
2113
2114
2115
2116
2117
2118
2119
2120
2121
2122
2125
2126
2127
2128
2129
2130
2131
2132
2133
2134
2199
2200
2201
2202
2203
2204
2205
2208
2209
2210
2211
2212
2213
2216
2217
2220
2221
2223
2226
2227
2230
2720
2723
2724
2725
2726
2727
2730
2731
2732
2734
2736
2737
2738
2739
2740
2741
2742
2743
2744
2752
2761
2762
2763
2764
2769
2770
2771
2772
2774
2775
2776
2777
2779
2780
2783
2784
2801
2802
2803
2804
2821
2822
2823
2824
2825
2826
2827
2830
2831
2832
2833
2834
2836
2837
2838
2839
2840
2841
2842
2843
2844
2845
2846
2847
2848
2851
2852
2853
2854
2855
2856
2857
2858
2859
2862
2863
2864
2865
2866
2868
2869
2870
2871
2872
2873
2874
2875
2876
2877
2878
2879
2881
2882
2883
2885
2886
2887
2888
2890
2896
2897
2898
2899
2900
2901
2902
2903
2904
2905
2906
2910
2911
2928
2929
2930
2931
2949
2950
2951
2952
2953
2954
2955
2947
2957
2958
2959
2961
2962
2963
2964
2966
2978
2981
2982
2979
2983
2984
2985
2986
2987
2989
2990
2991
2993
2994
2995
2996
2998
3008
3009
3010
3012
3013
3014
3015
3016
3017
3018
3019
3020
3022
3023
3025
3026
1178
3027
3028
3029
3030
3035
3031
3033
3032
3036
3037
3038
3039
3040
3041
3042
3044
3045
3046
3047
3048
3049
3050
3051
3052
3054
3055
3057
3058
3059
3060
3061
3062
3063
3064
3065
3067
3068
3069
3070
3071
3072
3073
3074
3075
3076
3082
3105
3106
3107
3108
3114
3115
3116
3117
3120
3121
3122
3134
3136
3143
3151
3152
3153
3154
3155
3156
3158
3159
3160
3162
3183
3184
3185
3186
3187
3188
3190
3191
3192
3194
3195
3196
3198
3197
3199
3208
2946
1225
1430
1462
3142
4
5
7
8
10
11
13
14
16
17
18
19
20
21
22
24
25
37
39
40
42
43
45
46
48
49
50
51
52
53
54
56
57
65
58
70
71
72
73
69
74
76
77
78
79
80
81
82
83
84
85
86
87
88
90
93
94
95
97
98
100
102
89
91
92
101
103
104
105
106
109
111
112
113
114
115
116
117
118
125
119
121
123
124
127
129
130
161
194
162
211
226
274
306
462
494
522
523
554
555
613
669
670
684
687
701
702
719
720
722
679
723
724
803
828
829
830
832
833
834
835
836
842
847
848
864
865
866
867
868
874
879
880
911
912
913
915
914
916
917
918
920
922
923
924
950
952
954
955
956
990
991
1005
1007
1008
1009
1010
1011
1012
1013
1022
1019
1024
1023
1025
1026
1028
1029
1030
1032
1033
1034
1035
1036
1037
1038
1039
1068
1069
1070
1071
1105
1109
1110
1118
1137
1141
1142
1150
1152
1168
1171
1172
1173
1174
1175
1176
1177
1180
1182
1183
1184
1200
1203
1204
1205
1206
1207
1208
1209
1212
1214
1215
1216
1217
1218
1586
1592
1593
1594
1595
1596
1597
1599
1600
1601
1602
1603
1604
1605
1608
1610
1611
1612
1613
1614
1615
1616
1617
1618
1619
1620
1621
1622
1623
1626
1629
1630
1631
1632
1633
1634
1635
1636
1637
1640
1642
1643
1644
1645
1646
1647
1648
1649
1650
1651
1652
1653
1654
1655
1658
1661
1662
1663
1664
1667
1671
1
1672
1676
1679
1681
1680
1682
1683
1684
1685
1686
1687
1688
1689
1690
1691
1692
1693
1694
6
12
15
1695
1696
1699
38
44
47
1703
1704
1705
1706
1708
1709
1710
59
62
1711
1713
1714
1715
1712
1716
1717
1718
1719
1720
1721
1722
1723
1735
1736
1737
1738
1742
1743
1744
1739
1740
1741
1747
1745
1748
1749
1750
1751
1758
66
1753
1754
1755
1756
1757
1759
1762
68
75
1763
1764
1766
1767
1768
1769
1770
107
1771
1772
1773
1774
1775
1776
1779
1777
1781
1780
1782
1783
1785
1786
1787
1788
1789
1790
1791
1793
1795
1796
1797
1798
1799
1800
1801
1802
1803
1804
1805
1806
1814
1821
1822
1819
1820
1823
1825
1827
1828
1829
1830
1831
151
183
1832
1833
1834
1835
1836
1837
1838
1839
1840
1841
1842
1853
1854
1855
1846
1851
1852
263
295
1866
1856
1857
1868
1869
1870
1871
1872
1867
1873
1874
1875
1876
1877
1878
1879
1880
1881
1882
1883
1884
1885
1886
1887
1888
1889
1890
1891
1892
1893
1894
1896
1897
1898
1900
1901
1899
1902
1903
1904
1905
1906
1907
1908
1909
1910
1911
1912
1913
1914
1918
1919
1915
1916
1917
1920
1921
1922
1924
1927
1923
1925
1926
1929
1931
1932
1933
1935
1936
1930
1937
1939
1940
1941
1942
1938
1943
1944
1945
1946
1948
581
1947
1949
1950
1951
1952
1953
1954
1956
1955
1973
1974
1976
1977
1978
1980
1982
1983
1957
1958
1975
1979
1981
1984
1985
725
1987
1990
822
1991
1992
1993
1994
1996
2066
1995
2098
1112
1144
1219
1424
1456
1997
2071
2103
2891
2892
2893
806
807
819
655
653
657
660
661
658
659
666
698
439
435
438
444
641
642
645
648
649
650
3145
223
243
253
255
256
257
258
260
330
332
348
351
352
362
346
343
364
347
349
350
393
380
383
391
392
394
395
396
375
378
399
403
400
379
406
381
407
412
382
397
425
427
401
428
431
432
429
433
534
566
578
582
588
589
598
533
604
565
605
603
610
614
620
621
606
609
608
630
602
607
636
637
635
639
647
634
640
643
646
638
654
644
651
664
663
662
668
667
652
656
665
738
741
678
733
729
743
730
732
739
731
734
745
737
736
735
749
753
740
742
746
744
748
747
752
754
751
750
755
756
759
758
760
757
763
762
771
773
761
764
765
766
767
768
776
777
769
778
780
775
781
774
772
784
782
785
779
786
789
793
783
792
787
794
791
788
795
790
797
796
811
820
798
815
839
850
849
841
844
852
859
855
856
860
863
871
896
873
884
876
888
887
898
900
901
891
895
892
897
899
903
902
908
906
905
910
907
929
931
1186
1189
1188
1187
1191
1229
1239
1238
1271
1240
1241
1244
1270
1273
1272
1276
1281
1283
1280
1282
1279
1285
1292
1293
1295
1299
1298
1316
1305
1315
1312
1314
1313
1380
1383
1384
1386
1387
1388
1389
1390
1414
1409
1417
1413
1418
1419
1422
1423
1455
1638
1641
1656
2002
2019
2018
2020
2023
2021
2022
2024
2025
2026
2028
2029
2034
2037
2038
2039
2040
2049
2042
2054
2058
2081
2086
2219
2222
2090
2234
2207
2231
2232
2233
2235
2248
2251
2252
2246
2241
2239
2240
2247
2255
2256
2245
2244
2253
2254
2250
2261
2258
2260
2280
2283
2285
2273
2272
2284
2277
2276
2278
2279
2282
2288
2286
2287
2361
2290
2292
2293
2353
2354
2355
2356
2363
2367
2368
2366
2364
2359
2360
2370
2369
2376
2379
2383
2371
2372
2373
2374
2375
2377
2378
2380
2381
2384
2385
228
229
2386
2387
2382
2388
2408
2390
2389
2392
2393
2400
2411
2402
2401
2403
2405
2407
2404
2415
2406
2409
235
2410
2417
2414
240
242
246
247
2413
2412
2416
2419
2418
2421
2420
2422
2424
2425
2432
2429
2430
2437
2427
2428
2431
2434
2433
2435
2436
2438
2440
2442
2443
2441
2439
2450
2444
2445
2446
2448
2447
2457
2449
2451
2452
2455
2453
2456
2454
2458
2460
2459
2464
2466
2465
2469
2468
2471
2461
2467
2470
2472
2473
2476
2475
2474
2478
2477
2479
2481
2480
2482
2484
2483
2489
2485
2486
2496
2487
2490
2488
2493
2492
2495
2498
2510
2503
2505
2504
2506
2508
2507
2509
2502
2513
2512
2515
2516
2514
2517
2519
2518
2521
2520
2522
2523
2525
2526
2527
2524
2528
2529
2531
2532
2542
2535
2536
2533
2537
2539
2540
2500
2538
2541
2548
2534
2545
2544
2546
2547
2549
2551
2552
2553
2555
2550
2554
2560
2558
2559
2557
2556
2562
2564
2565
2566
2561
2580
2577
2563
2583
2581
2497
2585
2586
2587
2589
2588
2590
2592
2594
2596
2597
2593
2595
2591
2598
2612
2609
2615
2613
2617
2618
2621
2619
2620
2622
2623
2625
2629
2627
2628
2630
2631
2633
2634
2632
2636
2638
2639
2640
2578
2637
2635
2641
2642
2643
2644
2645
2647
2646
2648
2649
2653
2650
2651
2652
2654
2655
2658
2657
2663
2659
2660
2662
2661
2664
2665
2666
2667
2669
2670
2671
2672
2668
2673
2674
2676
2677
2678
2675
2499
2685
2682
2683
2680
2681
2679
2684
2688
2686
2690
2687
1230
2689
2691
2692
2693
2694
2695
2698
2700
2702
2696
2697
2699
2703
2704
2705
2701
2610
2584
2706
2707
2708
2709
2710
2715
2713
2711
2712
2714
2716
2717
2718
2719
2721
2722
2728
2729
2735
2616
2745
2746
2747
2749
2733
2748
2750
2751
2753
2754
2755
2757
2758
2759
2760
2778
2766
2768
2773
2782
2785
2786
2767
2791
2789
2787
2790
2792
2794
2795
2796
2793
2800
2798
2799
2835
2829
2861
2867
2948
2977
2980
3021
3053
3079
3080
3083
3084
3085
3087
3088
3086
3089
3090
3092
3094
3093
3096
3099
3101
3102
3104
3111
3118
3112
3119
2463
3131
3133
2491
2494
2501
2530
2567
2568
2569
2570
2579
2582
2599
2600
2601
2602
2611
2614
2624
2626
2656
3144
3146
3189
209
1202
1170
927
959
963
961
966
965
970
971
973
974
976
972
977
979
981
975
978
984
985
983
988
980
986
987
995
1003
998
997
1002
1004
1017
993
1077
1085
1082
1087
1098
1086
1100
1129
1097
1132
1130
3132
3132
3135
3204
3161
3180
3150
3123
482
3193
3130
3157
3148
1190
1158
1440
1448
1476
1447
1469
1437
1439
1442
1471
1475
422
1660
1472
1628
1659
1668
1670
1627
1669
1665
449
481
3181
3139
3182
3137
3137
3141
3149
3141
3147
3138
3140
