126
326
327
330
333
342
358
359
360
362
364
365
378
374
382
386
389
400
401
414
415
418
421
432
433
446
447
448
450
458
449
461
462
463
464
465
466
467
468
469
470
471
472
474
475
476
477
478
479
480
482
481
490
493
494
495
496
497
498
499
500
501
502
503
504
507
506
508
509
510
511
523
524
526
527
528
530
532
531
535
324
328
329
331
332
534
538
338
346
350
351
356
361
363
370
383
385
541
387
388
390
406
409
410
413
417
419
420
422
555
438
441
442
445
451
452
453
454
455
456
457
459
460
556
558
559
560
562
563
564
566
567
570
573
577
578
581
582
584
587
588
590
591
596
597
598
599
600
601
602
603
604
605
606
607
609
610
613
614
616
619
620
622
623
483
484
485
486
487
488
628
629
630
631
632
633
634
635
636
637
638
639
640
641
489
491
492
642
643
644
647
648
654
660
663
672
673
674
675
676
679
680
686
692
695
710
711
712
714
716
722
723
724
725
728
729
842
852
855
874
887
908
909
912
913
930
931
934
937
940
941
944
945
1030
1031
1041
1042
1045
1046
1062
1063
1073
1074
1077
1078
1098
1099
1110
1116
1130
1131
1142
1148
1156
1157
1158
1159
1160
1161
1163
1164
1165
1167
1168
1169
1170
1172
1173
1174
1176
1180
1181
1182
1188
1189
1190
1191
1192
1193
1195
1196
1197
1199
1200
1201
1202
1204
1205
1206
1208
1212
1213
1214
1216
1217
1218
1221
1230
1233
1241
1242
1248
1249
1250
1253
1262
1265
1273
1274
1329
1332
1333
1335
1337
1350
1353
670
1382
1385
702
884
1435
1436
1467
1468
1472
1473
1474
1475
1479
1480
1486
1488
1490
1493
1494
1495
1496
1497
1498
1499
1500
1501
1502
1503
1504
1506
1505
1507
1511
1512
1330
1331
1334
1338
1339
1340
1341
1342
1343
1344
1345
1518
1520
1376
1377
1525
1526
1527
1528
1529
1530
1531
1411
1414
1415
1418
1419
1421
1423
1424
1426
1427
1430
1532
1533
1534
1535
1537
1538
1541
1433
1434
1443
1544
1446
1447
1450
1451
1453
1455
1456
1458
1553
1560
1561
1569
1570
1573
1576
1585
1592
1593
1459
1462
1465
1466
1612
1622
1623
1625
1626
1628
1631
1644
1654
1655
1657
1658
1660
1663
1667
1689
1699
1708
1709
1712
1717
1721
1769
1800
1801
1814
1815
1818
1819
1822
1832
1833
1846
1850
1851
1854
1859
1860
1891
1892
1522
1925
2053
2054
2057
2058
2061
2062
2063
2065
2066
2069
2070
2071
2073
2082
2085
2086
2089
2090
2093
2094
2095
2097
2098
2101
2102
2103
2105
2113
2114
2115
2116
2117
2118
2119
2120
2132
2655
2656
2658
2659
2663
2664
1554
1555
1556
1557
1558
2667
2668
2671
2674
2683
2684
2687
2700
2701
2704
2705
2707
2708
2711
1586
1587
1588
1589
1590
2732
2733
2736
2737
2739
2740
2743
2769
2770
2772
2773
2798
2801
2802
2804
2805
2814
2819
2820
1690
2823
2824
2837
2838
2841
2849
2850
2851
2852
2855
2856
2869
2870
2872
2873
2874
2875
2876
1755
2877
2878
2879
2880
2881
2885
2888
2889
2898
2899
2900
2901
1770
2902
1787
2904
2905
2906
2909
2912
2913
2930
2931
2932
2933
2934
2936
2937
2938
3095
3096
3098
3099
3100
3101
3102
3103
3127
3128
3130
3131
3132
3133
3134
3135
3136
3137
3139
3140
3141
3142
3143
3144
3145
3146
3147
3148
3149
3151
3152
3154
3155
3158
3159
3160
3161
3162
3163
3164
3165
3166
3167
3168
3169
3171
3172
3173
3174
3175
3176
3177
3178
3179
3180
3181
3183
3184
3186
3187
3190
3191
3192
3193
3194
3195
3196
3197
3198
3199
3200
3203
3204
3205
3206
3207
3208
3209
3210
3211
3212
3215
3218
3219
3220
3221
3222
3223
3225
3226
3229
3230
3231
3232
3235
3236
3237
3238
3239
3240
3241
3242
3243
3244
3247
3250
3251
3252
3253
3254
3255
3257
3258
3261
3262
3263
3265
3266
3267
3270
3271
3272
3274
3276
3277
3278
3279
3282
3283
3284
2767
2799
2817
2839
2871
119
268
269
270
271
273
272
274
276
278
280
282
301
277
302
303
304
305
306
308
309
310
312
314
317
318
320
321
322
323
325
334
335
336
337
339
340
341
343
344
345
347
349
352
348
353
354
355
357
366
367
368
369
371
372
373
375
376
377
379
380
381
384
391
392
393
394
396
399
403
405
407
408
412
416
423
424
425
426
428
431
435
437
439
440
444
473
505
514
515
517
518
519
522
525
543
546
547
549
550
551
557
554
575
576
579
580
583
589
592
608
611
612
615
621
624
649
650
651
652
653
681
682
683
684
685
719
721
835
836
837
838
841
848
854
856
857
858
859
860
862
861
863
864
867
868
869
870
873
880
886
888
889
1355
1357
1358
1359
1360
1361
1362
1365
1369
1371
1374
1387
1389
1390
1391
1392
1393
1394
1397
1401
1403
1406
1409
1410
1412
1413
1416
1417
1420
1422
1425
1429
1432
1437
1438
1439
1441
1442
1444
1445
1448
1449
1452
1454
1457
1461
1464
1469
1470
1471
1481
1482
1483
1487
1489
1492
1513
1514
1515
1519
1521
1524
1536
1540
1543
1549
1551
1552
1559
1562
1563
1566
1567
1568
1572
1575
1581
1583
1584
1591
1594
1595
1598
1599
1606
1607
1609
1610
1611
1614
1619
1624
1629
1630
1638
1639
1641
1642
1643
1646
1651
1656
1661
1662
1664
1665
1666
1668
1669
1687
1688
1691
1692
1693
1694
1695
1696
1697
1698
1700
1701
1704
1719
1720
1758
1771
1772
1773
1774
1775
1776
1777
1778
1779
1780
1781
1784
1790
1792
1793
1794
1795
1796
1797
1798
1799
1820
1824
1825
1827
1826
1828
1829
1830
1831
1852
1861
1862
1863
1865
1866
1893
1894
1895
1897
1898
1899
1900
1903
2654
2679
2680
2681
2682
2685
2686
2689
2690
2693
2695
2721
2722
2725
2727
2752
2753
2754
3138
3170
3202
3214
3217
3234
3246
3249
1175
1177
1178
1207
1209
1210
1293
1294
1297
1298
1299
1300
1301
1302
1303
1304
1305
1306
1310
1311
1336
1876
1877
1908
1909
1307
1308
1309
1880
1883
1912
1915
2131
395
427
529
645
561
594
595
626
627
646
677
678
705
704
706
732
731
735
736
737
738
742
743
744
746
754
748
751
753
755
756
757
760
763
764
769
761
767
776
777
778
779
782
783
784
785
786
787
789
788
790
791
798
795
794
801
808
809
810
811
814
815
816
1016
1015
1095
1100
1101
1104
1105
1106
1107
1108
1109
1112
1114
1113
1115
1118
1124
1127
1133
1132
1137
1136
1138
1139
1140
1141
1145
1147
1144
1146
1150
1155
1187
1219
1231
1234
1235
1236
1245
397
429
1263
1251
1266
1268
1267
1277
1280
593
625
1281
1283
1285
1289
720
752
1476
1508
1803
1813
1835
1845
1907
1916
1917
1918
1919
1920
1934
1921
1922
1937
1940
1924
1928
1927
1945
1931
1932
1935
1949
1936
1938
1941
1961
1965
1966
1943
1969
1944
1972
1948
1952
1950
1977
1953
1954
1957
1981
1960
1956
1959
1963
1964
1967
1968
1970
1973
1975
1976
1980
1982
2000
1990
1995
2006
2029
2032
2022
2027
2038
2121
2112
2128
2147
2134
2150
2152
2136
2153
2137
2139
2138
2135
2140
2141
2142
2143
2144
2145
2148
2149
2146
2151
2160
2164
2163
2166
2168
2169
2167
2170
2171
2173
2172
2174
2175
2182
2183
2198
2201
2202
2203
1929
1933
2214
2215
2233
2235
2230
2234
2249
2250
2252
2251
2245
2255
2256
2247
2244
2259
2262
2267
2268
2276
2277
2279
2284
2282
2281
2283
1997
2288
2287
2294
2299
2300
2304
2306
2305
2307
2312
2311
2310
2313
2316
2323
2322
2330
2326
2325
2327
2333
2335
2338
2337
2336
2339
2342
2343
2344
2345
2348
2354
2180
2181
2362
2355
2358
2357
2359
2365
2367
2185
2186
2189
2190
2192
2193
2195
2199
2206
2374
2212
2213
2377
2378
2380
2382
2383
2384
2217
2218
2221
2222
2224
2225
2227
2231
2238
2242
2385
2243
2396
2395
2248
2406
2409
2410
2412
2414
2415
2416
2417
2269
2274
2275
2427
2428
2280
2291
2583
2582
2589
2301
2590
2598
2599
2601
2602
2597
2600
2603
2604
2607
2608
2614
2615
2621
2622
2636
2644
2647
2637
2640
2641
2652
2651
2381
2394
2399
2413
2426
2431
2432
2434
2435
2438
2439
2611
0
1
4
5
6
7
68
69
71
75
76
79
81
82
89
90
91
92
94
95
96
100
101
103
107
108
111
113
114
121
122
123
124
127
130
131
134
135
137
138
140
141
143
144
145
146
148
150
152
155
156
157
158
154
159
162
163
169
170
173
175
176
177
171
172
178
186
187
188
189
190
191
192
194
195
196
198
199
200
201
203
204
205
206
207
208
209
210
211
212
213
214
216
217
218
219
220
221
222
223
224
226
227
228
230
231
232
233
235
236
237
238
239
240
241
242
243
244
245
246
248
249
250
251
252
253
254
255
256
257
258
259
260
261
262
263
264
267
655
656
657
658
662
664
665
666
667
668
687
688
689
690
694
696
697
698
699
700
890
891
892
893
894
895
898
899
900
902
904
905
906
907
932
936
938
939
983
984
987
988
991
1019
1020
1023
1102
1134
1348
1356
1380
1388
97
139
1806
1809
1838
1841
1847
2766
2816
2832
2833
2840
2842
2843
2844
2845
2846
2847
2848
2864
2865
2882
2883
2884
2908
2910
2911
2914
2915
2916
2917
2920
2921
2927
2928
116
1034
1066
2129
2818
1914
2056
2067
2068
2088
2099
2100
411
443
585
586
617
618
669
671
701
703
707
739
1292
1911
1913
1926
1939
1958
1971
2055
2060
2087
2092
2624
2626
2627
2631
2632
2635
2639
2642
2669
2672
2673
2676
1910
2051
2052
2059
2072
2076
2077
2083
2084
2091
2104
2108
2109
2625
2657
1368
1370
1373
1400
1402
1405
740
745
749
758
759
770
774
775
802
806
807
1707
1710
1713
1714
1715
1716
1722
1723
1724
1725
1726
1727
1729
1731
1737
1738
1739
1740
1741
1743
1744
1745
1747
1748
1749
1750
1752
1753
1756
1757
1761
1763
1788
1789
1807
1808
1810
1812
1839
1840
1842
1844
1906
1923
1951
1955
1983
1984
1985
1986
1987
1988
1989
1992
1993
1998
2016
2017
2018
2019
2020
2021
2024
2025
2030
2074
2075
2078
2079
2080
2081
2106
2107
2110
2111
2122
2123
2124
2125
2126
2127
2130
2133
2154
2155
2156
2157
2158
2159
2162
2165
2584
2585
2587
2588
2591
2594
2616
2617
2619
2620
2623
2628
2648
2660
2692
2697
2698
2706
2710
2712
2714
2715
2716
2717
2719
2720
2724
2729
2730
2738
2742
2744
2746
2747
2748
2749
2751
2768
2777
2779
2780
2800
2809
2811
2812
2822
2825
2826
2828
2829
2830
2854
1613
1616
1645
1648
1730
1733
1762
1765
2161
2308
2314
2315
2317
2318
2340
2346
2347
2349
2350
2649
2650
2653
2688
2827
398
430
730
832
1346
1352
1349
1351
1354
1364
1366
1372
1367
1375
1378
1381
1383
1384
1386
1396
1398
1399
1404
1407
1408
1428
1431
1440
1460
1463
1477
1478
1484
1509
1510
1516
1550
1582
1608
1615
1617
1620
1621
1640
1647
1649
1652
1653
1670
1671
1673
1674
1676
1679
1683
1686
1702
1703
1705
1706
1711
1718
817
819
2776
2808
2857
2858
2859
2860
2862
2957
2958
2959
2960
2961
2965
2963
2967
2969
2970
2973
2974
2976
2975
2979
2980
2982
2987
2989
2990
2991
2992
2993
2995
2997
2999
3001
3002
3008
3005
3006
3007
3010
3011
3009
3015
3019
3020
3023
3026
3028
3031
3033
3036
3038
3039
3040
3042
3047
3070
3071
3041
3068
3043
3072
3076
3075
3074
3073
3077
3079
3078
1485
1517
876
2691
1222
1223
1224
1225
1226
1227
1228
1232
1237
1238
1254
1255
1256
1257
1258
1259
1260
1264
1269
1270
1802
1817
1821
1823
1834
1849
1853
1855
1856
1857
1858
1864
1867
1869
1870
1868
1871
1888
1889
1890
1896
1901
1902
3264
1804
1836
659
661
691
693
708
709
717
718
946
947
952
953
950
951
956
959
962
960
961
966
965
967
969
975
978
982
992
994
993
999
997
1001
998
1007
1010
1014
1875
1882
281
287
288
290
291
292
293
294
295
296
313
319
762
818
804
820
821
822
823
826
827
833
844
846
853
865
885
896
910
901
914
917
916
918
915
911
921
920
924
922
925
927
926
928
929
933
942
949
943
948
954
972
957
958
973
974
976
977
979
980
1004
1006
1005
1009
1008
1012
1011
1097
1096
1129
1128
1125
1166
1198
1229
1261
1605
1677
1680
1685
1672
1637
1675
1678
1884
1885
1886
1887
289
2188
2696
285
286
299
300
2756
2757
2760
2774
2815
2806
741
2985
2986
830
3080
3081
3082
3084
897
3085
3086
3088
3087
3089
3090
3091
3092
3093
3105
3106
3111
3112
3107
3108
3109
3110
3114
3113
3104
3119
3117
3116
3121
3118
3120
3123
3122
3124
3125
3216
981
1013
1183
1286
1881
2418
1018
1244
1635
2670
3280
3201
3228
3233
3224
3256
3260
112
1805
1811
1837
1843
1878
104
115
315
434
542
1879
569
839
875
963
1002
1038
1211
1565
1564
1999
2002
2043
2040
2246
2278
2360
2389
2402
2421
2592
2675
2726
2764
2765
2853
2886
70
67
102
98
99
985
990
989
986
1021
1017
1037
1032
1022
1036
1024
1033
1059
1027
1039
1048
1065
1056
1051
1071
1064
1068
1069
64
2
9
3
10
11
13
14
16
19
22
23
25
27
28
29
54
55
57
59
60
61
63
72
73
78
77
74
80
86
88
93
105
106
110
109
118
125
120
964
995
996
1103
1121
1123
1135
1117
1119
1542
1149
1574
1151
1597
87
2771
2775
2807
2803
2813
2887
2890
2891
2893
2892
2894
2895
2896
2897
2903
2907
2922
2918
2925
2919
2926
2923
2924
2929
2935
84
1035
24
56
1579
1618
193
197
215
225
229
247
2064
2239
2253
726
1547
2666
2694
2665
2702
2703
2677
2735
2731
2699
2734
3259
3281
3227
265
307
266
797
825
824
829
713
828
840
834
849
843
850
847
866
845
275
877
879
878
882
872
727
279
298
284
851
883
311
297
316
1742
1746
793
792
1681
796
1682
1684
881
1785
1782
2352
2320
2375
2863
2831
512
516
545
513
548
544
2319
2321
2351
2353
2309
2363
2328
2369
2371
2370
2366
2341
2372
2331
2387
2386
2379
2329
2334
2368
2388
2324
2356
2364
2393
2397
2400
2361
2332
2390
2401
2392
2391
2398
2404
2403
2407
2436
2411
2419
2422
2430
2420
2423
2441
2442
2425
2424
2429
2433
2446
2451
2445
2458
2440
2468
2437
2443
2477
2465
2483
2490
2478
2444
2474
2456
2473
2501
2469
2463
2512
2462
2488
2461
2491
2498
2510
2476
2459
2495
2505
2472
2504
2507
2479
2460
2509
2475
2513
2511
2503
2508
2527
2502
2522
2447
2515
2524
2514
2517
2525
2499
2493
2497
2500
2496
2492
2494
2523
2516
2530
2534
2544
2536
2533
2526
2520
2528
2521
2506
2519
2541
2518
2545
2554
2556
2579
2559
2560
2543
2557
2537
2539
2549
2552
2548
2553
2570
2573
2529
2532
2555
2542
2563
2535
2540
2531
2605
2538
2550
2546
2551
2547
2578
2448
2449
2450
2452
2453
2454
2455
2457
2464
2466
2467
2470
2471
2581
2558
2561
2595
2562
2610
2613
2480
2481
2482
2571
2567
2566
2484
2572
2485
2486
2487
2575
2489
2576
2593
2678
1240
1239
1243
1272
1282
1275
1271
1314
1295
1320
1319
1317
1328
1247
1323
1327
1288
1287
1325
1284
1313
1312
1315
1316
1276
1291
1296
1290
1279
1318
1322
1324
402
733
765
780
772
812
1546
1545
1577
1578
2596
2634
2638
21
20
15
8
18
12
179
180
182
183
33
37
39
2782
32
36
65
38
521
533
537
539
553
565
574
571
31
50
44
53
181
184
185
1092
1089
1093
1091
2755
2788
2787
2759
2758
2709
2762
2763
2761
2741
2785
2790
2786
2723
2784
2781
2745
2792
2728
2783
2789
2713
2795
2791
2794
2793
3055
3058
3052
3051
3060
3065
3012
3024
3021
3016
3018
3022
3013
3017
3035
3029
3057
3025
3034
3027
3049
3045
3030
3032
3048
3050
3044
3054
3061
3064
3053
3062
3056
3059
3066
3067
536
572
540
568
128
3153
3094
3150
3097
3129
3156
3182
3126
3185
234
436
3188
871
968
1057
1003
1047
800
1025
971
1029
1054
1052
552
955
715
935
803
771
1026
1215
1179
1050
1186
1000
1326
404
1764
1791
1603
1930
2009
2011
1947
2014
2026
2194
2209
2237
2229
2258
2292
2240
2263
2257
2289
2376
2271
2609
2405
2645
3115
3245
2633
2643
2810
2797
2778
2796
1321
166
167
66
919
165
133
132
168
164
161
129
1067
136
1171
1162
1185
1379
1580
1650
1347
1153
1633
1604
2050
1601
1602
1548
1634
1600
1596
1659
1636
1194
1632
1627
1203
2565
2568
2569
2241
2273
2941
2944
2946
2945
2950
2939
2954
2949
2943
2940
2951
2948
2947
2953
2955
2942
2952
2956
2981
2978
2988
2984
3083
2977
2983
734
747
750
766
781
773
813
805
1974
1946
1942
1978
1991
1979
1996
2003
2004
2001
2007
2015
2010
2012
2039
2035
2028
2031
2041
2023
2033
2208
2177
2042
2034
2036
2179
2044
2176
2211
2184
2191
2205
2207
2226
2220
2196
2270
2232
2223
2265
2200
2260
2272
2228
2204
2236
2197
2216
2178
2296
2286
2210
2254
2219
2285
2187
2290
2264
2295
2297
2303
2302
1126
2564
2574
2373
2408
2580
2612
2606
2661
2629
2630
2662
2037
2005
2008
142
174
3063
