2540
219
226
230
249
251
2500
2501
2505
344
373
376
2508
407
410
397
429
439
442
460
463
464
467
468
471
474
492
495
496
499
500
503
565
572
573
576
577
578
579
580
581
582
583
584
585
586
587
588
589
590
609
610
611
612
613
614
615
616
617
618
639
641
645
647
664
665
666
667
698
696
697
699
704
705
708
724
700
701
702
703
706
707
711
714
715
716
736
3
9
35
38
41
737
738
739
740
743
886
887
890
891
746
747
748
885
888
889
898
901
902
903
904
907
900
910
911
915
913
919
920
921
922
924
925
930
933
934
935
936
932
939
942
943
947
951
952
953
954
945
956
957
961
962
964
965
140
172
175
191
194
198
201
966
970
971
975
976
977
978
980
981
985
979
982
983
984
996
997
998
999
1002
1003
1007
1008
1009
1010
1012
2499
1011
1013
1014
1015
1016
1017
1019
1022
1023
1024
1026
1025
1027
1028
217
233
1031
1032
1036
1037
1038
1039
1040
1042
1043
1044
1045
1046
1047
1048
1151
1152
1155
1156
1159
1163
1164
1165
1166
1167
1168
1169
1170
1171
1172
1173
1174
1175
1176
1177
1178
1179
1180
1181
1184
1202
1203
1204
1205
1206
1207
1208
1209
1210
1211
1212
1213
1216
1219
1222
1226
1227
1233
1236
1238
1239
1243
1244
1248
1254
1307
1309
1310
1321
1323
1327
1330
1331
1339
1341
1342
1352
1356
1344
1355
1362
1363
1364
1373
1375
1376
1383
450
465
1384
482
1386
1388
1387
1394
1395
1396
1405
1407
1415
1428
497
1447
1460
1638
1644
1651
1654
1657
1641
1664
1672
1674
1675
1676
1677
1678
1679
1680
1681
1682
1684
1685
1686
1690
712
1704
1705
1759
1769
1770
1771
1754
1755
1756
1757
1758
1767
1772
1774
1775
1777
1779
1773
1776
1778
1780
1782
1784
1783
1786
1787
1788
1789
1791
1792
1793
744
1790
1796
1798
1794
1795
1797
1799
1800
1801
1803
1804
1805
1806
1807
1808
1809
1816
1810
1813
1814
1818
1819
1820
1821
1822
1824
1825
1828
1830
1831
1832
1833
1826
1827
1829
1835
1836
1840
1837
1838
1839
1848
1841
1842
1845
1846
1850
1851
1852
1853
1854
1872
1873
1874
1875
1877
1881
1882
1883
1884
1885
986
1018
1182
1214
1673
1694
1781
1353
1354
399
403
431
435
621
622
668
669
670
671
673
677
679
906
938
1030
1033
1034
1035
1049
1053
1041
1055
1056
1058
1057
1059
1060
1062
1065
1066
1067
1063
1064
1068
1072
1074
1075
1076
1069
1070
1071
1073
1077
1078
1079
1080
1081
1085
1087
1090
1093
1050
1099
1100
1054
1103
1104
1089
1091
1096
1082
1086
1092
1097
1095
1088
1118
1119
1122
1107
1094
1125
1131
1132
1135
1136
1150
1105
1110
1108
1115
1129
1124
1121
1113
1127
1215
1218
1217
1220
1221
1223
1224
1225
1128
1228
1229
1230
1231
1232
1234
1235
1241
1237
1240
1242
1245
1246
1258
1120
1247
1249
1253
1255
1256
1257
1259
1126
1260
1261
1265
1262
1263
1264
1266
1267
1268
1270
1123
1269
1271
1272
1273
1275
1274
1276
1277
1278
1280
1279
1281
1283
1284
1285
1286
1287
1288
1292
1289
1290
1291
1293
1295
1296
1297
1298
1299
1300
1301
1302
1306
1311
1312
1313
1315
1316
1318
1317
1319
1320
1322
1324
1098
1325
1328
1329
1334
1338
1343
1345
1346
1102
1347
1348
1083
1051
1351
1357
1359
1052
1358
1360
1370
1371
1372
1374
1377
619
1378
1379
1380
1381
1382
1385
620
1390
1106
1391
1402
1403
1404
1117
1109
1406
1410
1412
1413
1134
1084
1133
1442
1444
1445
1101
1111
1116
1130
1112
1537
1541
1548
1549
1567
1569
1573
1580
1581
1623
1625
1626
1627
1630
1631
1639
1640
1643
1642
1655
1658
1659
1662
1663
1858
1860
1861
1862
1868
1869
1871
1886
1890
1892
1893
1894
1900
1901
1903
1904
1905
1906
1907
1909
1913
1914
1915
1918
1916
1917
1931
1932
1933
1942
1946
1944
1945
1948
1949
1252
1950
1951
1978
1980
1976
1977
1981
1982
1985
1983
1996
1997
1998
1999
2000
2001
2002
2004
1802
2005
2006
2013
2009
2010
2017
2028
2029
1834
2030
2031
2032
2033
2034
2036
2037
2038
2041
2042
2045
1887
2049
2050
2052
2053
2054
2058
2061
2062
2063
2065
2066
2011
2064
2012
2067
2068
2069
2071
2072
1919
2073
2074
2075
2076
2077
2078
2081
2082
2084
2085
2086
2090
2093
2094
2095
2097
2098
2099
2100
2043
2096
2101
2103
2104
2105
2106
2048
2107
2108
2109
2110
2112
2113
2115
2116
2117
2118
2119
2120
2121
2122
2123
2124
2125
2126
2127
2128
2129
2130
2131
2133
2134
2135
2136
2137
2140
2141
2143
2142
2144
2145
2146
2147
2148
2149
2087
2044
2150
2151
2152
2153
2154
2155
2156
2157
2158
2159
2160
2161
2162
2055
2163
2165
2166
2167
2168
2169
2170
2172
2173
2175
2176
2177
2059
2174
2178
2180
2181
2183
2184
2179
2182
2185
2186
2187
2188
2190
2089
2060
2189
2191
2192
2080
2193
2195
2196
2194
2198
2199
2200
2205
2197
2201
2202
2203
2204
2206
2207
2208
2209
2210
2091
2092
2211
2212
2213
2215
2216
2057
2214
2217
2218
2219
2220
2222
2221
2223
2224
2225
2226
2227
2228
2230
2231
2234
2229
2232
2233
2237
2239
2235
2236
2238
2243
2263
2249
2250
2251
2252
1350
1389
1392
2266
469
501
506
530
2240
2247
562
602
603
634
635
638
642
643
644
646
649
651
652
655
658
674
675
676
678
681
683
709
713
717
718
719
741
745
1282
1140
1139
1314
1142
1147
1145
1138
1141
1148
1149
1763
1764
1765
2139
2171
2241
2242
2244
2138
2245
2246
2428
2430
2431
2434
2435
2436
2437
1137
2429
2440
2441
2442
2443
2444
2445
2446
2447
2448
2449
2450
2451
2452
2453
2454
2456
2457
2472
2473
2474
2475
2476
2477
2478
2479
2480
2481
2482
2483
2484
2485
2486
2488
2489
2491
2492
2493
2494
2495
2496
2497
2498
2502
2503
2504
2506
2507
2509
2512
2515
2516
2518
2521
2524
2525
2526
2527
2528
2529
2530
2534
2535
2536
2531
2532
2533
2537
2538
2539
2541
742
1446
1766
1988
710
2020
1414
73
1029
1061
1114
1938
1939
1940
1965
1974
1970
1971
1972
1973
1969
1984
1986
1989
1991
1992
1995
2003
2007
2008
2015
2016
2018
2021
2023
2024
2026
2027
2035
2039
2040
2047
2051
2056
2083
2088
1294
1326
1857
1889
1937
1941
1963
1964
1994
1688
1691
1706
1707
1708
1709
1710
1711
1712
1714
1716
1717
1720
1723
1727
1785
1726
1746
1747
1748
1749
1750
1751
1752
1753
1811
1812
1815
1817
1843
1844
1847
1849
1856
1865
1888
1897
1930
1935
1943
1955
1967
1975
1863
1895
1187
1188
1191
1195
1196
1197
1198
1199
1200
1201
1250
1251
1304
1305
1336
1337
2014
2046
7
236
257
274
452
929
1400
1494
1508
1666
1006
974
1021
967
472
473
476
477
478
479
504
505
508
509
510
511
512
513
514
515
520
523
524
527
528
531
532
535
536
537
538
544
545
546
547
552
555
556
559
560
563
564
567
568
569
570
723
909
923
941
955
1427
1459
533
28
540
541
60
136
168
162
164
591
592
593
623
624
625
734
384
405
416
437
461
493
1683
1987
1990
1993
2019
2022
2025
2268
1924
1956
636
637
640
648
650
653
656
657
659
660
661
662
663
695
892
893
894
895
896
897
899
905
908
912
914
916
917
918
928
931
937
940
944
946
948
949
950
968
969
973
1000
1001
1005
1154
1157
1160
1161
1361
1365
1366
1367
1393
1397
1398
1399
1416
1448
1645
1646
1647
1648
1649
1650
1652
1653
1656
1660
1661
1665
1667
1668
1669
1670
1671
1687
960
963
987
989
990
991
992
993
994
995
1762
2070
2102
0
1
2
8
10
11
12
13
14
15
16
17
18
19
20
26
27
29
31
32
33
34
36
37
39
40
42
43
44
45
46
47
48
49
50
51
52
53
54
55
56
57
58
59
61
63
64
65
66
67
68
69
70
71
72
74
75
79
82
84
86
87
133
134
135
137
138
139
141
163
165
166
167
169
170
171
173
174
176
177
178
179
180
398
400
404
430
432
436
733
735
756
765
767
777
778
779
776
782
783
809
810
811
808
814
815
1536
1568
30
62
684
1153
1158
1162
1185
1186
1190
1193
1194
470
502
595
596
597
598
627
628
629
630
466
498
462
494
574
575
594
607
626
608
1146
1420
1417
1449
1452
1689
1693
1692
210
272
352
415
422
475
1441
1523
2253
2262
2264
2261
2260
2248
2259
2265
2271
2269
2295
2302
2306
2301
2303
2299
2307
2309
2321
2315
2311
2322
2316
2313
2320
2312
2317
2338
2339
2353
2354
2378
2379
2381
2341
2345
2385
2388
2344
2387
2386
2343
2347
2383
2396
2352
2348
2349
2390
2393
2389
2397
2392
2395
2391
2398
2399
2401
2411
2407
2410
2417
2420
2413
2418
2415
2419
2422
2424
2421
2423
2425
2427
2438
2433
2439
2455
2459
2458
2461
2465
2460
2462
2463
2467
2466
2468
2487
2490
2471
2469
2470
1823
2382
1855
2270
2272
2274
2275
2276
2277
2279
2281
2282
2283
2284
2298
296
446
1418
1761
1333
1332
78
368
1506
1546
2114
2290
2296
2293
2292
2305
2337
2255
2254
2079
2111
2258
2278
2285
2286
2287
2291
265
1485
2273
2280
2294
2297
2300
2323
2267
2355
1461
1496
1495
1558
566
534
721
1879
1878
1876
1910
1911
1908
286
283
549
1476
926
958
2164
2132
225
255
280
297
279
343
291
346
281
355
371
423
438
457
440
441
419
427
491
558
730
1419
884
883
959
1429
1456
1471
1487
1490
1559
1634
1570
1624
1635
1953
200
365
1426
1431
1424
260
1533
1927
205
2517
254
402
1453
1477
1475
1491
221
377
1493
1715
1934
277
1524
1562
1880
1368
182
185
161
186
196
206
234
238
227
228
235
246
264
273
270
278
287
349
347
367
383
393
385
395
411
488
487
551
550
548
682
680
691
690
686
728
750
720
725
780
794
791
1369
1421
1468
1455
1522
1550
1925
1954
1922
1928
444
529
1499
1768
211
223
387
1511
268
375
1474
258
288
1470
1637
187
188
192
193
204
207
213
214
218
222
229
244
263
1628
426
1530
1579
2513
2380
2394
2402
2403
2404
2405
2408
2412
2414
2426
202
83
85
216
77
220
81
80
203
232
250
239
215
241
224
199
183
247
184
197
237
240
195
1859
1947
294
269
285
259
245
275
231
252
266
298
208
290
261
292
284
267
1912
1896
1952
1929
1926
354
378
256
364
342
390
372
389
366
253
351
374
379
2256
1870
396
293
369
276
394
391
392
363
382
380
2511
1923
1979
1968
2432
1899
1962
1902
448
449
425
362
350
454
406
295
428
420
434
412
481
421
413
408
418
483
414
409
455
282
401
2257
489
451
353
459
433
453
458
480
443
348
445
484
486
485
447
456
361
388
490
525
2520
1959
2522
2542
1020
1430
1004
1308
633
722
727
571
424
672
972
631
729
561
731
601
553
1401
599
654
632
732
1340
1408
1411
1409
600
1961
2514
1960
1432
1434
1433
1435
1439
1437
1335
1450
1422
1463
1423
1465
1451
1486
1497
1501
1473
1469
1458
1479
1480
1509
1472
1483
1443
1467
526
1457
1454
1440
2510
2523
1503
1484
927
557
1492
1481
1478
1505
1519
1510
417
1489
1466
1488
1498
554
1542
2519
1543
1521
1526
1518
1520
1535
1517
1534
1525
1547
1545
1529
1538
1527
1540
1544
1516
1514
1532
1528
1513
1502
1462
726
1482
1507
1500
1512
1531
1436
1515
1504
1551
1958
1921
1867
1438
1563
1555
1464
1464
289
1556
1552
1557
345
1566
1636
1560
1572
212
1891
1571
1866
1864
1565
1578
1920
1760
882
1575
1564
1438
243
76
271
386
262
181
190
248
381
1577
1539
242
345
370
2464
2464
2319
2314
749
2351
2346
2369
2375
2372
2373
2370
2371
2376
2384
2374
2416
2406
2326
1957
2288
2304
1898
1554
2400
2327
1725
1724
2289
2324
2308
2333
2331
2368
1553
2334
2361
209
1561
1425
1576
2357
2377
2310
1574
1629
2366
2342
2365
2330
2340
2362
2336
2359
2367
2360
2358
2335
2409
2363
2350
2356
2364
2318
