17
39
48
49
61
2
3
4
34
35
36
43
64
70
74
77
83
85
87
92
95
96
102
71
72
76
78
79
80
81
82
84
86
103
104
106
109
108
110
111
112
113
114
115
117
116
119
124
127
118
269
271
273
301
303
305
465
467
468
469
472
473
475
478
480
483
485
490
497
499
500
501
504
505
507
510
511
518
519
512
521
522
523
529
531
524
526
527
528
530
532
533
534
535
536
537
141
147
538
539
541
540
173
179
550
186
543
544
216
551
211
553
554
555
556
558
561
563
559
560
562
564
565
566
571
573
567
568
569
570
572
214
575
634
635
638
636
215
640
641
644
645
248
243
651
652
655
656
659
247
671
672
673
676
677
683
684
687
688
691
187
213
5
6
7
8
11
16
703
212
29
37
38
40
705
708
713
723
716
717
917
919
921
922
920
923
246
927
244
245
949
951
953
954
955
952
959
966
967
969
971
972
975
976
980
981
983
986
998
999
1001
1003
1004
1007
1008
1029
1024
1030
1035
1031
1032
1040
1036
1037
1038
1041
1044
1045
1046
1048
1049
1050
1053
1054
1055
1056
1061
1067
1062
1063
1064
1072
1068
1069
1070
1073
1076
1077
1078
1080
1081
1082
1116
1117
1118
1119
1120
1123
1124
1128
1148
1129
1132
1133
1149
1154
1150
1151
1152
1153
1155
1156
1157
1160
1161
1158
1164
1165
1167
1170
1173
1176
1181
1182
1183
1184
1186
1193
1196
1197
1185
1187
1188
1189
1190
1199
1202
1205
1208
1217
1213
1214
1215
1219
1220
1223
1224
1225
1226
1229
1233
1234
1236
1237
1238
1239
1240
1242
1243
1244
1245
1246
1249
1251
1252
1255
1256
1257
1258
1261
1265
1266
1268
1269
1270
1271
1272
1274
1275
1276
1277
1278
1280
1281
1284
1285
1287
1241
1273
56
956
977
984
987
10
12
13
14
15
24
42
44
45
46
47
24
924
924
21
91
131
233
286
577
578
667
692
991
1200
1250
27
28
30
31
32
33
41
50
51
52
53
54
55
57
58
59
60
62
63
65
256
257
261
262
274
275
276
277
278
279
280
281
282
283
284
285
287
288
289
293
294
306
307
308
309
310
311
484
488
491
514
515
516
517
548
549
637
639
643
647
648
654
657
658
660
661
662
663
664
665
666
668
669
670
675
679
680
686
689
690
693
694
695
696
697
698
699
700
701
702
704
706
709
710
711
712
715
718
719
720
721
722
807
808
810
811
815
816
819
820
829
830
832
833
834
835
836
837
840
841
842
844
845
846
847
848
849
850
853
854
859
860
861
862
863
864
865
866
867
868
869
870
871
872
873
874
875
876
877
878
879
880
881
882
883
884
885
886
887
888
889
890
891
892
893
894
895
896
897
898
899
900
901
902
903
904
905
906
907
908
909
910
911
912
918
926
928
929
930
931
932
933
934
935
936
937
938
939
940
942
943
944
950
958
960
961
992
993
1026
1027
1058
1059
1162
1163
1166
1168
1171
1172
1174
1175
1177
1178
1179
1180
1194
1195
1198
1203
1204
1206
1207
1209
1210
1211
1212
1216
1218
1221
1222
1227
1228
1230
1231
1232
1247
1248
1253
1254
1259
1260
1262
1263
1264
1279
1282
1283
1286
828
838
839
843
851
852
855
856
857
858
1
18
19
20
23
89
121
941
525
557
985
988
989
990
962
963
964
965
968
970
973
974
978
979
982
994
995
996
997
1000
1002
1005
1006
1025
1028
97
98
99
100
122
126
135
182
184
264
296
471
476
477
503
508
509
642
674
68
90
94
137
138
139
149
181
66
67
68
90
94
272
267
270
299
304
302
481
925
957
66
67
258
260
266
290
292
298
239
240
241
242
249
250
251
252
253
254
255
259
263
265
268
226
227
228
229
230
231
232
234
235
236
237
238
291
300
462
463
464
466
470
474
482
486
174
195
196
197
198
199
175
176
177
178
180
183
185
188
189
190
191
192
193
194
142
502
831
9
140
143
144
145
146
148
172
200
201
202
203
204
205
206
207
208
209
210
217
218
219
220
221
222
223
224
225
1074
1267
1075
1079
1083
1084
1121
1122
1125
1126
1127
1130
1131
1159
1169
1235
0
22
25
714
1033
1065
136
584
585
587
588
589
594
595
596
597
598
599
600
601
605
606
607
608
609
610
612
613
614
615
616
617
602
603
604
618
619
620
621
622
624
625
626
627
628
629
630
631
632
633
1089
1095
1085
1086
1087
1088
1091
1092
1096
1097
1104
1100
1101
1105
1106
1107
1109
1110
1111
1114
580
576
1052
1051
1047
581
582
583
586
590
591
592
593
623
489
492
493
494
495
496
506
513
520
542
552
574
646
649
650
653
678
681
682
685
707
913
914
75
88
93
101
105
107
120
123
125
947
948
946
1034
128
129
130
132
133
134
487
915
916
945
73
1039
1042
1043
1057
1060
1066
1071
26
69
73
1039
1042
1043
1057
1060
1066
1071
26
69
73
1039
1039
1042
1043
806
812
809
814
813
817
818
821
822
823
824
825
1057
1060
1066
1071
26
69
1071
26
69
826
827
1023
806
809
812
813
814
817
818
821
822
1009
1010
1011
1021
1022
823
824
825
826
827
295
297
806
809
806
809
812
813
814
817
818
821
822
823
824
825
826
827
812
813
814
817
818
821
822
823
824
825
826
827
824
825
826
827
295
297
826
827
295
297
826
827
827
295
297
295
297
295
297
295
297
579
611
1090
1093
1094
1098
1099
1102
1094
1098
1099
1102
1103
1108
1112
1113
1115
579
611
1090
1093
1094
1098
1099
1102
1103
1108
1112
1113
1115
579
611
1090
1093
1094
1098
1099
1112
1113
1102
1103
1108
1115
1093
1094
1098
1099
1102
1103
1108
1112
1113
1115
1103
1108
1112
1113
1115
1103
1108
1112
1113
1115
1103
1108
1112
1113
1115
1103
1108
1112
1113
1115
1103
1108
547
545
1135
1144
1139
1140
1145
1142
1134
1136
1143
1137
1146
1112
1113
1115
1113
1115
546
1138
1141
1147
1191
1192
546
1138
1141
1147
1191
1192
736
737
738
740
741
742
743
744
745
747
748
749
750
751
752
753
754
775
776
778
779
783
784
787
788
797
798
725
726
758
757
735
767
755
1014
796
1013
724
1015
1012
1016
1017
1018
1019
1020
726
725
732
733
756
764
781
777
765
782
780
768
771
774
803
800
799
746
770
803
774
768
777
782
771
791
800
780
802
792
794
793
