28
30
33
34
35
40
41
44
45
47
48
50
60
62
63
29
51
61
65
120
1
2
3
8
9
12
13
15
16
18
31
1
2
3
5
6
7
8
9
10
11
12
13
14
15
16
17
18
19
20
21
22
23
24
25
26
27
31
37
38
39
42
43
46
49
52
53
54
55
56
57
58
59
119
5
6
7
10
11
14
17
19
20
21
22
23
24
25
26
27
37
38
39
42
43
84
88
116
46
49
52
53
54
55
56
57
58
59
67
68
71
72
73
74
78
79
82
85
86
87
89
90
91
92
110
111
114
117
118
67
68
71
72
73
74
78
79
82
85
86
87
89
90
91
92
110
111
114
117
118
32
66
69
70
75
76
77
80
83
95
97
98
101
102
107
108
109
112
115
64
99
100
103
104
105
106
36
0
0
36
