3098
3099
3100
3101
3104
2465
2466
3105
3106
2485
2487
2488
2489
2492
2493
10458
3098
3099
3100
3101
3104
2465
2466
3105
2470
2471
3106
2474
2475
2476
2478
2479
2480
2483
2484
2485
2487
2488
2489
2492
2493
10458
2470
2471
2474
2475
2476
2478
2479
2480
2483
2484
2479
2480
2483
2484
2470
2471
2474
2475
2476
2478
2479
2480
2483
2484
11397
11416
11428
11429
11430
11433
11440
11485
11484
11486
11487
11490
11492
11496
11499
11500
11503
11505
11508
11516
11517
11518
11519
11521
11522
11523
11524
11525
11526
11527
11528
11529
11532
11533
11534
11535
11537
11536
11538
11539
11540
11541
11542
11545
11543
11544
11546
11547
11548
11549
11551
11553
11554
11555
11556
11557
11558
11559
11560
11561
9934
9935
11564
9936
11565
11566
9938
11567
11431
11568
11569
9085
9090
9112
9115
9117
9119
9122
9140
9144
9147
9149
9151
9152
1131
1132
1135
1136
9367
9371
9372
9368
9376
9375
9377
9380
9383
9384
9385
9386
9389
9390
9391
9392
9395
9399
9403
9404
9400
9407
9410
9409
1222
1223
11417
11418
11419
11442
11483
1242
1241
1245
1247
1248
11491
11493
11494
11495
1250
1251
11497
11498
11504
11509
11510
11511
11512
11513
11514
11515
11520
1254
1255
9441
9442
11552
1284
1286
1287
1288
1291
1292
1295
9081
9082
9083
9084
9089
9093
9095
9096
9097
9100
9101
9103
9106
9108
13303
9677
9678
9679
9680
9681
9682
9684
9685
9687
9688
9689
9690
9692
9693
9694
9695
9696
9697
9698
9699
9700
9701
9702
9709
9710
9712
9713
9714
9711
9715
9719
9721
9720
9722
9716
9717
9121
9125
9127
9128
9129
9132
9133
9724
9725
9726
9727
9728
9729
1606
9135
9822
9823
9824
9825
9827
9828
9829
9830
9831
9832
9833
9834
9835
9836
9837
9838
9854
9855
9859
9858
9138
9883
9890
9891
9904
9915
9923
9924
9930
9931
9928
9932
9929
9933
1743
1744
9955
9956
9960
9961
9962
9963
9964
9965
9966
9967
9968
9970
9982
9985
9987
9988
9989
9990
9991
9992
9993
9994
10011
1768
10014
10015
1766
1760
1767
10017
10019
10020
10021
10022
10023
10024
10025
10026
10043
10046
10047
10053
10074
10075
10085
13298
13299
13300
13301
13302
10107
9683
9920
9952
9977
9978
9979
9980
9983
9995
9996
9997
9998
9999
10000
10002
10003
10004
10006
10007
10008
10009
10027
10028
10029
10030
10031
10032
10034
10035
10036
10038
10039
10040
10041
10198
10049
10050
10051
10052
10054
10055
10056
10057
10065
10199
10200
10201
10202
10203
10204
10205
10066
10069
10072
10073
10076
10081
10230
10231
10232
10233
10234
10235
10236
10237
10082
10083
10084
10086
10087
10088
10089
10242
10247
10248
10250
10256
10259
10249
10271
10274
10279
10280
10282
10281
10288
10291
10303
10305
10308
10097
10106
10309
2125
2131
2136
2142
10328
10331
10108
10337
10340
10341
10344
10354
10357
10360
10363
10369
10375
10376
10379
10380
10382
10383
10386
10398
10401
10407
10408
10411
10412
10414
10415
10418
10430
10439
10442
10448
10449
10450
10515
10516
10519
10520
10521
10522
10524
10525
10526
10528
10529
10530
10531
10532
10534
10545
10546
10547
10548
10551
10552
10553
10554
10556
10557
10558
10561
2371
2372
2373
10573
10574
10579
10581
10582
10584
10585
10587
10588
10593
10604
10605
10606
10613
10614
10616
10617
10619
10620
10624
10625
10626
10627
10628
10629
10630
10633
10635
10636
10638
10639
10642
10643
10646
10644
10647
2467
10206
10207
2473
2482
2491
10238
10239
10240
10241
2500
10243
10244
10245
10246
2503
10691
2506
2505
10693
10694
10695
10272
10273
10275
10276
10277
10278
10697
10698
10699
10700
10701
2520
2140
2532
2535
2537
2538
2565
2566
2569
2570
2597
2598
2601
2602
10517
10518
10804
10549
10550
2624
2626
2627
2628
2631
2632
10881
10884
2701
2702
2703
2704
2705
2707
2708
2710
2711
10575
10576
10577
10578
10580
2720
10583
2723
2724
2725
2726
2727
2728
2729
2730
2733
2734
2735
2736
2737
2739
2740
10926
10927
10930
10931
10586
2752
2753
10590
10591
2754
2755
2756
2757
2759
2762
2778
2781
10607
10608
2783
2784
2785
2786
2787
2788
2789
2791
10325
10980
10982
10985
10990
10993
10994
10995
10999
11000
10615
10618
11002
11003
11008
11012
11013
11016
11017
11018
11022
2842
2843
2845
2846
2851
2854
10622
10623
10631
11048
11049
2869
2870
2872
2874
2875
2877
2878
2882
2883
10634
10637
10640
2887
2888
2890
2891
2893
2894
2895
2898
2900
2902
2903
2904
2906
2908
2909
2910
2911
2914
2915
2919
2920
2922
2923
2925
2926
2927
2930
2932
2934
2935
2936
2938
2940
2941
2942
2943
2944
2945
2953
2974
2976
2977
2978
2985
3006
3008
3009
3011
3012
3013
3014
3015
3016
3033
3034
3035
3036
3037
3038
3039
3040
3041
3043
3044
3045
3046
3047
3048
3050
3051
3052
3053
3054
3057
3061
3065
3067
3068
3069
3070
3071
3072
3073
3097
3103
3119
3120
3124
3126
3129
3130
3131
3132
3133
3135
3136
11328
11329
3148
2552
3168
3204
3205
3208
3209
11398
11399
11401
11408
11412
11414
11415
3236
3237
3240
3241
3255
3258
3259
11444
11447
11448
11450
11458
11460
11464
11467
11468
11469
11470
11471
11473
11476
3300
3302
3303
3304
3307
3308
3312
3313
3316
3317
11501
11502
3321
3322
3323
3324
3326
3327
3331
3363
10983
10987
10992
2868
3423
2899
3455
2931
12141
3510
3511
3514
3516
3519
3520
3523
3524
3527
3528
3529
3548
3549
3550
3551
3552
3555
3556
3560
3561
3579
3580
3581
3582
3583
3585
12142
11834
11835
11836
11837
11838
11840
11841
11842
11843
11844
11845
11846
11849
11850
11851
11852
11853
11854
11856
11857
11858
11859
11860
11861
11863
11864
3107
3110
11865
11866
11867
11868
11869
11870
11871
11872
11873
11874
11875
11876
11877
11878
11881
11882
11883
11884
11885
11886
11888
11889
11890
11891
11892
11893
11895
11896
11897
11898
11899
11900
11901
11902
11904
11905
3180
11906
11907
11908
11911
11912
11913
11914
11915
11917
11918
11919
11921
11923
11924
11925
11410
11936
11937
11938
11939
11940
11943
11944
11945
11946
11947
11446
11949
11950
12145
12146
11449
11451
11459
11461
12011
12012
12013
12014
11462
11463
12017
12018
3871
3872
3873
3881
11465
11466
11472
11477
3882
3883
3884
3885
3887
3888
3889
3890
3891
3892
3893
11478
11479
11480
11481
11482
3902
3903
3904
3905
3906
3907
3908
3909
3910
3911
3912
3913
3914
3915
3916
3917
3918
3919
3920
3921
3922
3923
3924
3925
3926
3927
3928
3929
3930
3931
3932
3933
3934
3935
3936
3937
3938
3939
3940
3941
3942
3943
3944
3945
3946
3947
3948
3949
3950
3951
3952
3953
3954
3955
3956
3957
3958
3959
3960
3961
3962
3963
3964
3965
3966
3967
3968
3969
3970
3971
3972
3973
3974
3975
3976
3977
3978
3979
3980
3981
3982
3983
3984
3985
3986
3987
3988
3989
3990
3991
3992
3993
3994
3995
3996
3997
3998
3999
4000
4001
4002
4003
4004
4005
4006
4007
4008
4009
4010
4011
4012
4013
4014
10568
10570
10572
4130
4134
4136
4140
4153
4154
4155
4156
4157
4158
4159
4161
4162
4163
4164
4165
4167
4168
4172
12365
10600
12366
12367
12368
12369
12371
12372
12373
10602
12374
12375
12376
12377
12378
12381
12397
12398
12399
12400
12401
12403
12404
12405
12406
12407
12408
12409
12410
12413
12414
12416
12418
12419
12420
12421
12423
10611
12433
12434
12437
12438
4301
4304
4305
4308
4309
4333
4336
4337
4340
4341
11570
12610
12611
10562
10648
12615
10649
12618
12619
12621
3592
10563
10651
10564
10565
10652
10653
10654
10655
12642
12643
10656
12647
10657
12651
12653
10658
11903
10659
11916
10660
10662
4507
4508
4515
4516
4519
4520
10667
10668
10670
10671
10674
9950
10675
10676
13933
10678
10679
10680
10681
13938
10683
10684
10685
10566
10567
10569
4614
4617
4139
4622
4625
4152
4626
10688
10689
4166
4174
10598
10599
10601
10609
10610
10612
10702
10703
10594
10595
10707
10708
10713
10714
10715
10716
10596
12617
10717
10718
10719
10720
10721
9945
10650
12620
10723
10725
12622
10726
13983
10727
12625
12626
10729
13024
10730
10597
10731
10732
9946
10733
10734
10735
12649
12652
10739
10740
12654
12657
12658
13084
13085
13086
13087
4931
9947
10661
14018
5105
5106
10663
9948
5131
5134
10666
5163
10669
13350
13353
13361
13362
10672
13366
13367
13368
13369
13371
9951
10682
5366
5367
5382
5384
5387
5391
5392
5393
5394
5396
5397
5400
5401
5425
5426
5428
5429
5432
5433
10312
5678
5679
5680
5683
5684
13904
13958
13906
13963
13908
10322
10911
13930
13931
13932
13936
10913
13940
10916
13954
13964
13966
13151
13977
13976
10921
13294
13295
13981
13296
13297
13986
5121
5129
5132
5133
5135
10923
5136
5137
5138
5146
5148
5153
5161
13996
5164
5165
14008
14009
14014
14013
14015
14016
10929
5851
5852
5853
5854
5856
10934
10935
10937
10939
10940
10941
10943
10948
10950
10952
10953
10957
10958
10984
10961
10962
10963
10989
10967
10968
10970
10971
6053
6055
6058
6060
6061
6062
6063
13907
6064
6065
13909
13910
6066
6068
13911
13913
13914
13915
13917
13918
13919
13939
6099
6105
13941
13942
6107
6110
6111
13945
13946
13947
6128
6129
13949
13950
13951
13952
13955
13956
13957
13959
13960
13961
6131
13962
6137
6139
6142
6143
10665
6169
6185
6186
13982
6210
6211
6212
6213
6215
6216
6219
13984
13987
6220
6244
6245
6247
6248
6251
6252
12650
6331
6332
6333
6334
6337
6338
13989
13990
13991
13992
13994
13995
6345
6346
6347
6348
6351
6352
11040
6414
6415
6416
6417
6418
6420
6422
6423
6426
6437
6438
6439
6440
6442
6443
6444
6445
6446
6447
12680
11073
11075
11076
11080
11081
11084
11085
11087
11090
10686
10687
11105
11107
11108
11112
11113
11116
11117
11346
11347
11348
11349
11351
11191
11193
10951
7216
7217
7218
7219
7222
7223
7226
7227
7229
7230
7234
7235
10955
7238
7239
11365
10960
7498
7499
7501
7502
7506
7507
7510
7511
11044
11045
11278
11279
11280
11281
11283
11310
11311
11312
11380
11313
11315
11381
11383
11330
11331
11333
7900
7901
7902
7903
7904
7908
7909
7912
7914
7919
7921
7926
7927
7932
7933
7934
7935
7936
7938
7939
7942
7943
7944
7945
7947
7948
7951
7952
7967
7968
7970
7971
7974
7975
7976
7977
7979
7980
11360
11361
11362
11363
8026
8027
8054
8055
8058
8059
13998
11378
11379
8132
8133
8144
8145
8146
8147
8149
8164
8165
8176
11396
8177
8178
8179
8181
6201
1096
1099
1102
1105
1106
1107
1108
1109
1115
1116
1117
1118
1119
1122
1123
1124
1125
1128
1134
1137
1138
1139
1140
1141
1147
1148
1149
1150
1151
1152
1153
1154
1155
1156
1157
6436
1158
1160
1161
1162
1164
1165
1166
1167
6441
1169
1170
1171
1172
1173
1174
1175
1177
1178
1179
1180
1181
1182
1183
1184
1185
1186
1187
1188
1189
1190
1192
1193
1194
1196
1197
1198
1199
1201
1202
1203
1204
1205
1206
1207
1209
1210
13943
1211
1212
1213
1214
1215
1218
1221
1224
1225
1226
1227
1228
1229
1230
1231
1232
1233
1234
1235
1238
1239
1240
1243
1244
1246
1253
1256
1257
1258
1259
1260
1261
1262
1263
1264
1265
1266
1267
1270
1271
1272
1273
1275
1276
1277
1278
1281
1290
1293
13993
1605
1742
1751
1752
1753
1754
1757
1758
1764
1774
1775
1776
1785
1900
1901
1965
1968
1969
1970
2003
13988
2035
2048
7911
7913
7915
7916
7917
7918
2050
7920
2053
2060
2061
2080
2082
2085
2092
2093
2124
2128
2130
2132
2133
2134
2135
2137
2138
2139
2145
2152
2154
2156
2157
2160
2162
2163
2164
2165
2166
2167
2168
2169
2170
2171
2172
2174
2180
2182
2183
2186
2187
2188
2196
2198
2199
2200
2212
2214
2215
2218
2219
2220
2230
2231
2232
2313
2315
2316
2319
2323
2324
2327
2328
2330
2335
2339
2345
2347
2348
2351
2355
2356
2359
2360
2362
2367
2433
2434
2435
2438
2439
2441
2442
2443
2444
2446
2447
2451
2452
2453
2455
2456
2457
2459
2461
2564
2567
2571
2572
2575
2579
2596
2599
2603
2604
2607
2611
2633
2636
2637
2640
2641
2647
2649
2652
2653
2656
2658
2659
2660
2663
2664
2665
2668
2669
2672
2673
2679
2681
2684
2685
2688
2689
2691
2692
2693
2694
2695
2696
2697
2698
2700
2706
2709
2721
2732
2738
2741
2743
2833
2836
2837
3151
3152
3153
3156
3161
3165
3166
3183
3184
3185
3188
3193
3197
3198
3210
3211
3242
3243
3328
3329
3330
3332
3333
3334
3335
2184
3336
3337
3338
3339
3340
3341
3342
3343
3344
3345
3346
3347
3348
3349
3350
3351
3353
2201
2202
2203
2204
3354
3355
3357
3358
3359
2216
3360
3361
3362
3364
3365
3366
3367
3368
3369
3370
3371
3372
3373
3374
3375
3376
3377
3378
2233
2234
2235
2236
3379
3380
3381
3382
3383
3385
2309
3386
3387
3389
3390
3391
2321
2341
2353
3444
3447
3471
3512
3587
3588
3591
3619
3620
4132
4171
4299
4674
4678
4681
4682
4685
4686
4687
4688
4689
4690
4693
4706
4710
4713
4714
4717
4718
4719
4720
4721
4722
4725
4740
4741
4742
4746
4772
4773
4774
4778
4800
4801
4803
4804
4805
4806
4812
4814
4831
4832
4833
4835
4836
4837
4838
4840
4842
4846
2776
4863
4871
4874
4885
4886
4887
4889
4890
4892
3122
4903
4906
4310
4679
4711
4917
4918
4919
4813
4816
4817
4818
4819
4820
4821
4823
4827
4828
4829
4830
4921
4922
4924
4926
4929
4845
4848
4849
4850
4851
4852
4853
4855
4859
4860
4861
4862
4864
4865
4866
4867
4868
4941
4869
4870
4872
4873
4963
4971
4875
4876
4877
4878
4879
4880
4881
4882
4883
4884
4894
4896
4897
4898
4899
4900
4973
4901
4902
4904
4905
4907
4908
4909
4910
4911
4912
4913
4914
4990
5010
5042
5058
5060
5062
5064
4915
4916
5090
5092
5094
5096
5166
4953
5204
4985
4987
4992
4993
4994
5002
5004
5005
5006
5008
5009
5020
5021
5022
5023
5024
5025
5026
5034
5036
5037
5038
5040
5041
5262
5264
5052
5053
5054
5055
5381
5083
6052
5115
6168
6200
5149
5150
8139
5178
5180
5181
5182
8140
8143
8151
8152
8153
8224
5227
8405
8406
5236
8438
8790
8792
8793
8795
8796
8797
8798
5255
8822
8824
8825
8827
8828
8829
8830
8832
8833
8834
8864
8865
8866
8988
9020
9050
9051
9167
9169
9170
9199
9201
9202
9732
9735
9764
9767
9817
9820
9849
9852
10067
10098
10099
8437
10527
10559
10895
10898
10899
10902
10903
10905
10906
10907
10908
10909
10938
11009
11010
11011
11014
11015
11020
11021
11041
11042
11043
11046
11047
11052
11053
11055
11056
11058
11060
11062
11063
11064
11066
11067
11068
11071
11072
11074
11077
11078
11083
11088
11089
11091
11092
11093
11094
11095
11096
11097
11098
11099
11100
11101
11102
11103
11104
11106
11109
11110
11115
11119
11120
11121
11123
11124
11125
11126
11127
11128
11129
11130
11131
11132
11133
11134
11135
11136
11137
11139
11140
11159
11169
11171
11172
11474
11506
11550
11862
11894
11920
11922
11926
11929
11931
11932
11948
11951
11953
11954
11955
11956
11957
11958
11961
11963
11964
11967
11977
11978
11981
11984
11989
11990
11991
11992
11994
11997
11999
12009
12010
12016
12022
12023
12024
12026
12029
12031
12032
12035
12038
12039
12048
12049
12064
12067
12070
12071
12080
12081
10894
10945
10946
10947
10964
10966
10969
10973
10974
10975
10977
10978
10979
10996
10998
11001
11005
11006
11007
12460
12465
12466
12469
12470
12502
12534
12544
12554
12576
12586
12624
12630
12656
12662
13061
13063
13064
13093
13095
13096
13199
13231
13266
13271
13384
39
40
41
42
43
44
46
49
50
51
53
54
55
57
64
66
67
68
69
70
71
72
73
74
75
76
79
80
81
82
83
84
89
92
96
98
99
100
101
102
103
104
105
106
107
108
320
322
321
323
324
325
326
327
328
329
330
331
333
332
334
335
338
339
340
341
342
343
344
345
346
347
348
12428
349
350
351
352
353
354
355
356
357
358
359
360
361
362
363
364
365
366
367
370
371
372
373
374
375
376
377
378
379
380
381
382
383
384
385
389
390
391
392
393
394
395
396
1094
1236
1237
1249
1268
1269
1274
1279
1282
1283
1285
1294
1314
1315
1316
1317
1318
1319
1320
1323
1324
1327
1326
1436
1439
1468
1471
1477
1478
1483
1484
1488
1489
1490
1493
1499
1509
1510
1516
1515
1521
1520
1522
1525
1531
1538
1546
1548
1549
1547
1550
1551
1552
1553
1554
1555
1556
1559
1562
1563
1564
1565
1566
1567
1570
1578
1579
1580
1581
1582
1583
1584
1585
1586
1587
1588
1591
1594
1595
1596
1597
1599
1598
1600
1607
1628
1629
1632
1638
1639
1660
1661
1673
1675
1705
1707
1728
1729
1730
1731
1732
1733
1734
1735
1736
1737
1738
1739
1740
1741
1745
1746
1747
1748
1749
1750
1755
1761
1762
1763
1765
1769
1770
1771
1772
1773
1777
1778
1786
1787
1788
1789
1779
1790
1792
1793
1797
1806
1809
1810
1813
1821
1823
1824
1825
1826
1829
1838
1841
1842
1845
1855
1856
1857
1858
1859
1860
1861
1862
1863
1864
1865
1867
1868
1869
1870
1871
1872
1875
387
1884
1885
1886
1887
1888
1889
1890
1891
1892
1893
1894
1895
1896
1897
1899
1902
1903
1904
1907
1916
1917
1918
1919
1920
1921
1923
1924
1925
1926
1927
1928
1929
1931
1932
1933
1934
1935
1936
1937
1938
1939
1940
1941
1942
1943
1944
1945
1946
1947
1948
1950
1951
1952
1953
1419
1955
1956
1432
1433
1957
1958
1435
1959
1960
1961
1963
1964
1451
1966
1967
1464
1465
1467
1475
1971
1972
1973
1974
1975
1976
1977
1978
1979
1507
1980
1982
1983
1984
1985
1986
1987
1988
1989
1990
1991
1992
1993
1994
1995
1996
1997
1998
1999
2000
2001
2002
2004
2005
2006
2007
2008
2009
2010
2011
2012
2013
2014
2015
2017
2016
2018
2019
2020
2021
2022
2023
2026
2024
2025
2027
2028
2029
2030
2031
2032
2033
2034
2036
2037
2038
2039
2040
2041
2042
2043
2044
2045
2046
2047
2049
2051
2054
2055
2056
2057
2058
2059
2062
2063
2064
2065
2067
2068
2069
2070
2072
2073
2075
2074
2076
2077
2083
2086
2081
2087
2088
2089
2090
2091
2094
2095
2096
2097
2104
2105
2106
2107
2108
2109
2112
2113
2114
2115
2116
2117
2120
2122
2123
2126
2127
2129
2144
1677
2143
2146
2148
2147
2149
1679
2155
2158
2159
2161
2175
2179
1695
2189
2190
2191
2192
2193
2194
2197
1709
1711
2207
2211
2221
2222
1727
2223
2224
2225
2226
2229
2239
2240
2243
2244
2310
2311
2314
2312
2317
2318
2320
2340
2342
2343
2346
2349
2350
2352
2344
2368
2369
2370
1805
1807
1808
1811
1812
2382
2383
2386
2387
2390
2391
2396
2398
2399
2400
2401
2402
2403
2404
2405
2414
2415
2418
2419
1837
1839
2428
2430
2431
2454
2458
2462
2463
1840
1843
1844
2486
2490
2494
2495
2496
2497
2498
2499
2501
2502
2522
2523
2524
2525
2526
2527
2528
2531
2530
2529
2533
2534
1853
2554
2555
2556
2557
2558
2559
2560
2561
2562
2563
2568
2573
2574
2577
2580
2581
2582
2583
2584
2585
2586
2587
2589
2592
2593
2594
2595
2600
2605
2606
2609
2612
2613
2614
2615
2616
2617
2618
2619
2621
2625
2630
2634
2635
2638
2639
2642
2643
2644
2645
2646
2648
2650
2651
2654
2655
2662
2657
2666
2667
2670
2671
2674
2675
2676
2677
2678
2680
2682
2683
2686
2687
2699
2712
2713
2716
2731
2742
2744
2745
2748
2765
2770
2773
2774
2834
2835
2838
2840
2841
2844
2850
2847
2848
2852
2855
2857
2856
2859
2862
2863
2867
2873
2876
2879
2880
2881
2884
2885
2886
2889
2892
2897
2912
2913
2916
2917
2918
2921
2924
2929
2907
2946
2947
2948
2939
2949
2950
2952
2956
2957
2958
2959
2960
2961
2962
2963
2964
2966
2967
2968
2969
2970
2979
2980
2981
2982
2984
2988
2989
2990
2991
2992
2993
2994
2995
2996
2998
2999
3000
3001
3002
3010
3042
3056
3096
3113
3114
3128
2181
2185
3201
3203
3213
3214
3233
2213
2217
3235
3245
2336
3246
3392
3419
3421
3422
3420
3424
3451
3452
3453
3454
3458
3459
3470
3563
3564
3568
3571
3575
3577
3578
3586
2690
3604
2714
2715
2717
2718
2719
2722
2746
2747
2749
2750
2751
2839
3617
3618
3623
3636
2871
3652
2896
2928
3684
3732
2972
2973
2975
3761
3764
3776
3777
3780
3004
3005
3798
3801
3808
3809
3812
3007
3867
3870
3874
3875
3876
3877
3878
3886
3895
3896
3897
3898
3899
4015
4016
4017
4018
4019
4020
4021
4022
4023
4024
4025
4026
4027
4028
4029
4030
4031
4032
4035
4036
4037
4038
4039
4042
4041
4043
4044
4048
4049
4051
4052
4055
4057
4058
4059
4061
4064
4068
4069
4070
4071
4073
4074
4075
4076
4077
4080
4081
4083
4084
4087
4089
4090
4091
4093
4098
4099
4102
4105
4108
4117
4120
4121
4122
4123
4124
4126
4127
4125
4131
4137
4149
4160
4169
4170
4303
4306
4311
4312
4314
4315
4316
4317
4318
4319
4320
4321
4322
4323
4324
4325
4326
4327
4331
4335
4338
4510
4511
4613
4616
4621
4675
3562
4680
4683
4684
4691
4692
4694
4696
4707
4712
4715
4716
4724
4723
4726
4728
3624
4739
4743
4744
4745
4747
4748
4751
4752
4771
4775
4779
4780
4783
4784
3868
3869
4802
3879
3880
3900
3901
4807
4808
4034
4040
4809
4811
4045
4046
4050
4053
4815
4822
4824
4825
4826
4834
4839
4062
4063
4066
4067
4072
4078
4082
4085
4841
4843
4844
4094
4095
4847
4854
4097
4856
4857
4858
4100
4104
4107
4888
4891
4893
4895
4920
4923
4925
4927
4932
4933
4934
4935
4937
4938
4129
4939
4940
4942
4943
4945
4946
4947
4949
4950
4951
4954
4955
4956
4958
4964
4965
4966
4967
4970
4969
4972
4974
4975
4977
4978
4979
4981
4982
4983
4986
4988
4991
5001
5003
5007
5011
5012
5013
5014
5016
5018
5015
5019
5017
5033
5035
5039
5043
5044
5045
5046
5047
5048
5049
5050
5051
5056
5057
5059
5061
5063
5065
5066
5067
5068
5069
5070
5071
5072
5073
5074
5075
5076
5077
5078
5079
5080
5081
5082
5084
5085
5086
5088
5089
5091
5095
5097
5098
5099
5093
5100
5101
5102
5103
5104
5107
5108
5109
5110
5111
5112
5116
5117
5118
5120
5122
5123
5124
5125
5126
5127
5128
5145
5147
5151
5152
5154
5155
5156
5157
5158
5159
5160
5177
5179
5183
5184
5185
5186
5187
5188
5189
5190
5191
5192
5196
5197
5199
5200
5201
5202
5203
5205
5206
5207
5208
5209
5210
5211
5212
5213
5214
5215
5216
5217
5218
5219
5220
5221
5222
5223
5224
5225
5226
5228
5229
5231
5232
5233
5234
5235
5237
5238
5239
5240
5241
5242
5243
5244
5245
5246
5247
5248
5249
5250
5251
5253
5254
5256
5257
5260
5261
4750
4753
5263
5267
5268
5269
5270
5271
5273
5274
5345
5346
5347
5348
5349
5350
4760
5351
5352
5353
5354
5356
5357
4763
4764
4765
4766
4767
5358
5359
5360
5361
5362
5363
5364
5365
4782
5376
4785
5377
5379
5380
5389
4792
5395
5398
5402
5405
5406
5407
5408
5409
5411
5412
5414
5416
4795
4796
5413
5419
5421
5423
5424
5427
5430
5677
4797
4798
4799
5737
5738
5734
6070
6072
6073
6075
6077
6078
4810
6080
6083
6084
6085
6086
6087
6088
6089
6090
6092
6093
6094
6095
6091
6096
6097
6098
6100
6102
6104
6103
6108
6101
6106
6109
6112
6115
6116
6117
6118
6119
6120
6121
6122
6123
6124
6125
6126
6127
6130
6132
6133
6134
6135
6136
6138
6140
6141
6144
6147
6145
6166
6167
6184
6183
6198
6199
6226
6227
6224
6228
6229
6230
6231
6232
6233
6234
6235
6236
6237
6238
6242
6243
6419
6421
6424
6425
7905
7907
7899
7906
7910
4957
4959
7924
7928
7937
7931
7969
4989
8043
8044
8045
8046
8049
8050
8051
8052
8104
8106
8107
8108
8109
8110
8120
8121
8123
8124
8125
8127
8129
8130
8131
8134
8135
8137
8158
8159
8161
8162
8163
8166
8167
8169
8171
8175
8183
8184
8185
8190
8191
8192
8193
8194
8195
8196
8197
8199
8200
8201
8204
8205
8206
8207
8208
8209
8210
8211
8212
8213
8214
8219
8220
8221
8222
8223
8225
8226
8227
8228
8229
8231
8232
8233
8236
8237
8238
8239
8240
8241
8242
8243
8244
8245
8246
8247
8248
8249
8250
8251
8252
5167
8253
8254
8255
5168
5169
5170
8256
8257
8258
8259
8261
8266
8267
8268
8269
8270
8271
8273
8274
8284
8285
8286
8288
8289
8290
8291
8293
8298
8299
8300
8301
8302
8303
8305
8306
5252
8316
8317
8318
8320
8321
8322
8323
8324
8326
8327
8328
8329
8331
8330
8333
8334
5272
8338
8337
8339
8340
8341
8342
8343
8345
5355
8346
8348
8349
8357
8352
8353
8354
8356
8355
8359
8361
8358
8362
8363
8360
8365
8366
8369
8370
8371
8372
8373
8374
8377
8375
8378
8380
8381
6435
8787
8260
8262
8263
8264
8265
8272
8275
8276
8277
8278
8279
8280
8281
8282
8283
8287
8292
8294
8295
8296
8297
8304
8307
8308
8309
8310
8311
8312
8313
8314
8315
8319
8325
8332
8335
8336
8985
8364
8367
8368
9017
9032
9035
9045
9046
9048
9054
9064
9067
9077
9078
9080
9086
9102
9107
9134
9139
9166
9198
9310
9311
9342
9344
9345
9343
9348
9351
9352
9353
9354
9356
9357
9359
9360
9363
9388
9408
9428
9429
9432
9433
9440
9461
9464
9465
8819
9486
9488
9492
9491
9520
9524
9518
9523
9049
9052
9053
9055
9087
9088
9120
9184
9355
9358
9387
9411
9412
9413
9414
9415
9416
9418
9419
9420
9422
9423
9424
9425
9427
9443
9444
9445
9446
9447
9448
9450
9451
9452
9454
9455
9456
9665
9666
9667
9668
9669
9670
9457
9459
9460
9686
9691
9718
9723
9733
9734
9737
9738
9739
9740
9741
9742
9743
9744
9745
9746
9747
9760
9761
9765
9766
9769
9770
9771
9772
9773
9774
9775
9776
9777
9778
9779
9798
9799
9800
9801
9802
9803
9804
9805
9806
9807
9808
9810
9811
9813
9814
9815
9818
9819
9821
9826
9839
9840
9842
9843
9845
9846
9847
9850
9851
9853
9856
9857
9860
9861
9864
9865
9884
9885
9886
9887
9888
9889
9892
9893
9896
9897
9899
9900
9901
9902
9911
9918
9917
9916
9919
9921
9922
9925
9926
9927
9940
9941
9942
9943
9949
9953
9954
9957
9958
9959
9972
9973
9974
9975
9981
9984
9986
10001
10012
10013
10016
10018
10033
10044
10045
10058
10059
10068
10048
10063
10070
10071
10077
10078
10079
10080
10090
10091
10095
10100
10101
10102
10103
10105
10109
10110
10111
10112
10113
10114
10115
10116
10117
10119
10122
10123
10124
10125
10118
10121
10126
10127
10128
10129
10130
10131
10132
10133
10134
10135
10136
10138
10139
10140
10141
10143
10137
10144
10145
10146
10147
10148
10149
10150
10151
10153
10154
10155
10156
10157
10158
10159
10160
10161
10162
10163
10164
10165
10166
10167
10168
10170
10171
10172
10173
10169
10175
10176
10177
10185
10189
10190
10192
10193
10208
10209
10217
10221
10222
10224
10225
10257
10258
10260
10261
10262
10265
10266
10267
10270
10269
10289
10290
10292
10293
10294
10297
10298
10299
10302
10301
10304
10306
10310
10313
10314
10315
10319
10336
10338
10342
10345
10346
10347
10351
9664
10378
9809
9812
9816
9841
10409
10410
9844
9848
9937
9939
9969
9971
10005
10010
10037
10042
10060
10061
10062
10092
10093
10094
10104
10471
10142
10474
10480
10481
10482
10490
10496
10497
10498
10499
10500
10501
10502
10174
10513
10514
10533
10178
10179
10180
10181
10182
10183
10589
10621
10641
10645
10184
10673
10677
10690
10696
10704
10705
10706
10709
10710
10711
10712
10722
10728
10736
10737
10738
10741
10210
10211
10212
10213
10214
10215
10216
10742
10743
10744
10745
10746
10747
10748
10749
10750
10751
10772
10818
10821
10883
10885
10886
10887
10889
10890
10891
10893
10896
10897
10901
10904
10914
10915
10917
10918
10919
10922
10925
10928
10933
10936
10944
10949
10954
10956
10959
10965
10976
10981
10986
10988
10991
10997
11023
11024
11028
11037
11050
11051
11054
11057
11079
11082
11086
11111
11114
11118
11122
11138
11141
11142
11143
11145
11146
11147
11148
11149
11150
11151
11152
11154
11155
11156
11157
11158
11160
11161
11162
11163
11164
11165
11166
11167
11168
11170
11173
11174
11175
11177
11178
11179
11180
11181
11182
11183
11184
11186
11187
11189
11188
11190
11192
11194
11195
11196
11197
11198
11199
11200
11201
11202
11204
11205
11206
11208
11209
11210
11211
11212
11213
11214
11215
11216
11217
11219
11221
11218
11220
11222
11223
11224
11225
11226
11227
11228
11229
11230
11232
11233
11234
11236
11237
11238
11240
11241
11242
11243
11244
11245
11246
11247
11248
11249
11254
11252
11250
11253
11251
11255
11256
11257
11258
11259
11260
11261
11262
11264
11265
11267
11266
11269
11272
11273
11276
11277
11285
11286
11289
11290
11291
11292
11293
11295
11296
11297
11298
11299
11301
11304
11305
11309
11308
11317
11318
11321
11322
11323
11324
11325
11327
11335
11336
10377
11339
11340
11341
11342
11343
11344
11345
11353
11354
11355
11357
11358
11359
11367
11368
11371
11372
11373
11374
11375
11376
11377
11385
11386
11387
11389
11390
11391
11392
11393
11394
11395
11402
11403
11404
11405
11407
11421
11422
11423
11424
11425
11426
11427
11434
11435
11436
11437
11439
11453
11454
11455
11475
11507
11530
11531
11562
11563
11571
11572
11573
11574
10523
11575
11576
11577
11579
11580
10555
10560
10571
10592
10603
11581
11582
11583
11584
11585
11586
11587
11588
11589
11590
11591
11593
11595
11596
11597
11598
11600
11601
11602
11603
11604
11606
11607
11608
11609
11610
11612
11613
11611
11615
11616
11617
11614
11618
10882
11621
10900
11619
11620
11622
11623
11626
11627
10932
11625
11628
11629
11630
11632
11633
11634
11635
11636
11638
11639
11640
11641
11642
11643
11644
11645
11646
11647
11648
11649
11650
11651
11652
11653
11656
11657
11663
11664
11668
11670
11671
11672
11674
11675
11676
11677
11678
11679
11681
11682
11685
11680
11688
11689
11683
11684
11268
11271
11274
11695
11696
11282
11284
11287
11700
11702
11300
11703
11704
11303
11306
11314
11316
11319
11706
11707
11708
11709
11332
11334
11710
11711
11337
11717
11350
11356
11723
11724
11727
11728
11364
11366
11369
11730
11738
11731
11732
11382
11735
11739
11388
11749
11755
11400
11756
11406
11759
11411
11762
11432
11760
11763
11438
11764
11443
11767
11770
11578
11594
11654
11655
11658
11659
11661
11662
11665
11666
11667
11778
11669
11673
11780
11784
11686
11687
11690
11691
11693
11694
11697
11698
11699
11701
11791
11792
11790
11705
11789
11797
11793
11799
11795
11794
11796
11802
11803
11798
11712
11713
11714
11800
11807
11715
11716
11718
11719
11720
11810
11805
11806
11804
11801
11721
11722
11725
11726
11729
11733
11734
11736
11737
11812
11740
11741
11816
11742
11743
11744
11745
11746
11747
11748
11821
11822
11750
11751
11752
11753
11754
11757
11823
11824
11825
11826
11758
11761
11827
11831
11829
11828
11830
11832
11833
11839
11848
11847
11765
11766
11768
11769
11855
11879
11880
11887
11928
11930
11933
11934
11771
11772
11935
11952
11959
11960
11962
11965
11966
11969
11970
11971
11972
11976
11979
11980
11982
11985
11986
11988
11773
11996
12001
12002
12003
12004
12008
12020
11774
12028
12033
12034
12036
12037
12040
12041
12042
12043
12044
12045
12046
12047
12050
12051
12054
12057
12058
12059
12060
12061
12065
12066
12068
12069
12072
12073
12074
12075
12076
12077
12078
12079
12082
12083
12086
12089
12090
12091
12092
12093
11775
11776
11777
11779
12109
12110
11781
11782
11783
11785
11786
12113
12114
11787
11788
12271
12272
12295
12296
12299
12300
11808
12327
12328
12331
12332
12370
11809
11811
12379
12380
12382
12383
12384
12385
12390
12391
12394
12402
12411
11813
11814
11815
12412
12415
12417
12424
12426
12427
12429
12430
12431
12432
12435
12436
12439
12440
12441
12442
12443
12444
12445
12446
12447
12448
12449
12450
12451
12452
12453
12455
12456
12461
12459
12458
12462
12467
12471
12472
12463
12464
12473
12468
12475
12474
12476
12477
12478
12479
12480
12482
12483
12484
12486
12487
12489
11817
11818
11819
11820
12491
12492
12493
12495
12497
12498
12494
12499
12500
12501
12503
12504
12505
12506
12508
12507
12509
12511
12513
12514
12512
12515
12516
12518
12519
12521
12523
12524
12525
12526
12527
12529
12530
12531
12532
12533
12535
12537
12539
12540
12541
12543
12545
12536
12538
12546
12547
12548
12549
12550
12551
12553
12555
12556
12557
12559
12561
12558
12563
12565
12566
12564
12567
12568
12573
12571
12575
12577
12578
12579
12580
12581
12582
12583
12585
12587
12588
12589
12590
12591
12593
12595
12596
12597
12598
12599
12600
12603
12605
12607
12612
12613
12614
12609
12616
12623
11909
11910
11927
12633
12634
12635
12636
12638
12641
12644
12645
12646
12648
12655
11941
12665
11942
12666
12667
12668
12670
12697
12698
12712
12021
12992
13022
13028
13042
13044
13054
13148
13149
13147
13150
13155
13156
13158
13157
13159
13160
13172
13173
13174
13175
13178
13179
13291
13292
13293
13306
13307
13311
13318
13321
13327
13328
13329
13330
13331
13334
13335
13336
13339
12422
12425
12454
12457
13363
12481
12496
13360
13359
13374
13376
13378
13377
13383
13382
12528
13379
13380
13385
13386
13387
13381
13388
12627
12628
12629
12631
12632
12659
12660
12661
12663
13408
13409
13410
12664
13412
13414
13415
13416
13411
13418
13413
13417
13419
13420
13506
13507
13304
13305
13308
13312
13313
13314
13315
13316
13317
13319
13320
13322
13323
13324
13527
13326
13332
13333
13337
13338
13340
13539
13341
13342
13343
13344
13345
13346
13347
13348
13349
13351
13352
13354
13355
13356
13358
13364
13365
13370
13372
13373
13375
13648
13650
13652
13653
13654
13656
13657
13658
13659
13660
13680
13682
13684
13685
13686
13688
13689
13690
13691
13692
13696
13707
13801
13824
13836
13844
13845
13846
13847
13850
13856
13868
13879
13877
13876
13878
13882
13890
13891
13893
13896
13897
13901
13900
13912
13916
13922
13925
13923
13927
13928
13944
13948
13953
13971
13969
13972
13965
13974
13975
13970
13967
13973
13980
13985
14000
13999
14001
14003
13997
14007
14004
14002
14006
14012
14005
14017
14021
14023
14062
14020
14027
14022
14026
13531
13532
13538
14071
14072
13703
13704
13705
13706
13708
13710
13711
13712
13714
13715
13716
13717
13818
13819
13820
13821
13822
13823
13825
14077
14078
14079
14085
14080
13826
13827
13828
13829
13831
13832
13833
13834
14081
14086
14082
14083
14084
13852
13853
13854
13855
13857
13858
13859
13860
13861
13863
14087
14088
14089
14090
14091
13864
13865
13866
13884
13885
13886
13887
13894
13895
13898
13899
13902
13926
13929
13934
13968
14063
14064
14065
14066
14067
14068
14069
14070
14073
14074
14075
14076
6114
6171
6203
6206
6208
6214
6217
6221
6225
6246
6249
8114
8115
8117
8118
8156
8188
9091
9092
9094
9098
9099
9104
9105
9109
9110
9111
9113
9114
9116
9118
9123
9124
9126
9130
9131
9136
9137
9141
9142
9143
9145
9146
9148
9150
9340
9341
9346
9347
9349
9350
9361
9362
9364
9365
9366
9378
9379
9381
9382
9393
9394
9396
9397
9398
9730
9731
9736
9748
9762
9763
9768
9780
9862
9894
9905
9906
9913
9944
9976
10197
10229
10632
10664
11019
11025
11026
11027
11030
11031
11032
11034
11035
11036
11039
11059
11069
11987
11993
11995
11998
12019
12025
12027
12030
12284
12287
12288
12307
12309
12314
12315
12324
12326
12363
12364
12386
12387
12388
12389
12392
12393
12395
12396
12608
12639
12640
12671
12683
12684
12876
12878
12879
13206
13208
13211
13214
13215
13216
13217
13218
13219
13220
13221
13222
13223
13224
13225
13226
13229
13230
13238
13240
13243
13246
13247
13248
13249
13251
13259
13260
13261
13262
13263
13264
13265
13267
13268
13269
13270
13273
13280
13281
13283
13403
13405
13406
13519
13978
14010
10541
10542
12310
13205
13207
13209
13212
13213
13232
13233
13234
13235
13236
13237
13239
13241
13244
13245
13250
13252
13253
13254
13255
13256
13257
13258
13276
13279
13282
13284
13285
13286
13287
13288
13289
13290
13920
13921
13924
1095
1100
1101
1111
1112
1114
1127
1133
1143
1144
1146
1159
1163
1168
1191
1195
1200
1794
1796
2153
2322
2325
2326
2329
2334
2338
2354
2357
2358
2361
2366
2758
2760
2763
2764
2767
2775
2790
3215
3216
3223
3226
3227
3228
3229
3231
3247
3248
4298
4676
4677
4695
4697
4698
4699
4700
4701
4702
4708
4709
4727
4729
4730
4731
4732
4733
4734
4776
4777
4928
4936
4944
4948
4952
4968
4976
4980
4984
5087
5119
5193
5194
5198
5230
5258
5259
5265
5266
1145
1756
8112
8113
8116
8119
8122
8128
8157
8160
8347
8351
8379
8383
8384
8385
8386
8387
8388
8389
8390
8391
8392
8393
8394
8395
8396
8397
8398
8399
8400
8401
8402
8403
8407
8409
8410
8411
8412
8413
8414
8415
8416
8417
8418
8419
8420
8421
8422
8423
8424
8425
8426
8427
8428
8429
8430
8431
8432
8433
8434
8435
8439
8441
8442
8443
8444
8445
8446
8447
8448
8449
8450
8451
8452
8453
8454
8455
8458
8460
8463
8464
8465
8466
8467
8468
8469
8470
8471
8472
8473
8474
8477
8479
8480
8475
8476
8481
8482
8483
8484
8485
8486
8487
8490
8492
8495
8496
8497
8498
8499
8500
8501
8502
8503
8504
8505
8506
8507
8508
8509
8511
8512
8513
8514
8515
8516
8517
8525
8526
8527
8528
8529
8530
8531
8532
8533
8534
8535
8536
8537
8538
8539
8540
8541
8542
8543
8544
8545
8546
8547
8548
8549
8550
8551
8552
8553
8555
8556
8557
8558
8559
8560
8561
8562
8563
8564
8566
8565
8568
8567
8569
8570
8571
8572
8573
8574
8575
8577
8578
8579
8580
8587
8588
8589
8590
8591
8592
8593
8594
8645
8646
8647
8648
8649
8650
8653
8654
8670
8671
8674
8675
8676
8677
8678
8679
8680
8681
8682
8685
8686
8702
8703
8705
8706
5195
8714
8713
8712
8731
8732
8733
8737
8738
8741
8745
8746
8189
8763
8764
8765
8770
8404
8408
8436
8440
8771
8775
8456
8777
8778
8776
8779
8478
8488
8780
8782
8510
8788
8783
8784
8785
8791
8794
8799
8802
8803
8576
8581
8807
8808
8809
8810
8582
8583
8584
8585
8586
8813
8812
8811
8815
8814
8651
8652
8655
8656
8657
8658
8659
8660
8661
8662
8663
8664
8816
8817
8665
8666
8667
8820
8683
8684
8823
8826
8831
8687
8688
8689
8690
8691
8692
8693
8694
8695
8696
8697
8698
8699
8835
8836
8848
8849
8880
8881
8893
8894
8908
8910
8911
8917
8918
8919
8920
8921
8922
8925
8923
8927
8924
8926
8726
8940
8942
8943
8946
8949
8950
8951
8952
8953
8954
8955
8956
8957
8958
8959
8960
8961
8962
8734
8963
8964
8965
8966
8967
8968
8969
8970
8735
8971
8972
8973
8974
8976
8978
8979
8980
8983
8984
8986
8987
8989
8990
8991
8992
8993
8994
8995
8996
8997
8998
8999
9000
9001
9002
9003
9004
9005
9006
9008
9010
9011
9012
9015
9016
9018
9019
9021
9022
9025
8766
8767
9023
9024
9028
9029
9030
9031
8768
8769
8772
8773
8774
9036
9041
9044
9047
9056
9057
9060
9061
9062
9063
8781
9068
9073
9076
9079
9153
9154
9155
9156
9157
9158
9159
9160
9161
9162
9163
9164
9165
8800
8801
9168
9171
9174
8804
8805
9178
9179
9180
9182
9183
9186
9185
8806
9189
9190
9187
9188
9191
9192
9193
9194
9195
9196
9197
9200
9203
9206
9210
9211
9212
9214
9215
9219
9222
9262
9263
9264
9265
9266
9268
9269
9270
9271
9272
9273
9274
9275
9276
9277
9278
9279
9280
9281
9282
9283
9284
9285
9286
9287
9288
9289
9290
9291
9292
9294
9299
9301
9302
9306
9307
9308
9309
9312
9313
9314
9315
9316
9317
9318
9319
9320
9321
9322
9323
9324
9326
8975
8977
9331
8981
8982
9333
9334
9007
9009
9013
9014
9338
9339
9417
9426
9033
9034
9436
9437
9449
9458
9037
9038
9039
9040
9065
9066
9468
9469
9069
9070
9071
9072
9484
9487
9489
9172
9173
9493
9175
9176
9494
9495
9496
9497
9498
9499
9500
9501
9502
9503
9516
9519
9521
9525
9526
9527
9528
9529
9530
9531
9532
9533
9534
9535
9537
9538
9540
9541
9204
9205
9542
9543
9546
9547
9207
9208
9548
9551
9553
9554
9556
9557
9558
9223
9267
9559
9561
9562
9563
9564
9569
9570
9572
9573
9574
9575
9578
9579
9580
9583
9585
9586
9588
9589
9590
9591
9593
9594
9595
9596
9597
9600
9293
9605
9606
9607
9608
9295
9296
9297
9298
9300
9609
9610
9611
9613
9614
9303
9304
9305
9616
9617
9618
9621
9622
9623
9624
9626
9627
9629
9630
9632
9325
9637
9638
9639
9640
9641
9327
9328
9329
9642
9643
9645
9646
9330
9332
9648
9649
9650
9653
9654
9655
9656
9658
9659
9661
9662
9671
9673
9335
9674
9703
9336
9337
9705
9706
9754
9755
9756
9757
9758
9759
9863
9895
9898
10120
10152
10186
10187
10195
10196
10218
10219
10227
10228
10805
10817
11153
11185
11275
11288
11294
11307
11320
11326
11338
11352
11370
11384
11968
11973
11974
11975
12000
12005
12006
12007
12096
12097
12098
12099
12124
12125
12128
12129
12138
12140
9545
9549
9550
12311
12485
12488
12490
12517
12520
12522
12569
12570
12572
12574
9565
12601
12602
12604
12606
9577
12681
12862
12863
12864
12865
12866
12867
12868
12869
12870
12871
12872
12873
12874
9581
9582
12875
12877
12896
12897
12898
12899
12900
12901
12902
12903
12904
12905
12906
12907
12908
12909
12910
12911
12928
12929
12930
12931
12932
12933
12934
12935
12937
12938
12940
12941
12942
12943
12946
12950
12951
12953
12954
12955
12956
12957
12958
12959
12960
12961
12962
12963
12964
12965
12966
12967
12968
12969
12970
12972
12973
12974
12975
12978
12982
12983
12985
12986
12987
12988
12989
12990
12991
13016
13017
13018
13019
13020
13021
13023
13029
13030
13031
13032
13033
13034
13035
13036
13037
13038
13039
13040
13041
13045
13046
13047
13048
13049
13050
13051
13052
13053
13055
13056
13057
13058
13059
13062
13066
13074
13077
13083
13088
13089
13090
13091
13094
13098
10191
10194
10223
10226
13106
13109
13115
13117
13121
13122
13124
13125
13126
13128
13129
13130
13131
13132
13133
13134
13135
13137
13141
13142
13139
13136
13153
13154
13161
13162
13163
13164
13165
13166
13167
13168
13169
13171
13182
13183
13180
13181
13184
13187
13188
13195
13392
13389
13393
13390
13391
13394
13396
13397
13398
13395
13399
13400
13401
13404
13402
13407
13421
13422
13424
13423
12936
13426
13425
12939
13427
13428
13429
13430
13431
12971
13432
13433
13434
13436
13438
13435
13437
13439
13440
13441
13444
13060
13067
13445
13068
13069
13070
13071
13072
13447
13448
13450
13446
13449
13073
13075
13076
13078
13079
13080
13081
13082
13092
13099
13100
13101
13102
13103
13104
13105
13107
13108
13110
13459
13460
13461
13111
13112
13113
13114
13462
13463
13116
13118
13119
13123
13127
13464
13465
13466
13467
13468
13469
13470
13473
13472
13140
13143
13144
13145
13146
13476
13477
13478
13479
13480
13481
13482
13487
13491
13492
13493
13494
13495
13496
13497
13498
13499
13500
13501
13502
13505
13176
13177
13189
13190
13191
13192
13193
13194
13196
13197
13198
13200
13201
13202
13203
13204
13455
13471
13503
13504
13520
13522
13523
6204
6205
6172
6173
8457
8461
8786
8789
8818
8821
8867
8868
8907
8932
8939
9027
9058
9059
9430
9431
9434
9435
9438
9439
9462
9463
9466
9467
9470
9471
9472
9473
9474
9475
9476
9477
9478
9479
9480
9481
9482
9483
9485
9490
9504
9505
9506
9507
9508
9509
9510
9511
9512
9513
9514
9515
9517
9522
9544
9552
9555
9566
9567
9576
9584
9587
9598
9599
9601
9602
9603
9604
9612
9615
9619
9620
9625
9628
9631
9633
9634
9635
9636
9644
9647
9651
9652
9657
9660
9663
9676
9708
10972
11004
12052
12053
12055
12056
12084
12085
12087
12088
12094
12121
12123
12880
12881
12912
12913
13357
13451
13452
13453
13454
13456
13483
13484
13485
13486
13488
8126
8931
9026
9074
9075
12122
1828
2761
2792
2793
2794
2806
2821
2823
2824
2825
2827
2828
2829
2831
2832
12106
12108
12116
12119
12120
5863
5864
5865
5866
5867
5868
5869
5870
5872
5873
5874
5876
5877
5878
5879
5881
1827
5883
5884
5885
5886
5887
5889
5890
5891
5892
5893
5894
5895
5896
5897
5898
5899
5900
5901
5902
5903
5904
5905
5907
5908
5909
5910
5912
5913
5914
5915
5916
5917
5918
5919
5921
5922
5923
5924
5925
5926
5927
5928
5929
5930
5931
5932
5933
5934
5935
5936
5937
5939
5940
5941
5942
5944
5945
5946
5947
5948
5949
5950
5951
5961
5962
5968
5969
5982
5983
5963
5993
5994
6000
6001
6014
6015
5995
6019
6021
6030
6031
6032
6033
6034
6035
6037
6038
6039
6040
6042
6044
6045
6046
6047
6051
6067
6150
6151
6152
6153
6154
6155
6182
6187
11144
5855
514
515
517
519
520
522
523
524
526
527
528
529
530
532
533
534
535
536
537
538
542
543
5911
545
546
547
549
551
552
554
555
556
558
559
560
561
562
564
565
566
1296
1297
1298
1299
1301
5943
1307
1309
5964
5965
5966
5967
1328
1329
1330
1331
1333
5975
1339
1341
1345
1346
1347
1348
1349
1350
1351
1352
1353
1354
5996
5997
5998
5999
6007
1377
1378
1379
1380
1381
1382
1383
1384
1385
1386
1408
1409
1410
1411
1418
1428
1431
1434
1438
1440
1441
1442
1443
1450
1460
1463
1466
1470
1474
1476
1479
1480
1481
1482
1485
1486
1487
1491
1492
1494
1495
1496
1497
1498
1500
1501
1502
1503
1506
1508
1511
1512
1513
1514
1517
1518
1519
1523
1524
1526
1527
1528
1529
1530
1532
1533
1534
1535
1536
1537
1540
1541
1542
1543
1544
1545
1557
1558
1560
1561
1568
1569
1572
1573
1574
1575
1576
1577
1589
1590
1592
1593
1602
1603
1604
3116
4054
4086
541
6069
6082
6240
11029
11033
11038
11061
11065
11070
12100
12101
12117
12290
12291
12292
12293
12316
12317
12318
12319
12322
12323
12325
12695
12696
13508
13509
13510
13511
13512
13513
13514
13515
13516
13517
13518
13521
13529
13533
13540
13541
13542
13543
13544
13545
13546
13547
13548
13549
13550
13551
13627
13628
13629
13630
13631
13632
13633
13634
13635
13636
13637
13638
13639
13640
13642
13645
13661
13662
13663
13664
13665
13666
13667
13668
13669
13670
13671
13672
13674
13677
13683
13687
13693
13694
13695
13697
13698
8111
13719
13651
10253
10255
10285
10287
13888
3112
3530
3531
3532
3533
3534
3535
3536
3537
3538
3539
3540
3541
3542
3546
3547
3737
3741
3769
3773
3792
3803
3806
3807
3810
3811
3824
3833
3835
3838
3839
3842
3843
3844
3846
3847
3848
3851
3854
3859
3862
3865
3866
1
2
3
5
6
7
8
9
16
22
23
24
25
26
27
29
33
34
35
37
38
3830
2551
2519
13272
13274
13275
1300
1302
1303
1304
1305
1306
1308
1310
2865
2866
3841
3849
3850
3852
3853
3855
3856
3857
3858
3860
3861
3864
3894
5740
5741
5744
5745
5747
5748
5749
5751
5753
5754
5755
5756
5757
5758
5759
5760
5761
5762
5763
5764
5765
5766
5767
5768
5769
5770
5771
5772
5773
5774
5775
5776
5777
5778
5779
5780
5781
5782
5783
5784
5785
5787
5786
5790
5791
5792
5793
5794
5795
5796
5797
5798
5799
5800
5801
5802
5803
5804
5805
5806
5807
5808
5809
5810
5811
5812
5813
5814
5815
5816
5817
5818
5819
5822
5823
5824
5840
5842
5844
5845
5848
5850
2864
10254
10263
10264
10268
10295
10296
10300
3840
3845
5825
5826
5827
5828
5829
5831
5832
5833
5835
5836
5837
5838
6146
6174
6175
6176
6177
6178
6179
6180
6181
6207
1097
1098
1103
1104
1110
1121
1126
1129
1130
1142
1216
1217
1219
1332
1334
1335
1336
1337
1338
1344
1340
1342
1376
1420
1421
1422
1423
1424
1425
1430
1452
1453
1454
1455
1456
1457
1461
1462
1601
1609
1610
1608
1611
1612
1613
1614
1615
1616
1617
1618
1619
1622
1623
1625
1626
1624
1627
1630
1631
1633
1635
1636
1641
1640
1642
1643
1644
1645
1646
1649
1647
1648
1650
1651
1654
1657
1658
1662
1656
1655
1659
1664
1663
1665
1666
1667
1669
1672
1670
1671
1674
1678
1680
1681
1682
1684
1683
1685
1686
1687
1689
1688
1690
1692
10286
1691
1693
1694
1696
1697
1701
1698
1699
1702
1703
1704
1706
1710
1712
1713
1714
1715
1716
1717
1718
1719
1720
1721
1722
1723
1724
1725
1726
2078
2079
2110
2111
2118
2141
2150
2173
2205
2237
2337
2333
2365
2860
2861
2955
2987
3146
3167
3178
3202
3199
3200
3206
3207
3217
3212
3218
3219
3220
3222
3221
3230
3225
3234
3238
3232
3239
3244
3249
3250
3254
3251
3252
3253
3257
3262
3260
3265
3261
3263
3264
3268
3272
3269
3275
3266
3276
3271
3270
3267
3274
3277
3280
3279
3278
3281
3282
3283
3284
3285
3286
3287
3288
3289
3290
3291
3292
3293
3294
3295
3296
3297
3298
3299
3301
3306
3309
3310
3318
3314
3311
3315
3319
3325
3320
3457
3515
3517
3518
3521
3525
3522
3526
3543
3545
3553
3554
3557
3558
4512
4514
4518
1429
4525
4524
4523
4526
4528
4529
4536
4532
4535
4537
4538
4540
4539
4542
4544
4543
4546
4553
4554
4551
4555
4556
4558
4559
4560
4557
4563
4562
4564
4565
4566
4567
4571
4569
4570
4561
4572
4574
4573
4575
4576
4578
4585
4583
4586
4587
4588
4590
4591
4592
4589
4593
1676
4594
4595
4596
4597
4598
4599
4601
4602
4603
4604
4605
4606
4607
4608
4610
4611
4671
4672
1708
4673
4704
4705
4703
4735
4960
4961
5275
5276
5278
5277
5280
5281
5282
5283
5284
5285
5286
5288
5289
5290
5291
5292
5293
5294
5295
5296
5301
5302
5299
5300
5298
5305
5307
5303
5304
5308
5306
5317
5318
5319
5320
5309
5315
5316
5310
5314
5313
5323
5325
5322
5321
5326
5327
5329
5324
5328
5330
5331
5332
5333
5335
5339
5340
5343
5372
5371
5375
5685
5682
5686
5687
5688
5689
5690
5691
5692
5694
5693
5695
5696
5698
5700
5699
5697
5701
5702
5703
5704
5705
5706
5707
5708
5709
5710
5711
5712
5713
5716
5717
5719
5721
5723
5720
5724
5725
5726
5727
5728
5729
3108
5730
5731
5732
5733
5735
5736
5739
5742
5743
5752
7225
7231
7232
7233
7236
7237
7242
7241
7243
7244
7245
7247
7248
7249
7250
7252
7253
7254
7255
7256
7257
7259
7262
7260
7261
7263
7270
7265
7269
7264
7268
7271
7272
7273
7274
7275
7276
7277
7279
7280
7281
7282
7284
7285
7286
7287
7288
7289
7291
7294
7293
7292
7295
7296
7297
7298
7299
7300
7301
7302
7303
7304
7305
7306
7307
7308
7309
7310
7311
7312
7314
7315
7316
7318
7317
7322
7319
7320
7321
7323
7324
7325
7326
7327
7328
7329
7330
7331
7332
7333
7334
7352
7353
7354
7355
7356
7358
7357
7359
7360
7361
7362
7363
7366
7367
7368
7369
7371
7374
7375
7379
7380
7383
7384
7385
7386
7387
7388
7389
7390
7391
7392
7393
7394
7395
7398
7399
7400
7401
7403
7407
7406
7415
7416
7417
7419
7411
7412
7418
7420
7421
7424
7425
7426
7422
7423
7429
7431
7433
7428
7427
7430
4506
7432
7434
7435
4527
4547
4548
4552
7437
7439
7449
7451
7440
7441
7447
7448
7450
4579
4580
7452
7453
7454
7456
7457
4584
7455
7458
7459
7462
7461
7460
7463
7464
7465
7466
7467
7469
7472
7471
7473
7479
7480
7481
7483
7482
7484
7485
7486
7491
7492
7487
7488
7495
5287
7897
5297
7898
7929
7940
7930
7950
7953
5334
7954
7958
7957
7960
7959
7961
7955
7963
7962
7964
7966
7972
7978
7982
7984
7985
7986
7983
7989
7987
7990
7992
7991
7999
7993
7994
7996
7998
7995
8002
8000
8003
8004
8005
8007
8008
8006
7240
7246
7251
8010
7266
7267
8019
8021
8020
7278
8022
7283
8023
8025
8029
8032
8037
8039
8035
8036
8034
8038
8040
8053
8057
8042
8103
7364
7365
7370
7372
7373
7376
7378
8150
7381
7382
7396
7397
7402
7404
7405
7408
7410
7413
7414
8182
8215
8216
7436
8217
8218
7438
7442
7443
7444
7445
7446
8344
8350
8376
8382
7468
7470
7474
7475
7476
7477
9042
9043
7478
9907
9910
7946
7949
10443
10446
10457
10459
10460
10461
10462
7965
7981
10475
10478
10483
10485
10484
10488
10491
10489
10493
10492
10494
10506
10507
10508
10510
10512
10538
10539
10540
10544
7997
10759
10762
10765
10767
10770
10771
10791
10794
10799
10797
10802
10803
10822
10823
10828
10832
10840
10841
10844
10845
10846
10847
10849
10850
10853
10854
10872
10873
10876
10877
10878
10879
11176
12062
12063
12095
12130
12131
12126
12132
12133
12148
12149
12152
12154
12153
12151
12155
12158
12156
12157
12163
12160
12167
12161
12168
12169
12175
12164
12165
12166
12176
12177
12178
12180
12182
12184
12185
12183
12187
12186
12188
12189
12190
12191
12192
12193
12195
12198
12197
12200
12199
12201
12202
12203
12211
12205
12214
12212
12207
12208
12215
12216
12210
12218
12209
12217
12220
12219
12221
12222
12223
12235
12239
12240
12241
12242
12243
12244
12245
12246
12247
12248
12249
12250
12251
12252
12254
12267
12273
12274
12275
12276
12277
12278
12279
12280
12281
12282
12283
12286
12289
12298
12301
12302
12303
12304
12305
12306
12308
12312
12313
12321
12334
12333
12330
12335
12336
12337
12338
12339
12340
12341
12342
12343
12344
12345
12346
12347
12348
12349
12350
12351
12352
12353
12354
12355
12356
12357
12358
12359
12360
12361
12362
12637
12669
12673
12674
12672
12675
12676
12677
12678
12679
12682
12688
12690
12694
12707
12708
12705
12706
12704
12709
12710
12711
12714
12715
12716
12720
12722
12726
12727
12729
12730
12833
12834
12835
12836
12839
12837
12838
12840
12843
12844
12845
12846
12847
12848
12849
12850
12855
12859
12895
12927
12995
10509
12996
12997
12998
12999
13010
13012
13015
13027
13457
13458
13537
13641
13643
13644
13721
13723
13725
13726
13727
13728
13729
13730
13731
13733
13734
13735
13736
13737
13738
13739
13740
13741
13742
13745
13743
13744
13746
13747
13753
13755
13757
13758
13759
13760
13761
13762
13763
13764
13765
13766
13767
13768
13769
13770
13771
13772
13773
13774
13779
13780
13785
13792
11592
11624
13793
13794
13795
13796
13797
13798
13799
13800
13802
13803
12179
13804
13805
13811
13806
13812
13830
13817
13835
13837
13839
13838
12229
12230
12231
12232
12233
12234
12236
12237
12261
13841
13840
13842
13862
13867
13869
13851
12262
12263
12264
12265
12266
12268
12269
13871
13872
13873
13870
13874
13883
13889
13905
13937
13536
13720
13722
13724
13732
13752
13754
13756
13781
13782
13783
13784
13786
13787
13788
13789
13790
13791
3224
3256
13813
13814
13815
13816
13848
13849
13880
13881
8489
8493
8861
8862
8900
8913
8914
8930
8945
13185
13186
0
4
28
32
36
1312
1313
1504
1505
8853
8854
8885
8886
8899
8901
8902
8903
8904
8905
8933
8934
8935
8936
8937
2951
2983
3398
3404
3406
3412
3415
3430
3436
3438
3598
3599
3601
3602
3603
3605
3606
3608
3610
3611
3612
3613
3614
3615
3633
3634
3635
3637
3638
3640
3642
3643
3644
3645
3646
3647
4033
4056
4065
4088
4175
4176
4177
4178
4180
4181
4182
4183
4184
4187
4188
4189
4191
4192
4193
4194
4195
4196
4197
4199
4200
4201
4202
4203
4204
4207
4208
4209
4210
13228
4212
4214
4215
4219
4220
4221
4223
4226
4228
4229
4234
4237
4238
4241
4242
4243
4244
4245
4246
4247
4248
4249
4250
4251
4252
4253
4254
4258
4260
4261
4266
4269
4270
4273
4274
4275
4276
4277
4278
4279
4280
4281
4282
4283
4284
4285
4286
4288
4290
4291
4292
4293
4294
4295
4330
2521
2553
6342
6343
6344
6349
6353
6354
6355
6356
6357
6358
6359
6360
6361
6362
6363
6364
6365
6369
6370
6374
6375
6376
6377
6378
6379
6380
6381
6383
6384
6385
6386
6387
6388
6389
6390
6391
6392
6393
6394
6395
6396
6397
6400
6401
6405
6406
6407
6408
6410
6411
6412
6413
6427
6428
6429
6430
6431
6432
6433
6448
6449
6450
6451
6452
6453
6454
6455
6456
6457
6458
6459
6460
6461
6462
6463
6464
6466
6467
6465
6468
6469
4190
6470
4198
4206
6471
6472
6473
4216
4222
4224
4225
4227
6483
6486
4231
4232
4233
4235
4236
4240
6474
6496
6497
6498
6499
4255
4256
4257
4259
4263
4264
4265
4267
4268
6500
4272
6501
6502
6503
6504
6505
6509
6510
6506
6511
6513
6514
6515
6518
6525
6537
6541
6550
4287
6557
6569
4289
6573
6629
6630
6631
6632
6637
6638
6641
6656
6657
6658
6659
6661
6660
6662
6665
6663
6664
6670
6671
6674
6675
6676
6677
6678
6679
6680
6681
6682
6684
6685
6686
6687
6688
6689
6690
6691
6692
6693
6694
6695
6696
6697
6702
6703
6706
6707
6708
6709
6710
6711
6712
6713
6714
6716
6718
6720
6717
6719
6721
6722
6723
6724
6725
6726
6727
6728
6729
6730
6731
6732
6733
6734
6735
6736
6737
6738
6740
6741
6743
6744
6745
6746
6747
6748
6749
6750
6752
6753
6754
6755
6756
6757
6759
6760
6761
6762
6763
6764
6765
6766
6767
6768
6769
6770
6772
6773
6777
6775
6776
6778
6779
6780
6781
6782
6784
6785
6800
6801
6832
6833
6834
6835
6836
6837
6838
6839
6840
6841
6842
6843
6844
6848
6849
7058
7059
7060
7061
7062
7063
7064
7065
7066
7067
7069
7068
7071
7077
7080
7083
7087
7088
7089
7084
7090
7091
7092
7093
7094
7095
7096
7097
7098
7099
7100
7101
7103
7104
7106
7107
7108
7109
7111
7117
7118
7122
7125
7130
7131
7132
7135
7136
7138
7139
7140
7141
7143
7150
7149
7154
7157
7162
7163
7164
7167
7169
7215
7221
7224
7956
8141
8172
8173
6403
6404
9866
9868
9869
9870
9871
9872
9873
9874
9875
9876
9877
9878
9879
9880
9881
9882
6409
9903
9908
9909
9912
9914
6493
11599
6648
11605
11631
11637
6683
6715
14019
14024
14028
6751
6758
14039
14040
6783
14045
14046
14047
14048
14049
14050
14051
14053
14055
14056
14059
14060
7070
7075
7102
7105
7137
9867
12181
13442
13443
12170
12171
12172
12173
12174
14030
14031
14032
14033
14034
14035
12196
12204
12213
14036
14037
14038
12206
12253
12255
14041
14042
14043
14044
12285
14052
14054
14058
12919
12920
12888
12924
12944
12947
12976
12979
12980
12981
13474
13475
12887
12891
12892
12923
12948
13000
13001
13002
13003
13004
13005
13007
13006
5130
5162
10316
10317
10348
10349
1759
1791
2766
2768
2771
2772
2777
2779
2780
2782
2795
2796
2798
2799
2800
2804
2803
2805
2809
2811
2812
2814
2815
2816
2817
2818
2819
2820
2822
2830
2849
2853
3147
3154
3157
3158
3159
3160
3163
3164
3170
3171
3172
3174
3175
3176
3179
3186
3189
3190
3191
3192
3195
3196
3401
3433
3437
3440
3443
3445
3448
3462
3449
3460
3465
3463
3461
3478
3480
3466
3464
3473
3475
3467
3474
3482
3484
3476
3477
3487
3481
3485
3488
3490
3491
3492
3493
3494
3496
3499
3500
3498
3505
3506
3507
3508
3509
3513
4185
4217
4300
4302
4343
4344
4332
4328
4334
4339
4345
4346
4347
4348
4349
4350
4351
4352
4353
4354
4355
4358
4362
4364
4366
4367
4373
4374
4375
4380
4384
4386
4387
4382
4383
4388
4390
4396
4397
4398
4399
4401
4405
4406
4407
4412
4414
4415
4416
4417
4418
4419
4420
4421
4422
4423
4424
4425
4426
4427
4428
4429
4430
4431
4433
4432
4434
4435
4437
4436
4438
4439
4440
4441
4442
4443
4444
4446
4447
4448
4449
4450
4451
4452
4453
4454
4455
4456
4457
4458
4460
4461
4462
4463
4465
4464
4466
4467
4468
4469
4470
4471
4472
4475
4474
4473
4476
4478
4479
4480
4481
4483
4484
4487
4488
4489
2797
2807
2808
2810
2813
4495
4497
4500
4501
4504
4513
5113
5114
5368
5369
5373
5374
5378
5383
5385
5386
5388
5390
5399
5434
5410
5418
5438
5422
5415
5420
5417
5431
5437
5436
5440
5439
5442
5443
5448
5444
5449
5446
5447
5451
5453
5404
5445
5452
5454
5457
5458
5455
5450
5456
5459
5460
5462
5466
5461
5463
5465
5464
5469
5467
5468
5476
5475
5477
5472
5470
5471
5481
5480
5474
5478
5479
5484
5483
5485
5482
5486
5487
5488
5489
5490
5492
5491
5498
5501
5499
5493
5495
5496
5494
5497
5504
5503
5508
5500
5502
5505
5506
5510
5509
5507
5511
5512
5514
5516
5513
4296
5519
5515
5518
5520
5517
5523
4307
4313
5524
5525
5527
4342
5522
5526
5521
5530
5528
5532
4356
4357
4360
4361
4365
4369
4376
4379
4381
4385
4389
4392
4393
4394
4408
4411
4413
4445
4459
4477
5529
5531
5533
5534
5537
5535
5536
5541
5540
5539
5538
5542
5543
5544
5545
5546
5547
5548
5549
5550
5551
5552
5553
5554
5555
5556
5557
5558
5559
5560
5561
5562
5563
5564
5565
5567
5569
5576
5577
5579
5580
5581
5582
5583
5584
5585
5586
5588
5589
5590
5592
5593
5594
5596
5591
5595
5599
5600
5602
5603
5605
5597
5601
5604
5598
5608
5607
5610
5613
5611
5609
5612
5614
5615
5618
5616
5617
5619
5620
5621
5622
5623
5624
5625
5626
5628
5627
5629
5630
5631
5633
5634
5636
5638
5639
5641
5645
5646
5643
5632
5635
5642
5647
5648
5651
5652
5657
5659
5655
5661
5666
5664
5665
5667
5668
5670
5671
5673
5674
5675
5746
5750
5788
5789
5820
5821
5834
5841
5846
5847
5849
5880
5882
5888
5906
5920
5954
5953
5938
5952
5955
5956
5957
5958
5960
5970
5959
5971
5972
5973
5974
5977
5976
5978
5979
5980
5981
5985
5984
5986
5987
5988
5989
5991
6002
5990
5992
6004
6003
6005
6006
6008
6009
6011
6012
6013
6010
6016
6017
6020
6023
6026
6018
6028
6029
6036
6024
6027
6048
6043
6049
6050
6056
6059
6156
6159
6161
6160
6162
6170
6165
6188
6191
6192
6193
6194
6197
6202
6209
6218
6223
6239
6241
6250
6255
6256
6253
6258
6257
6261
6263
6264
6259
6265
6262
6266
6267
6269
6270
6268
6271
6273
6274
6275
6272
6277
6278
6281
6276
6284
6283
6279
6282
6288
6287
6289
6286
6285
6291
6292
6293
6290
6295
6296
6294
6297
6299
6300
6301
6302
6305
6306
6307
6309
6310
6308
6303
6304
6313
6315
6311
6316
6314
6319
6317
6318
6320
6321
6323
6324
6322
6327
6325
6326
6328
6329
6335
5568
6475
6476
6478
6482
6487
6490
6507
6508
6516
6519
6522
6535
6538
6549
6553
6556
6555
6559
6558
6567
6570
6581
6582
6585
6588
6587
6590
6591
6593
6598
6603
6599
6605
5566
5570
5571
5572
5573
5574
5575
5578
5587
6600
6597
5606
6606
6607
6609
6601
6610
6612
6613
5637
5640
6616
6617
6614
6620
6623
6625
6622
5669
5672
6619
6615
6618
6635
6639
5857
5858
5859
5860
5861
6642
6633
6644
6645
6649
6646
6652
6651
6650
6647
6654
6655
6666
6667
6698
6148
6149
6699
6771
6739
6742
6774
6260
6280
6298
6851
6852
6853
6850
6857
6854
6855
6312
6856
6863
6864
6858
6859
6860
6861
6330
6862
6865
6866
6868
6867
6869
6477
6479
6480
6870
6873
6876
6879
6880
6877
6878
6883
6485
6488
6492
6494
6882
6884
6885
6881
6887
6886
6888
6512
6517
6520
6524
6526
6890
6891
6889
6892
6893
6898
6894
6896
6897
6899
6900
6895
6539
6540
6543
6547
6548
6551
6554
6571
6572
6575
6579
6901
6902
6580
6905
6908
6909
6910
6911
6583
6586
6589
6594
6595
6596
6602
6915
6916
6917
6918
6919
6920
6921
6922
6924
6929
6931
6932
6934
6935
6936
6937
6940
6942
6943
6946
6947
6948
6949
6950
6951
6952
6953
6954
6956
6963
6961
6964
6966
6967
6968
6969
6972
6974
6626
6627
6628
6634
6975
6978
6979
6982
6996
6997
6999
7002
7003
7006
7010
7011
7014
7040
7044
7045
7076
6871
6872
6874
6875
7110
6903
6904
6906
6907
6912
6913
7119
7120
6914
7123
6933
6938
6939
6941
6944
6945
7126
7124
7142
7127
6965
6970
6971
6973
7128
7155
6976
6977
6980
6981
6984
6985
6986
6988
6989
6990
7158
7152
7151
7156
6993
7000
7001
7160
7004
7005
7008
7009
7012
7168
7013
7016
7017
7018
7020
7021
7022
7180
7181
7183
7177
7185
7186
7041
7042
7043
7046
7049
7187
7190
7050
7051
7052
7053
7054
7055
7056
7057
7072
7191
7189
7073
7074
7078
7192
7200
7209
7212
7213
7081
7082
7085
7086
7941
7973
7112
8064
8065
8066
8067
8068
8069
8072
8075
8076
8077
8078
8080
8082
8083
8084
8085
8086
8087
8088
8089
8090
8091
8092
8093
8094
8095
8096
8097
8100
8098
8099
8101
8138
8148
8154
8170
8180
8186
8459
8491
7113
7114
7115
7116
8518
8519
8520
8521
8522
8523
8524
8554
8597
8612
7133
7134
7144
7145
7146
8615
7147
8617
8620
7148
8629
8643
8644
8668
8669
8701
8700
8704
8707
7165
7166
8709
8710
8711
8708
8715
8721
8718
8722
8739
8736
7184
8740
8743
8747
8742
8744
7194
8750
8753
7195
8754
7197
7198
8841
8839
8846
8842
8843
8847
8852
8851
8871
8873
8879
8874
8875
8074
8883
8884
8878
8941
8909
8595
8596
8598
8599
8600
8601
8602
8603
8604
8605
8606
9177
9181
8607
8608
8609
8610
8611
9218
9213
9217
9209
9221
9216
8613
8614
8616
8618
8619
8621
8622
8623
8624
8625
8626
8627
8628
9229
9230
9232
9233
9235
9238
9231
8630
8631
8632
8633
8634
8635
8636
8637
8638
8639
8642
9239
9240
9241
9242
9234
9237
9243
9244
9245
8723
8724
8725
8727
8728
9246
9247
9248
9249
9250
9251
9252
9253
9254
9261
8755
8756
8757
8758
8759
9536
9560
9568
9592
9749
8760
9750
9751
9752
9753
9781
9782
9783
9784
9785
9787
9789
9790
9792
9793
9794
9795
9796
9797
10064
10096
10188
10220
10251
10252
10283
10284
10432
10433
10435
10438
10440
10444
10447
10451
10464
10465
10467
10470
10472
10476
10479
10758
10760
10769
10774
10775
10790
10792
10801
10806
10807
9220
9224
9225
9226
9227
9228
9236
9255
9256
9257
9258
9259
9260
9539
9571
9786
9788
9791
12294
12297
12320
12329
12685
12687
12689
12691
12686
12693
12692
12713
12719
12718
12721
12723
12717
12724
12725
12728
12732
12736
12738
12739
12746
12751
12752
12754
12755
12756
12757
12759
12745
12758
12760
12761
12762
12763
12764
12766
12765
12767
12768
12770
12771
12777
12778
12783
12784
12786
12787
12788
12789
12790
12791
12792
12793
12794
12795
12796
12797
12798
12799
12807
12808
12803
12802
12806
12805
12811
12813
12821
12822
12823
12824
12825
12826
12820
12827
12828
12829
12830
12831
12853
12854
12856
12852
12858
12861
12860
12882
12883
12885
12889
12890
12914
12917
12915
12922
12921
12949
12952
12984
13325
13489
13490
13526
13534
13535
13553
13561
13564
13568
13558
13559
13565
13569
13566
13567
13571
13570
12699
13572
12700
12701
13573
12702
12703
13584
13576
13577
13585
13586
13587
12731
12733
12734
12735
12737
12740
12741
12742
12743
12744
12747
12748
12749
12750
12753
13588
13590
13591
12769
12772
12773
12774
12775
12776
12779
12780
12781
12782
12785
13592
13593
13594
13595
13596
13597
13599
12800
12801
12804
12812
12814
13600
13602
13603
13604
13605
13608
13609
12815
12816
12817
12818
12819
13616
13618
13619
13620
12832
12851
13622
13623
13624
13625
13626
12857
2206
2238
2241
2242
2248
2251
2254
2255
2257
2258
2260
2265
2266
2269
2270
2272
2273
2274
2275
2276
2280
2283
2286
13563
2287
2289
2290
2292
2297
2298
2301
2302
2306
13578
13579
13580
13581
13582
13583
13589
2590
13601
13610
13611
13612
13613
13614
13615
13617
4620
4629
4633
4634
4635
4636
4637
4646
4649
4652
13621
4657
4658
4661
4664
4665
4666
4667
4668
4669
13892
7512
7528
7531
7544
7881
7884
7885
4632
337
369
516
518
521
544
548
550
553
1374
1406
1472
2308
3273
3305
3565
3566
3567
3569
3570
3572
3573
3574
4631
4630
4638
4659
4660
4662
4663
4670
4930
4962
12510
12542
12552
12584
7520
7523
7524
7527
7539
7534
7543
7538
7547
7556
7558
7559
7568
7569
7576
7577
7580
7631
7630
7632
7633
7636
7638
7639
7640
7642
7643
7646
7650
7663
7662
7664
7665
7670
7668
7671
7672
7678
7681
7682
7687
7684
7688
7689
7691
7690
7692
7694
7696
7695
7699
7697
7700
7702
7703
7705
7819
7818
7708
7820
7821
7823
7825
7824
7822
7827
7828
7831
7837
7834
7840
7841
7850
7851
7855
7856
7857
7859
7852
7853
7854
7860
7863
7866
7872
7873
7874
7869
7876
7875
7877
7878
7879
7880
7889
7891
7892
7894
7895
7896
7923
1795
2304
2307
10773
10776
10777
10778
10779
10780
10781
10782
10783
10809
10808
4627
4628
10812
10813
10810
10811
10814
10815
10816
10819
10826
4654
10851
10848
10858
7497
7515
7529
10880
10888
10892
10912
7530
10920
10924
7533
7542
7698
7832
7835
7836
7838
7839
12225
12228
7864
12256
7867
7868
7870
7871
12257
12260
12562
12594
7882
7883
7886
7887
7888
13008
13009
13013
13014
13152
13655
13675
13679
13673
13700
13702
13709
13713
13718
13749
13750
13751
1668
1700
3117
3121
3123
4531
4533
4609
12224
12226
12227
12258
12259
7337
7338
7340
7341
7342
7350
13646
13647
13649
13676
13678
13681
13699
13701
13748
3055
4509
4541
6074
7258
7335
7349
8009
8041
3115
10394
10397
10426
10429
10453
10454
10456
3095
3102
3118
3125
3127
3134
3137
3138
3169
11
10
17
18
19
21
14
56
58
59
60
48
61
400
423
424
427
426
428
432
425
457
463
461
458
464
465
468
469
470
471
474
476
475
478
477
479
490
489
493
495
497
496
503
502
500
506
501
508
507
509
510
511
513
512
539
567
568
571
569
573
570
575
576
574
577
580
579
578
582
583
589
585
590
591
592
593
594
595
620
621
597
598
599
601
600
602
604
603
606
607
609
610
608
611
612
617
614
615
653
631
629
630
633
634
632
636
654
635
639
641
643
645
644
647
646
638
650
649
648
651
652
656
674
655
659
660
657
661
658
662
665
666
664
663
685
686
668
667
669
670
675
671
676
677
673
679
680
678
681
682
683
684
687
688
690
692
691
694
689
693
695
716
717
718
719
698
697
696
699
700
702
701
703
706
704
705
707
711
709
710
708
712
715
714
720
722
721
724
725
723
748
726
727
730
731
729
728
733
732
749
750
751
734
735
736
738
737
740
739
741
743
744
746
747
742
771
752
755
753
756
754
757
758
760
762
761
763
764
759
765
766
767
769
773
770
768
772
776
774
775
778
777
780
782
779
803
781
784
785
789
783
788
787
786
790
792
793
795
794
791
797
796
799
798
800
801
802
804
806
807
809
805
810
812
808
811
816
815
814
813
819
817
820
818
821
822
824
823
825
827
826
830
829
832
828
852
855
831
835
833
834
836
856
858
862
838
837
839
840
842
841
843
845
848
844
847
846
849
851
850
854
853
857
859
861
884
887
888
860
866
864
863
865
867
890
894
897
870
869
874
872
871
873
868
875
900
878
880
877
879
876
903
908
909
881
12
882
885
883
889
886
919
891
892
893
895
896
929
898
901
899
902
904
932
935
905
906
907
913
914
915
912
910
911
917
920
940
941
921
922
916
950
951
923
925
926
927
924
930
928
933
931
936
934
937
966
967
938
968
969
945
944
943
939
942
947
946
948
952
949
953
955
956
954
983
958
957
959
961
960
962
964
963
965
972
970
973
977
998
976
975
971
999
1000
1001
979
985
978
974
981
980
982
987
984
990
986
989
1015
988
991
992
994
995
996
993
997
1002
1003
1004
1006
1008
1009
1005
1007
1010
1013
1012
1011
1014
1017
1019
1022
1018
1016
1021
1023
1020
1026
1025
1035
1067
1069
1070
1077
1076
1073
1084
1083
1087
1091
1089
1092
1090
1093
1357
1356
1355
1358
1365
1359
1366
1367
1368
1369
1375
1387
1372
1390
1388
1391
1389
1397
1398
1400
1399
1401
1404
1407
1415
1412
1414
1413
1416
1426
1444
1446
1445
1447
1448
1458
1473
406
409
422
2965
438
441
2997
3150
3155
3182
3187
3673
540
572
3667
3700
3705
588
3699
3729
642
3721
3723
3730
3740
3738
3747
3772
3755
3762
3753
3770
3781
3782
3789
3785
3788
3784
3793
3783
3790
3797
3799
3802
3813
3814
3816
3815
3817
3820
3821
3822
3825
4092
3829
4060
4359
4363
4377
4391
4395
4409
4400
4492
4371
4370
4378
4403
4402
4410
4493
4490
4486
4482
4505
4521
4639
4640
4498
4499
4502
4496
4503
4545
4522
4530
4534
4577
4568
4642
4643
4600
4612
4618
4623
4615
4619
4624
4653
4641
4644
4655
4647
4645
4650
4656
4651
4648
5653
5644
5341
5336
5650
5342
5337
5656
918
5662
5654
5660
5663
5676
5658
5715
5722
7228
7290
7313
7336
7489
7496
7348
7346
7344
7339
7343
7521
7345
7347
7490
7504
7377
7503
7409
7505
7493
7508
7509
7513
7516
7517
7514
7519
7522
7518
7525
7536
7535
7540
7537
7541
7551
7545
7546
7549
7550
7548
7553
7552
7554
7560
7555
7557
7563
7562
7565
7582
7583
7567
7564
7566
7590
7591
7570
7571
7579
7578
7575
7581
7572
7584
7585
7588
7600
7586
7587
7592
7589
7595
7608
7609
7612
7599
7597
7614
7615
7616
7617
7618
7594
7619
7621
7596
7601
7598
7604
7623
7603
7610
7611
7627
7602
7634
7645
7647
7613
7607
7648
7649
7651
7620
7653
7655
7635
7629
7628
7641
7637
7644
7626
7659
7666
7652
7674
7677
7679
7680
7658
7686
7701
7667
7660
7661
7706
7710
7669
7676
7675
7673
7685
7711
7712
7713
7683
7693
7718
7723
7704
7709
7707
7724
7714
7717
7728
7731
7715
7719
7733
7716
7727
7734
7735
7722
7721
7738
7720
7729
7742
7743
7746
7725
7736
7747
7748
7752
7732
7726
7739
7737
7755
7741
7744
7740
7745
7750
7764
7769
7770
7759
7751
7749
7757
7754
7760
7753
7761
7756
7771
7772
7773
7774
7775
7765
7758
7762
7766
7767
7779
7780
7784
7787
7763
7768
7776
7777
7781
7790
7782
7788
7796
7785
7783
7801
7802
7803
7804
7805
7806
7807
7799
7789
7792
7812
7813
7816
7817
7826
7786
7794
7793
7829
7791
7795
7810
7797
7798
7811
7815
7833
7808
7800
7809
7814
7844
7842
7843
7848
7849
7858
7845
7846
7847
7861
7865
8011
8012
7988
8017
8018
8014
8028
8001
8013
8016
8015
8031
8024
8071
8033
8030
8062
8081
8061
8060
8102
8070
8048
8056
8047
8063
8198
8073
3668
8105
8203
8155
8230
8235
8187
10311
10343
4368
4491
4494
4549
4581
10505
10537
10761
10768
10793
10766
10798
10800
11660
11692
12102
12104
12105
12107
7351
7494
7500
7526
7532
12111
12134
12159
12103
12162
12194
12127
12115
12118
12135
12136
12112
12137
12143
12150
12139
12147
12144
7573
7574
12238
12270
7605
7606
7622
7624
7625
7654
7656
7657
13775
13776
13778
13807
13808
13810
7730
7778
7830
7862
8079
584
581
587
586
596
613
618
622
619
625
624
616
626
627
623
628
1280
1311
1343
1621
12560
12592
1653
1637
1818
1874
1880
1873
1881
1876
1877
1850
1909
1906
1905
1913
1882
1922
1879
1878
1911
1908
1910
1915
1912
1914
1930
1954
1949
1962
1981
2121
2450
2460
2305
2422
2423
2436
2449
2440
2432
2437
2541
2477
2464
2536
2539
2481
2547
2544
2445
2543
2546
2472
2468
2545
2549
2504
2588
2469
3018
3019
3020
3021
3022
3025
3029
3023
3024
2548
2540
2622
2620
3027
3028
3032
3059
3060
3064
2971
3003
3139
3143
3142
3144
3149
3181
3140
3405
3407
3409
3413
3503
3411
3416
3501
3408
3479
3441
3417
3439
3502
3489
3486
3504
3495
3472
3497
3483
3834
3831
4485
4517
4737
4738
4759
4749
1113
4762
4769
4770
4781
4794
4791
1634
5441
5403
5435
5473
5718
5714
1883
2448
6805
6815
6808
6804
7129
6847
7161
7193
8869
8859
8882
8887
8844
8855
8877
8838
8863
8856
8888
8872
8837
8870
8916
8906
8860
8845
8857
8889
8928
8915
8858
8890
8840
8876
8938
8891
8892
8898
8896
8912
8850
8947
8895
8944
8929
8948
8897
10332
4736
4754
10364
4755
4756
4757
4758
4761
4768
4786
4787
4788
4789
4790
4793
6054
6057
6481
6484
7079
7159
7196
7199
7201
13227
13555
13574
13575
13606
13607
94
114
112
85
115
124
121
126
133
77
88
132
116
111
95
127
137
109
138
113
78
86
131
118
91
93
87
110
128
130
141
136
134
119
204
142
123
120
129
125
201
140
206
135
139
149
202
203
205
211
209
224
266
215
217
210
219
11231
11263
221
236
239
231
228
207
245
216
213
225
251
232
220
212
226
227
218
238
223
244
208
243
252
247
241
242
235
229
233
234
222
248
249
255
230
237
240
250
1176
258
253
257
256
1220
267
276
274
1208
270
1252
13554
13598
273
1539
1571
2610
2608
2623
2363
2364
2331
2332
3395
3399
3394
3403
3396
3400
3428
3426
3432
3431
3427
3435
3402
3434
3674
3706
3715
117
3717
3749
214
4205
246
4297
4329
4173
4186
4211
4218
4230
4179
4239
4271
2578
4262
5279
5338
5344
5311
5312
5370
6190
2576
6195
6350
6521
6382
6489
6552
2591
6653
6584
6791
6786
6803
6789
6793
6621
6788
6796
6790
6811
6807
6819
6787
6812
6810
6802
6794
6797
6792
4213
6806
6795
6798
6799
6813
6809
6821
6820
6828
6814
6826
6817
6831
7019
6818
6824
6816
6845
6829
6830
6825
6822
6823
7182
6925
7038
6827
6992
7034
6994
6923
6846
7015
7035
7214
7023
6983
6995
6592
7029
6991
7031
7030
6957
7028
6926
6998
7026
6955
7027
6958
6611
8142
8174
8716
8720
8729
8751
8717
8719
8749
8748
8730
6624
8752
8762
8761
10326
10330
10321
10318
10323
10327
10355
10350
10392
6643
10359
10353
10358
10362
10427
10428
10424
10425
6546
6578
6987
10855
6960
6928
12841
12809
7048
13809
13777
7024
10395
10396
6604
6608
6636
6640
10393
272
282
280
278
283
6927
6930
6959
6962
13530
284
7007
7025
7032
7033
7036
7037
7039
7047
7121
7153
281
13528
285
287
13560
288
307
415
286
290
289
298
309
419
300
304
303
294
314
312
311
13562
292
291
315
302
295
313
318
399
447
306
317
308
277
305
398
388
405
386
316
401
403
319
404
407
397
410
275
408
411
402
420
421
416
429
264
412
433
417
414
418
434
413
443
431
444
435
430
442
437
445
440
271
449
448
439
436
451
462
450
473
446
480
13065
13097
466
13120
268
460
13524
452
472
467
453
454
13552
456
13556
455
1043
482
459
1042
481
1053
488
485
486
484
487
279
491
483
1074
494
1075
492
498
504
499
505
293
525
1033
531
563
1052
1024
557
1032
1030
1034
1031
296
1029
1054
1049
1028
1062
1088
1045
1056
1055
1044
1050
299
1047
1063
1046
1048
1057
1060
1061
1058
1066
310
1079
1078
1064
1080
1065
1082
1371
1037
1086
1403
1370
1038
1402
1041
1039
1051
1071
1085
1120
1081
4404
4372
9370
9402
9373
9405
9401
9369
9406
9374
14029
13843
13875
14061
14025
14057
3559
3074
3066
3085
3087
3080
3086
3091
3089
3469
2228
2512
2509
2515
3075
3076
3078
3081
3082
3084
3088
3090
1781
1782
1040
1780
90
52
1363
1027
1059
1783
1784
2102
2374
2099
2227
2101
2195
2100
3058
3092
3094
3083
3468
3648
3683
3698
6196
8202
11457
