8192
8208
8209
8211
8213
8220
8221
8222
8223
8224
8226
8227
8228
8229
8230
8231
8232
8233
8234
8235
8238
8239
8240
8241
8242
8243
8244
8245
8246
8247
8248
8249
8250
8251
8252
8253
8254
8255
8256
8257
8258
8259
8261
8262
8260
8263
8266
8265
8267
8264
8268
8269
8270
8271
8272
8273
8274
8275
8276
8277
8278
8279
8280
8281
8282
8283
8284
8285
8286
8287
8288
8289
8290
8291
8292
8293
8294
8295
8296
8297
8298
8299
8300
8301
8302
8304
8305
8306
8307
8308
8309
8310
8311
8312
8313
8314
8315
8316
8317
8318
8321
8319
8320
8322
8303
8323
8324
8325
8326
8327
8328
8329
8330
8331
8332
8333
8334
8335
8336
8337
8338
8339
8340
8341
8342
8343
8344
8345
8347
8348
8349
8350
8351
8352
8353
8354
8355
8356
8360
8361
8362
8363
8364
8365
8366
8368
8367
8370
8346
8357
8359
8358
8369
8371
8372
8373
8374
8375
8376
8377
8378
8379
8380
8381
8382
8383
8384
8385
8386
8387
8389
8396
8397
8404
8405
8407
8408
257
258
260
261
264
265
268
269
270
271
272
273
274
275
276
278
279
280
281
283
285
286
8470
8471
8472
8473
8474
8475
8476
8477
8478
8479
8480
8481
8482
8483
301
302
303
304
305
306
307
308
310
311
312
313
315
317
318
323
322
326
327
328
330
331
332
333
334
335
336
337
338
339
340
341
342
343
345
346
347
349
350
351
354
355
358
359
360
362
363
364
365
366
367
368
369
344
348
370
371
372
373
374
375
376
377
378
379
381
380
382
383
384
385
386
387
388
389
390
392
393
394
395
396
397
398
399
400
401
402
403
404
405
406
407
408
409
410
411
412
413
415
416
417
418
419
420
421
422
424
425
10163
431
432
433
434
435
436
437
438
439
440
441
442
443
444
445
447
449
450
453
454
455
457
458
460
463
464
467
472
473
474
475
477
478
481
482
485
486
487
489
490
492
495
496
499
504
505
506
507
509
510
513
516
519
522
523
524
525
526
530
532
533
535
534
536
538
539
537
541
540
527
528
542
543
545
548
551
554
555
556
557
558
564
565
566
567
570
573
574
575
576
577
8489
8764
8768
571
572
559
560
569
8773
8206
8207
8210
8212
8214
8215
8216
8217
8218
8219
8490
8783
8784
9890
9891
9892
8491
9893
9895
9896
9897
8492
9898
8842
8843
8844
8847
8848
8850
8851
9899
9900
8855
9901
9902
8493
8845
8846
8849
10165
9904
9907
8494
9908
701
703
704
705
707
708
709
716
9910
9911
9912
8495
9913
9914
9916
9917
8496
9918
9919
9920
9921
9922
8497
9923
8967
8968
8969
8970
8972
9924
8979
8981
8985
8988
8498
8989
9927
9928
9929
9930
9931
9932
8499
9933
9934
9935
9028
9029
9036
9037
9030
9033
9034
9035
8500
9045
9044
9046
9051
9052
9060
9061
9068
9069
9050
9053
9054
9055
9059
9062
9065
9066
9067
9077
9076
9078
9082
9083
9084
9091
9085
9086
9087
9090
9092
9093
9094
9107
9108
9109
9110
9111
9112
9113
9116
9117
9123
9118
9119
9122
9124
9125
9126
9139
9140
9141
9142
9143
9144
9145
9148
9149
9958
9959
9960
9158
9160
9161
9164
9167
9163
9168
9171
9172
9173
9169
9174
9177
9179
9182
9190
9192
9193
9175
9181
9195
9196
9199
9200
9203
9204
9205
9209
9211
8507
9214
9201
9206
9207
9213
9215
9218
9220
9221
9222
9223
9224
9225
9226
9227
9228
9236
9237
8508
9238
9239
9240
9241
9242
9243
9244
9245
9246
9247
9250
9252
9253
9254
9255
9256
9257
9258
9259
8509
9268
9269
9270
9271
9272
9273
9274
9275
9276
9277
9278
8510
9991
9992
8511
9995
9997
8512
10000
8513
10004
8514
8515
9420
9421
9422
10003
9423
9424
9425
9426
9427
9428
9429
9430
9431
9432
9433
9434
9435
9436
9437
9438
9439
9440
9441
9442
9443
9444
9445
9446
9447
9448
9449
9450
9452
9453
9454
9455
9456
9457
9458
9459
1268
1269
1270
1271
1272
1273
1274
1276
1277
1278
1279
1280
1281
1282
1283
1284
1285
1286
1287
1288
1289
1290
1291
1292
1293
1294
1295
1296
1297
1298
1299
1300
1302
1304
1305
1306
1307
1308
9492
9493
9494
9495
9496
9497
9498
9499
9500
9501
9502
9503
9504
9505
9506
9507
9508
1326
1327
1328
1329
1330
1331
1332
1334
1335
1336
1337
1338
1339
1340
1342
1343
1345
562
568
1354
1357
9542
9543
9544
9545
9546
9547
9548
9549
9550
9551
9552
9553
9554
9555
9556
9557
9558
9559
9560
9561
9562
9563
9564
9568
9569
9570
9571
9572
9573
9574
9565
9566
9567
9575
9576
9577
9578
9579
9580
9581
9582
9583
9584
9585
9586
9587
9595
9596
9597
9598
9599
9600
9603
9606
9607
9608
9610
1423
9609
1424
1425
1426
1427
1428
1429
1430
1431
1432
1433
1434
1435
1436
1437
1438
1439
9624
9625
9626
9628
9630
9631
9623
9632
9642
9649
9635
9638
9639
9640
9641
9647
9648
9650
9651
9652
9653
9654
9656
9657
9658
9660
9655
9662
9663
9664
9665
9666
9667
9668
9669
9670
9671
9673
9675
9679
9682
9683
9684
9685
9687
9688
9689
9690
9691
9693
9694
9696
9697
9698
9699
9700
9701
9702
10069
8445
8446
10075
8447
10072
10073
8448
8449
10076
10078
8450
8451
8452
8453
10157
8454
8455
8456
8457
1594
1595
1596
1600
1602
1604
1605
1606
1607
1610
1611
1612
8460
1615
1617
1618
1619
1621
1622
1623
1626
1627
1631
1632
1634
1636
1637
1638
1639
1642
1643
8466
8467
8468
10160
8469
9858
9859
9860
9861
9863
9864
1673
1674
1675
1678
1679
1682
1686
1700
1702
1704
1705
1706
1707
1710
1711
1714
1718
1728
1735
1736
1737
1738
1739
1740
1730
1741
1742
1743
1744
1745
1746
1747
1748
1749
1750
1752
1753
1754
1755
1756
1757
1758
1759
1760
1729
1767
1768
1769
1770
1771
1772
1773
1774
1775
1776
1777
1778
1779
1780
1781
1782
1784
1785
1786
1787
1761
1762
1788
1789
1629
1790
1791
1792
1794
1795
1796
1797
1798
1799
1800
1801
1802
1803
1806
1809
1810
1811
1813
1814
1815
1816
8501
8502
8503
10006
10007
8504
10010
10011
10012
8505
10015
10017
8506
1838
1841
1842
1843
1845
1846
1847
1848
1854
1855
1856
1857
1858
1859
1861
1879
1881
1883
1884
1888
1889
1890
1891
1893
1303
8516
8517
8518
8520
1911
1913
1915
1916
8522
8524
10127
10128
8526
10129
10130
10131
10132
8527
10133
10134
10135
8528
10137
10138
10139
10140
8529
10141
10142
10143
8530
10145
10148
10149
10153
10154
10155
1970
1971
1972
1973
1974
1731
1975
1976
1977
1978
1979
1980
1981
1982
1983
1984
1985
1986
1987
1988
1989
1991
1992
1763
1995
1998
2001
2002
10166
10167
10169
10170
10171
10172
10173
10174
10175
2050
2051
2052
2053
2054
2055
2056
2057
2058
2059
2060
2061
2062
2063
2064
2066
2067
2068
2069
2070
2073
2074
2075
2077
2078
2079
2080
2081
2082
2083
2084
2085
2086
2087
2088
2089
2090
2091
2092
2109
2110
2111
2112
2113
2115
2116
2117
2118
2119
2120
2121
2122
2123
2124
2125
2126
2129
2130
2132
2133
2134
2135
2136
2137
2138
2139
2140
2141
2142
2143
2144
2145
2162
2178
2179
2180
2181
2183
2185
2186
2187
1676
1677
1680
1681
2188
2189
2190
2191
2192
2193
2221
2222
2223
2224
1687
1708
2225
1709
1712
1713
8484
2278
1719
1732
1733
1734
2343
2344
2345
2346
2353
1751
2355
2357
2358
2359
2360
2361
2362
1764
1765
1766
2370
2371
2373
2374
2376
2377
2379
2380
1783
2381
2382
2383
2384
2390
2391
2394
2397
2402
2403
2405
2406
2408
2409
2411
2412
2413
2414
2415
2416
9865
9866
9867
8486
9868
9869
2523
2526
2527
2528
2529
2530
2531
2532
2533
2534
2535
2536
2537
2538
2539
2540
2541
2542
2543
2544
2555
2558
2559
2562
9872
8487
9875
9876
9877
8488
9878
10164
2764
2765
2766
2767
2768
2769
2770
2771
2772
2773
2774
2775
2776
2777
2778
2779
2780
2781
2782
2783
2784
2785
2786
2787
2788
2789
2790
2791
2792
2793
2794
2795
2796
2797
2798
2799
2800
2801
2802
2803
2804
8519
2805
2806
2807
2808
2809
2810
2811
2812
2813
2814
2815
2816
2817
2818
2819
2820
2821
2822
2823
2824
2825
2826
2827
2828
2829
2830
8521
8523
2831
2832
2833
2834
2835
2836
2837
2838
2839
2840
2841
2842
2843
2844
8525
2845
2846
2847
2848
2849
2850
2851
2852
2853
2854
2855
2856
2857
2858
2859
2860
2861
2862
2863
2864
2865
2866
2867
2868
2869
2870
2871
2872
2873
2874
2875
2876
2877
2878
2879
2889
2890
2891
2895
2896
2897
2900
2921
2922
9885
2946
2947
2948
2949
2951
9886
9887
8750
8751
8752
8754
8755
8758
8759
8761
3223
3224
3225
3228
3229
3255
3256
3257
3260
3261
3271
3272
3277
3343
3344
3345
3346
3350
3351
3352
3353
3347
3348
3355
3356
3357
3358
3359
3360
3361
3362
3363
3364
3365
3366
3367
3368
3369
3370
3371
3372
3373
3374
3375
3376
3377
3378
3382
3383
3384
3385
3387
9909
3379
3380
8485
9925
9926
9936
9937
9939
9941
9942
10161
9943
9944
9945
9946
9947
9948
9870
9950
10066
9952
9953
10162
9954
9955
9956
10067
9957
9879
9880
9881
9882
10068
10014
9884
10159
10020
10021
10023
10024
10027
10032
9460
9461
9462
9463
9464
9465
9466
10029
9467
9468
9469
9470
9471
9472
9473
9474
10035
9475
9476
10036
9477
9478
9479
9480
9481
9482
8464
9483
9484
9485
9486
10038
9487
9488
9489
9490
9491
10039
10042
9509
9510
9511
10043
9512
9513
9514
9515
9516
10044
9517
9518
9519
9520
9521
9522
9523
9524
9525
9526
10046
9527
9528
9529
9530
9531
10047
9532
9533
9534
9535
9536
9537
9538
9539
9540
10048
9541
7161
7162
10051
10052
7163
7164
2342
7166
7182
7184
7185
7187
7201
7203
7204
10061
7384
7385
7386
7387
7388
7389
7390
7393
7397
7398
9612
9613
9614
9615
9616
10064
9617
9618
9619
9620
9621
7470
9622
7473
7492
7494
7495
7498
7499
7502
7509
7510
7511
7512
7513
7514
7515
7516
7519
7517
7518
7524
7526
7527
7530
7531
7534
7541
7542
7543
7544
7545
7546
7547
7548
7549
7550
7551
7552
7553
7554
7555
7556
7558
7559
7560
7561
7562
7563
7565
7564
7569
7570
7568
7573
7574
7575
7572
7601
7599
7600
8462
7605
7606
7699
7700
7701
7702
7703
7704
7705
7706
7707
7708
7709
7710
7711
7723
7724
7725
7726
7727
7728
7729
7730
7731
7732
7733
7734
7735
7736
7737
7738
7739
7740
7741
7742
7743
7745
7747
7748
7750
7751
7752
7520
7754
7756
7757
7758
7759
7760
7761
7762
7763
7764
7765
7766
7767
7769
7770
8463
7790
7791
7792
7793
7794
7795
7796
7797
7798
7799
7801
7802
7803
7804
7805
7806
7808
7810
7811
7813
7814
7815
7816
7817
7818
7819
7820
7821
7822
7823
7827
7829
7830
7832
7834
7835
7836
7839
7840
7842
7843
7845
7846
7847
7522
7848
7849
7850
7851
7852
7853
7854
7855
7859
7861
7862
7864
7488
7485
7489
7490
7493
7496
7497
7500
7501
7866
7867
7868
7506
7871
7874
7876
7877
7521
7525
7879
7880
7881
7882
7883
7884
7528
7529
7532
7533
7538
7887
7566
7567
7571
7890
7891
7893
7602
7603
7604
7607
7837
7899
7900
7906
7908
7909
7911
7912
7913
7914
7915
7916
7919
7922
7923
7925
7869
7931
7932
7789
7948
7949
7885
7828
7980
8458
10158
7831
7833
8459
7896
7917
7897
8465
8461
8083
8084
8085
8086
8088
8090
8091
8092
8093
8094
7860
7863
8095
7865
8098
8101
8102
8103
8104
8105
8106
8107
8108
7929
8109
8110
8111
7872
7873
7875
8112
8113
8114
8115
8116
8117
8118
8120
7878
8122
8123
7928
8124
8125
8126
8127
8128
8129
8130
8132
8133
8134
8135
8136
8137
8138
8139
8140
7888
7889
8151
8152
8155
8159
8156
8160
8161
8164
8165
8166
8167
8168
8169
8170
8171
8172
7894
7895
8183
8191
8184
8187
8188
8194
8195
8196
8197
8198
8199
8200
8201
8202
8203
8204
8236
173
174
175
176
178
181
7901
7902
7903
7904
7905
193
194
7907
7910
197
198
202
206
207
208
209
210
211
7920
7921
7926
7927
212
213
214
215
216
220
217
221
7933
222
223
225
226
229
230
8414
8415
8416
8417
239
241
243
7934
7935
8418
238
240
242
244
245
246
8430
252
8431
8432
8433
253
254
255
8611
8610
8612
459
461
491
493
8762
8765
8781
9889
9894
8852
8854
8853
8874
8875
8876
8877
8878
8879
8880
8881
8882
736
737
739
740
741
748
529
561
9031
9032
9038
9039
9040
9041
8162
9042
9043
9047
9048
9056
9058
9063
9064
9075
9070
9071
9072
9073
9074
9088
9079
9080
9098
9120
9130
9159
9162
8533
9165
9166
9170
9178
9180
9183
9185
9186
9189
9187
9188
9191
9210
9194
9197
9198
9202
9212
9217
9230
9216
9219
9233
9249
9248
9251
8388
8390
8391
8392
8400
8401
8402
8403
8410
8411
8412
8413
8419
8420
8421
9601
9602
8422
9604
9605
8423
8426
8427
8428
8429
9633
9634
9636
9637
8434
8435
8436
8437
8438
8439
8440
8442
8443
8444
9862
10008
10016
1938
1939
1940
1941
1942
1943
1944
1945
1946
1947
1948
1949
1950
1951
8531
8532
8539
8540
8543
8546
8547
8544
8545
8548
8558
8550
2065
8556
8557
8552
2209
2212
2215
2218
8583
8586
8555
8589
8590
8587
8588
8591
8593
8594
8595
8592
8599
8602
8596
8597
8598
8620
8621
8622
8625
8624
8563
8626
8627
9903
8564
9871
2561
8575
8576
2893
2894
10055
8605
8608
10058
8614
8561
8615
8616
8618
8562
8619
8579
8578
8536
8580
10019
8549
8393
8582
8394
8395
8398
8399
8406
8424
8425
10054
7188
7189
7190
7191
7192
7193
7194
7195
7196
7197
7198
7199
7206
7202
7214
7216
7217
7219
7220
7221
7222
7223
7225
7226
7228
7229
7224
7230
7231
7227
1928
7257
7289
7296
7297
7300
7301
7304
7305
7306
7309
7310
7311
7313
7314
7315
7316
7319
8559
7318
7321
7322
7325
7323
7326
7327
7328
7329
7332
7333
7336
7337
7338
7341
7342
7343
7345
7346
7347
7348
7351
7350
7354
8584
7353
7355
7357
7360
7358
7359
7362
7363
7361
7365
7366
7367
7368
7369
7371
7374
7373
7375
7376
7377
7379
7380
10062
7383
7392
7394
7395
7399
7400
7401
7403
9611
10065
7508
7540
7714
7716
7717
7749
7753
7755
8623
8551
7768
7771
8553
7772
7773
7774
7777
7781
7779
7780
7782
7783
7785
7786
7787
7784
7788
7800
7826
7838
7858
7870
7940
7942
7943
7945
7946
7947
7950
7951
7952
7953
7954
7955
7958
7961
7962
7963
7964
7965
7972
7974
7975
7976
7977
7978
7979
8534
8087
8089
8096
8099
8141
8142
8143
8144
8100
8119
8121
8131
8145
8560
8146
8147
8148
8149
8150
8157
8158
8154
8173
8174
8175
8176
8177
8178
8179
8163
8180
8181
8182
8189
8554
8186
8190
7378
2901
7944
8225
8237
256
259
262
263
266
267
277
282
284
309
314
316
319
320
321
324
325
329
352
353
356
357
361
391
414
423
446
448
451
452
456
462
465
466
468
469
470
471
476
479
480
483
484
488
494
497
498
500
501
502
503
508
511
512
514
515
517
518
520
521
531
544
546
547
549
550
552
553
563
8763
8766
8767
8769
8770
8771
8772
8774
8775
8776
8777
8778
8779
8782
9888
9905
9906
700
702
728
729
731
732
760
761
763
764
770
778
782
784
785
788
789
790
791
793
794
795
797
799
810
9049
9057
9081
9089
9095
9096
9097
9099
9100
9101
9102
9103
9104
9105
9106
9114
9115
9121
9127
9128
9129
9131
9132
9133
9134
9135
9136
9137
9138
9146
9147
10037
9176
9208
9229
9231
9232
9234
9235
9993
9994
9996
9998
9999
10001
10002
10009
9451
1275
1301
1333
1341
1344
1346
1347
1348
1349
1350
1351
1352
1353
1355
1356
1358
9588
9590
9591
9592
9593
9594
1422
9627
9629
9659
9661
9672
9674
9676
9677
9678
9680
9681
9686
9692
9695
10070
10071
10074
10077
1597
1598
1599
1601
1603
1608
1609
1614
1616
1620
1624
1625
1628
1630
1633
1635
1640
1641
1683
1684
1685
1688
1689
1690
1691
1692
1693
1694
1695
1696
1697
1698
1699
1701
1703
1715
1716
1717
1720
1721
1722
1723
1724
1725
1726
1727
1793
1804
1805
1807
1808
1812
1817
1818
10005
10013
10018
1837
1839
1840
1844
1849
1850
1851
1852
1853
1860
1862
1863
1864
1865
1866
1867
1868
1869
1872
1873
1876
1877
1878
1885
1892
10136
10144
10146
10147
10150
10151
10152
10156
1990
1993
1994
1996
1997
1999
2000
10168
10206
10176
2071
2072
2076
2108
2114
2127
2128
2131
2146
2182
2184
2194
2195
2196
2197
2198
2199
2200
2201
2202
2203
2204
2226
2227
2228
2229
2279
2280
2281
2282
2283
2284
2285
2286
2333
2334
2335
2336
2337
2338
2339
2340
2341
2347
2348
2349
2350
2351
2352
2354
2356
2363
2364
2365
2366
2367
2368
2369
2372
2375
2378
2385
2386
2387
2388
2389
2392
2393
2395
2396
2398
2399
2400
2401
2404
2407
2410
2524
2525
2545
2546
2547
2548
2549
2550
2551
2552
2553
2554
2556
2557
2560
9873
9874
2880
2881
2882
2883
2884
2885
2888
2892
2898
2899
2902
2903
2904
2905
2906
2907
2908
2909
2910
2911
2912
2913
2914
2915
2916
2917
2920
2945
2950
10053
8753
8756
8757
8760
8780
3221
3222
3227
3254
3259
3270
3273
3274
3275
3276
3349
3354
3381
3386
9915
8971
8976
8977
8978
8980
8982
8983
8984
8986
9938
8987
9940
9949
9951
5842
5843
5844
5845
5846
5847
6047
6049
6051
6052
6053
6055
6056
6057
6059
6060
6061
6062
6067
6069
6070
6071
6074
6079
6082
6083
6084
6085
6086
6087
6088
6089
6090
6091
6092
6093
6094
6095
6096
6097
6098
6099
6100
6101
6102
6103
6104
6105
6106
9883
10022
10025
10026
10028
10030
10031
10033
10034
6744
6745
6746
6747
6748
6749
6750
6751
6752
6754
6755
6757
6758
10041
10045
10049
10050
7145
7147
7148
7149
7150
7151
7152
7153
7154
7155
7156
7157
7158
7159
7160
7165
7183
7200
10056
10057
10059
10060
7391
7396
7402
7404
10063
7466
7467
7468
7469
7471
7472
7474
7475
7476
7477
7478
7479
7480
7481
7482
7483
7484
7486
7487
7491
7503
7504
7505
7507
7523
7535
7536
7537
7539
7557
7576
7577
7578
7579
7580
7581
7582
7583
7584
7585
7589
7590
7591
7592
7586
7587
7588
7593
7594
7595
7596
7597
7712
7713
7715
7718
7719
7720
7721
7722
7744
7775
7776
7778
7807
7809
7812
7824
7825
7841
9589
7844
7856
7857
7886
7892
7898
7918
7924
7930
7936
7937
7938
7939
7941
7956
7957
7959
7960
7973
8014
8015
8016
8017
8018
8019
8020
8021
8022
8097
8153
8185
9589
1644
1647
7598
1649
1651
1653
1654
1655
1658
1659
1663
1668
1670
1672
10221
8656
8688
8722
8723
8726
8727
8729
8730
8731
8732
8733
8735
8736
8739
8741
8742
8744
8745
8746
8747
8710
8711
8712
8713
8714
8715
8718
8719
8720
1661
7205
7207
7209
1650
7213
7232
7242
7243
7244
7240
7248
7247
7272
7264
7274
7276
7275
7279
7280
7298
7299
8737
7303
8743
7307
7324
7330
7331
7335
7356
7339
7352
7382
7320
10222
8629
8630
8631
8633
8636
8637
8640
8642
8650
8652
8653
8654
8671
8672
8674
8675
8676
8684
8643
8644
8645
8648
10226
10227
10233
10236
10228
10229
10230
10232
10234
10235
10276
10277
10278
10279
10237
10280
10281
10282
10283
10284
10285
10286
10287
10290
2164
2165
10288
10289
2166
2167
2168
2169
2170
2171
2172
2173
2174
2175
10248
10249
10251
10252
10253
10254
10255
10258
10250
10256
10257
10259
10260
10261
10262
10263
10265
10264
10266
10267
10268
10269
10270
10291
10292
10293
10294
10297
10295
10296
10298
10299
10300
10303
10301
10302
8628
10238
10239
10240
10244
10245
10241
10243
10246
10247
10271
10272
10273
10275
8601
8604
8634
2886
2887
2918
2919
10224
10225
9981
9984
9985
9987
9989
9990
9733
9736
9742
9745
9748
9749
9751
9752
9962
9963
9964
9965
9966
9967
9968
9969
9970
9971
9973
9974
9975
7186
9703
9704
9705
9707
9719
9720
9721
9722
9723
9725
9726
9727
9732
9961
9982
10242
10274
8917
8939
8942
8943
8949
9184
1455
1456
1457
1458
1459
1460
1461
1462
1463
1464
1465
1466
1467
1468
1469
1470
1471
1482
1514
1562
1563
1564
1485
1486
8441
8409
1478
1518
1517
1510
2210
2211
2213
2217
2219
2220
10231
8938
5803
5804
5807
5811
5812
5813
5814
5815
5816
5817
5819
5826
5830
5832
5834
5836
5839
2177
8655
8687
5827
5829
5833
5837
5838
5840
5841
58
59
60
61
62
64
65
66
76
77
81
82
83
84
85
86
87
90
91
92
93
94
95
96
97
98
139
141
142
143
144
145
146
147
148
158
159
161
162
163
164
165
166
167
168
169
170
171
172
177
179
180
190
191
287
289
290
291
292
293
294
295
296
297
299
300
706
710
711
712
713
714
715
717
718
719
720
721
722
723
724
725
726
727
730
733
734
735
738
742
743
744
745
746
747
749
750
751
752
753
754
755
756
757
758
759
762
765
766
767
768
769
771
772
773
774
775
776
777
779
780
781
796
798
800
801
802
803
804
805
806
807
808
809
1874
1875
1894
1895
1896
1897
1898
1899
1900
1901
1904
1906
1907
1910
1920
1921
1922
1923
1924
1925
1926
1927
1929
1932
1935
1936
1937
1969
7167
7169
7171
7172
7168
8926
8944
8958
2581
2563
2564
2566
2565
2571
2574
2567
2568
2572
2575
2573
2578
2577
2579
2580
2582
2583
2585
2584
2587
2588
2593
2594
2589
2592
2602
2613
2596
2598
2595
2597
2599
2600
2604
2603
2605
2606
2607
2610
2609
2611
2614
2612
2615
2616
2617
2626
2619
2620
2621
2638
2636
2637
2640
2639
2650
2641
2644
2643
2645
2646
2648
2647
2649
2651
2653
2652
2668
2669
2670
2671
2672
2675
2673
2676
2677
2679
2678
2682
2680
2681
2683
2684
2685
2687
2688
2691
2689
2690
2692
2693
2695
2694
2697
2699
2698
2700
2703
2704
2702
2701
2717
2705
2706
2708
2707
2710
2709
2711
2712
2713
2714
2715
2716
2718
2720
2719
2721
2722
2726
2723
2724
2725
2727
2729
2730
2731
2732
2733
2737
2735
2734
2736
2739
2738
2741
2744
2740
2742
2743
2745
2746
2747
2748
2753
2751
2749
2752
2754
2755
2756
2757
2758
2750
2759
2760
2761
2762
2763
8609
8613
8856
8857
8858
8859
8860
8861
8862
8863
8864
8865
8866
8867
8868
8869
8870
8871
8872
8873
8537
8538
8541
8542
8581
8535
8585
8600
8603
8574
140
8606
8607
8617
8577
6078
63
88
89
649
651
652
653
655
656
657
2570
1557
1588
1589
3388
3389
3390
3391
3393
3425
3612
3859
3862
3891
3894
4166
4198
4233
4235
4265
4267
4300
4396
4498
4500
4503
4504
4505
4506
4508
4545
4546
4553
4554
4555
4557
4559
4585
4587
4586
4589
4698
4730
4747
4748
4848
298
4939
4940
4945
4948
4937
1556
4971
4972
4977
4980
4969
5016
5415
5418
5425
5426
5429
5431
5432
5445
5435
5444
5442
5446
5454
5450
5451
5472
5476
5471
5473
5477
5474
5478
5503
5504
5507
5508
5739
4186
4189
4190
4220
4221
4510
4540
4542
4556
4558
4577
4578
4588
4590
4591
4668
4762
4765
4766
4767
4794
4797
4798
4844
4853
4860
4861
8906
8907
8910
8911
8883
8885
8887
1870
1871
1880
1882
1912
1914
1917
2003
2014
2016
2017
2015
2004
2007
2009
2005
2010
2006
2013
2012
2011
2018
2019
2020
2021
2023
2024
2027
2022
2026
2025
2030
2032
2033
2035
2037
2040
2048
2036
2038
2043
2039
2046
2042
2041
2044
2045
2047
2049
3230
3231
3232
3233
3234
3235
3236
3237
3239
3240
3241
3243
3244
3245
3246
3262
7146
7249
7250
7281
7282
2034
8677
6043
6045
6046
6044
6050
6054
6048
6058
6063
6064
6065
6066
6068
6072
6073
6075
6076
6077
6080
6081
6753
6756
6759
6760
9814
9815
9816
9818
9819
9793
8884
8886
9798
9799
9801
9802
9807
9280
9279
9287
9288
9309
9310
9311
9312
9357
9358
9359
9360
9319
9367
9362
9361
9365
9363
9364
9369
9370
9371
9374
9373
9375
9376
9378
9379
9380
9386
9382
9383
9391
9393
9394
9368
9372
9392
9397
9389
9396
9398
9399
9401
9402
9403
9405
9406
9407
9377
9384
9385
9404
9408
9409
9411
9413
9414
9415
9419
9416
9417
9418
9830
9831
9790
9792
9795
9803
9789
9808
9811
9812
9791
9390
9395
9410
9825
9400
9827
9833
149
153
1440
1441
1442
1443
1444
1445
1446
1447
1448
1449
1472
1473
1474
1475
1476
1477
1479
1480
1481
1483
1484
1487
1488
1489
1490
1491
1492
1493
1494
1495
1496
1497
1498
1499
1500
1501
1502
1503
1504
1505
1506
1507
1508
1509
1511
1512
1513
1515
1516
1519
1520
1521
1522
1523
1524
1525
1526
1527
1528
1529
1530
1531
1532
1533
1534
1535
1536
1537
1538
1539
1540
1541
1542
1543
1544
1545
1546
1547
1548
1549
1550
1551
1552
1553
1554
1555
1558
1559
1560
1561
1566
1567
1568
1569
1570
1571
1572
1573
1574
1575
1576
1577
1578
1579
1580
1581
1582
1583
1584
1585
1586
1587
1590
1591
1592
1593
5805
5806
5808
5809
5810
5818
5828
5831
5835
9817
9387
9388
9412
2163
9824
67
71
10119
669
671
10124
10100
10125
10101
1645
1646
1648
1652
1656
1657
1660
1662
1669
10106
10107
10109
10104
10108
10111
10112
10113
10114
10117
10121
10122
10123
10110
10330
10333
10340
10331
10332
10335
10336
10339
10341
10342
10343
10098
10115
10304
10308
10311
10307
10309
10310
10314
10316
3403
3404
3405
3406
3408
3409
3410
3411
3412
3458
3459
3460
3461
3462
3463
3466
3467
3486
3490
3491
3492
3493
3494
3495
3498
3499
3529
3535
3538
3539
3552
3555
3559
3561
3596
3597
3598
3599
3600
3601
3602
3603
3604
3605
3606
3607
3609
3610
3611
3619
3620
3621
3622
3623
3629
3630
3631
3632
3633
3634
3635
3636
3637
3638
3639
3641
3642
3643
3829
3831
3832
3849
3850
3851
3852
3855
3856
3857
3860
3861
3863
3864
3865
3866
3867
3868
3869
3870
3881
3882
3883
3884
3887
3888
3889
3892
3893
3895
3896
3897
3898
3899
3900
3901
3902
3923
3955
3971
3972
3973
3974
3975
3977
3978
3979
3980
3982
3983
3985
3986
3987
3989
3990
3991
3994
3998
3999
4003
4004
4005
4006
4007
4009
4010
4011
4012
4014
4015
4017
4018
4019
4021
4022
4023
4026
4030
4031
4032
4033
4034
4035
4036
4037
4038
4039
4040
4044
4045
4048
4049
4064
4065
4066
4067
4068
4069
4070
4071
4072
4076
4077
4080
4081
4083
4086
4087
4088
4089
4091
4095
4098
4099
4102
4113
4114
4116
4134
4145
4146
4148
4149
4151
4152
4167
4168
4169
4170
4171
4172
4173
4174
4175
4176
4177
4178
4179
4180
4181
4182
4183
4185
4187
4188
4191
4192
4193
4194
4195
4196
4197
4199
4200
4201
4202
4203
4204
4205
4206
4207
4208
4209
4210
4211
4212
4213
4214
4215
4217
4219
4222
4223
4230
4232
4234
4236
4237
4238
4239
4240
4251
4262
4264
4266
4268
4269
4270
4271
4272
7215
7218
4417
4421
4422
4423
4426
4427
4428
4430
4431
4432
4435
4436
4437
4438
4439
4442
4443
4449
4453
4454
4455
4458
4459
4460
4462
4463
4464
4467
4468
4469
4470
4471
4474
4475
4496
4497
4502
4507
4509
4511
4512
4513
4516
4519
4522
4523
4541
4543
4544
4547
4548
4549
4550
4551
4552
4560
4561
4562
4563
4564
4565
4566
4567
4568
4569
4570
4571
4572
4573
4575
4576
4579
4580
4581
4582
4583
4584
4592
4593
4594
4595
4596
4597
4598
4599
4600
4601
4602
4603
4604
4605
4611
4612
4613
4614
4615
4616
4618
4619
4620
4622
4623
4624
4625
4627
4693
4695
4696
4697
4700
4701
4724
4725
4727
4728
4729
4732
4733
4734
4735
4736
4738
4739
4740
4741
4742
4743
4744
4745
4749
4751
4752
4753
4758
4760
4763
4768
4770
4771
4772
4773
4774
4790
4792
4795
4845
4846
4847
4849
4850
4851
4852
4854
4859
4862
4863
4864
4865
4866
4867
4868
4869
4871
4872
4873
4874
4875
4876
4877
4878
4879
4880
4881
4882
4883
4884
4885
4886
4887
4888
4889
4890
4891
4892
4893
4894
4895
4896
4897
4898
4899
4900
4901
4903
4904
4905
4906
4907
4908
4909
4910
4911
4912
4913
4914
4915
4916
4917
4918
4919
4920
4921
4922
4923
4924
4925
4926
4927
4928
4929
4930
4931
4932
4933
4934
4935
4936
4938
4944
4947
4950
4951
4952
4953
4954
4955
4956
4957
4958
4959
4960
4961
4962
4963
4964
4965
4966
4967
4968
4970
4976
4979
4982
4983
4984
4985
4986
4987
4988
4989
4990
4991
4997
4998
5010
5013
5014
5052
5053
5064
5067
5069
5070
5424
5427
5428
5430
5433
5434
5436
5438
5439
5440
5441
5443
5447
5448
5468
5469
5475
5479
5480
5483
5486
5498
5500
5501
10321
10319
10320
10322
10323
10326
10099
10079
10081
10329
10080
10082
10092
10097
10105
10083
10084
10086
10093
9977
9978
9979
9980
666
668
670
672
673
674
681
783
786
787
792
811
812
813
814
815
816
817
818
819
820
821
822
823
824
825
826
828
829
830
831
832
833
834
835
836
837
838
839
841
842
843
844
845
846
847
848
849
864
865
866
867
868
869
870
871
873
874
875
876
877
878
879
880
881
952
953
954
955
956
957
958
959
960
961
962
963
965
966
967
968
969
970
971
973
974
975
977
978
979
980
982
992
993
994
995
997
998
999
1000
1001
1002
1003
1005
1006
1007
1009
1010
1011
1012
1014
1029
1031
1032
1033
1035
1036
1037
1040
1042
1043
10120
2176
2206
2207
2208
2238
2239
2240
2242
2243
5466
2246
2247
2249
2252
2255
2256
2257
2258
2259
2260
2261
2263
2264
2265
2266
2268
10096
2269
2270
2271
2272
2274
2275
2287
2288
2289
2290
2291
2292
2293
2294
2295
2296
2297
2298
2300
2301
2302
855
2303
2304
2308
2309
2310
2311
2312
2313
2314
2315
2316
2317
887
840
2318
2319
2320
2321
2322
2323
2324
2325
2326
2327
859
2328
2329
856
2330
2331
2332
2923
2924
2925
2926
872
2927
2928
2929
2930
2931
2932
860
888
891
2933
2934
2935
2936
2937
2938
2939
2940
2941
2942
2943
2944
3226
3258
3269
3407
3413
3415
3416
3417
3418
3419
3422
3428
3429
3430
3432
3435
3436
3437
3438
892
3439
3440
3441
3442
3443
3444
3445
3447
3448
3449
3450
3451
3454
3485
3508
3515
3517
3954
4118
4119
4121
4124
4125
4126
4128
4129
4130
4133
4135
4150
4184
4216
4218
4364
4517
4520
4617
4621
4626
4737
4746
4769
4218
4364
9976
5437
9976
9706
9708
9724
2262
2008
2028
2029
2031
3238
3242
3247
634
635
636
638
8566
8568
8571
8572
8573
8565
632
639
640
1565
6761
6764
6765
6767
6768
6771
6776
6777
6778
6779
6780
6781
6782
6783
6784
6786
6789
6793
6806
6825
6875
6877
6878
6881
6882
6883
6884
6885
6886
6887
6888
6890
6891
6892
6893
6894
6895
6896
6902
6906
6907
6909
6910
6912
6913
6914
6915
6916
6917
6919
6921
6922
6923
6924
6925
6926
6930
6932
6935
6938
6939
6940
6941
6942
6943
6944
6945
6946
6947
6948
6949
6951
6953
6954
6955
6956
6957
6958
6962
6964
6967
6970
6971
6972
6973
6974
6975
6976
6977
6978
6979
6980
6981
6982
6983
6984
6985
6986
6987
6988
6990
6993
6994
6997
6998
6999
7000
7002
7003
7004
7005
7006
7007
7008
7009
7010
7011
7012
7013
7014
7015
7016
7017
7018
7020
7022
7025
7026
7029
7030
7031
7032
7034
7035
7036
7037
7038
7039
7040
7041
7048
7049
7065
7066
7067
7068
7069
7070
7071
7072
7073
7080
7081
7097
7098
7099
7100
7101
7102
7103
7104
7105
7107
7109
7112
7113
7118
7119
7120
7121
7123
7124
632
7125
7126
639
640
8946
7128
7129
7130
7131
7132
7134
7136
7137
7139
7141
7117
7144
7116
6762
6763
6874
6889
6897
6898
6899
6901
6903
6904
6918
6920
6927
6928
6931
6933
6934
6950
6952
6959
6960
6963
6965
6966
7019
7233
7265
7108
7110
7111
7114
7122
7127
7364
7140
7142
7143
7212
3981
4013
4992
4993
4994
4995
4996
4999
5000
5001
5002
5003
5004
5005
5006
5007
5008
5009
5012
5017
5018
5019
5020
5021
5022
5023
5024
5025
5026
5027
5028
5029
5030
5031
5032
5033
5034
5035
5036
5050
5051
5054
5055
2093
2094
2095
2096
2098
2099
2100
2101
2102
2105
2106
2107
185
4607
4608
4609
4610
9293
9308
9320
9325
9340
9341
9342
9343
9344
9346
9347
9348
9349
9350
9351
9354
9381
4082
4085
4097
4100
4101
9307
9339
9345
9352
9353
9355
9356
1309
1312
1313
1314
1315
1316
1317
1318
1319
1320
1321
1322
1323
1324
1325
5853
5854
5855
5856
5857
5850
5858
5852
5859
5860
5861
5862
5875
5876
5878
5882
5884
5885
5886
5887
6876
6879
6908
6911
6989
6992
6995
7001
7021
7024
7027
7033
7115
1310
1311
5849
5851
5881
5883
2569
2576
2586
2590
2591
2601
2608
2618
2622
2623
2624
2627
2628
2630
2631
2632
2633
2634
2635
2642
2654
2655
2656
2659
2660
2662
2663
2664
2665
2666
2667
2674
2686
2696
2728
2629
2658
2661
2097
2103
2104
8728
8734
8721
8724
8725
983
1015
8686
8689
8748
8692
8695
8696
8697
8698
8699
8700
8702
8716
8717
3533
3540
3548
3549
3551
3553
3554
3556
3557
3608
3640
3993
4025
4090
4094
4434
4466
73
78
79
101
102
103
104
105
106
107
108
109
110
111
112
113
114
115
116
117
118
119
120
121
122
123
124
125
126
127
128
129
130
131
132
133
134
135
136
137
138
150
151
152
154
156
157
160
579
581
582
583
585
586
587
650
654
658
659
660
661
682
683
684
685
686
687
688
689
690
691
692
693
699
850
851
853
858
861
862
863
882
883
885
890
893
894
895
896
897
898
899
900
902
903
904
905
906
907
908
909
910
911
912
913
914
915
916
917
918
919
920
921
922
923
924
925
926
927
928
929
930
931
932
934
935
936
937
938
939
940
941
942
943
944
945
946
947
948
949
950
951
985
986
987
988
989
991
1017
1018
1019
1020
1021
1023
1025
1026
1027
1030
1034
1041
1045
1046
1048
1050
1051
1052
1053
1054
1055
1057
1058
1059
1061
1062
1063
1064
1065
1066
1084
1085
1086
1087
1088
1089
1092
1098
1095
1099
1175
1176
1177
1178
1179
1180
1181
1182
1183
1184
1185
1186
1188
933
1189
1190
1191
1192
1193
1194
1195
1196
1197
1198
1199
1201
1200
1202
1203
1207
1208
1227
1229
1230
901
1231
1886
1887
1902
1903
1905
1908
1909
2205
2952
2953
2954
2955
2956
2957
2958
2959
2963
2964
2965
2966
2967
2968
2969
2970
2971
2972
2973
2974
2975
2976
2977
2978
2979
2980
2981
2982
2983
2984
2985
2986
2987
2988
2989
2990
2991
2995
2996
2997
2998
2999
3000
3006
3001
3002
3005
3003
3004
3007
3009
3010
3011
3012
3013
3014
3015
3016
3017
3018
3019
3020
3022
3023
3024
3033
3034
3036
3035
3037
3038
3039
3041
3042
3043
3044
3045
3046
3047
3048
3049
3050
3051
3052
3054
3055
3056
3065
3066
3067
3068
3069
3070
3071
3072
3073
3074
3076
3077
3080
3078
3075
3081
3082
3083
3079
3086
3085
3084
3087
3088
3089
3090
3091
3092
3093
3094
3095
3096
3097
3098
3099
3101
3100
3102
3103
3104
3105
3106
3107
3108
3109
3111
3112
3113
3114
3115
3116
3110
3118
3117
3119
3120
3121
68
3124
3125
3122
3123
3126
3127
3128
3129
3130
3131
3132
3133
3134
3135
3136
3137
3139
3141
3140
3138
3142
3143
3144
3145
3154
3155
3156
3157
3162
3161
3163
3168
3170
3169
3171
3172
3173
3174
3175
3176
3177
72
3186
3187
3188
3189
886
854
57
69
70
74
75
80
99
100
3193
3195
3194
852
857
884
889
3206
3208
2960
2961
2962
3212
2992
2993
2994
3008
3021
3025
3026
3027
3028
3029
3030
3031
3032
3220
3040
3252
3053
3057
3058
3059
3060
3061
3062
3063
3253
3064
3392
3394
3395
3396
3397
3398
3399
3400
3401
3402
3414
3420
3424
3423
3427
3431
3426
3433
3434
3446
3452
3455
3484
3501
3502
3505
3507
3512
3513
3521
3516
3518
3520
3523
3525
3528
3527
3146
3147
3148
3560
3149
3150
3151
3152
3153
3158
3159
3160
3164
3165
3166
3167
3626
3627
3624
3628
3625
3178
3179
3180
3181
3182
3183
3184
3185
3904
3905
3908
3909
3916
3917
3922
3924
3925
3926
3927
3928
3929
3930
3931
3932
3933
3934
3935
3936
3937
3940
3941
3948
3949
3956
3957
3958
3959
3960
3961
3962
3963
3964
3965
3966
3967
3969
4001
4103
4131
4132
4225
4226
4257
4258
4365
4366
4367
4368
4369
4370
4372
4377
4381
4397
4398
4399
4400
4401
4402
4404
4409
4413
4420
4441
4452
4473
4574
3190
4855
4856
4858
4870
4902
5015
5037
5038
5039
5040
3191
5041
5042
5044
5045
5046
5047
5048
5049
5449
5455
5470
5502
5742
5744
5746
5747
5748
5749
5752
5753
5774
5777
5780
5785
5789
5786
5790
5791
5793
5795
5796
5797
5798
5799
5800
5801
5802
5848
5863
5864
5865
5866
5867
5868
5870
5871
5872
5873
5874
5877
5879
5888
5880
5869
5890
5889
5891
5892
5893
5894
5895
5896
5897
5898
5899
5901
5902
5903
5904
5905
5906
5908
5909
5910
5911
5912
5913
5914
5915
5916
5917
5918
5919
5920
5922
5923
5921
5924
5925
5926
5927
5928
5929
5930
5931
5933
5934
5935
5936
5937
5938
5940
5941
5942
5943
5944
5945
5946
5947
5948
5949
5950
5951
5952
5953
5954
5955
5956
5957
5959
5958
5960
5961
5962
5963
5964
5965
5966
5967
5968
5969
5970
5971
5972
5973
5974
5975
5976
5977
5978
5979
5980
5981
5982
5983
5984
5985
5986
5987
5988
5990
5991
5992
5993
5994
5995
5996
5997
5998
5999
6000
3192
3196
3197
3198
3199
3200
3201
6001
3202
6002
6003
6004
6005
6006
6007
6008
6009
6010
6011
3203
6012
6013
6014
6015
6017
6018
6019
6022
6016
6020
6021
6025
6023
6026
6042
6766
6769
6770
6772
6773
6774
6775
6785
6787
6788
6790
6791
6792
6794
6795
6796
6797
6798
6799
6800
6801
6802
6803
6804
6805
6807
6808
6809
6810
3204
3205
6811
3207
6812
6813
6814
6815
6816
6817
6818
6819
6820
6821
6822
6823
5989
6824
6826
6827
6828
6829
6830
6831
6832
6833
6834
6835
6836
6837
6838
6839
6840
6841
6842
6843
6844
6845
6846
6847
6848
6849
6850
6851
6852
6853
6854
6855
6856
6858
6859
3209
6860
6861
6862
6863
6864
6867
6868
6870
6873
6880
6900
6905
6929
6936
6937
6961
6968
6969
6991
6996
7023
7028
7042
7043
7044
7045
7046
7047
7050
7051
7052
7053
7054
7064
7074
7075
7076
7078
7079
7077
7082
7083
7085
7087
7084
7086
7088
7089
7091
7092
7090
7093
7094
7095
7096
7106
7135
7138
7405
7406
7407
7408
7409
7410
7411
7412
7413
7414
7415
7416
7417
7418
7419
7420
7421
7422
7424
7425
7423
7426
7427
7428
7429
7430
7431
7433
7435
7436
7438
7439
7441
7442
7443
7444
7445
7446
7447
7448
7449
7450
7451
7452
7453
7454
7455
7456
7457
7458
7459
7460
7461
7462
7463
7465
7608
7609
7610
7611
7612
7440
7613
7614
7615
7616
7617
7618
7619
7620
7621
7622
7623
7624
7625
7626
7627
3210
3211
7629
7631
7635
7636
7637
7638
7639
7640
7437
3213
3214
3215
3216
7643
7648
7649
7650
7651
7652
7653
3218
7654
3219
3248
3250
3251
7655
7656
7657
7658
7659
7661
7663
7667
7668
7670
7669
7671
7672
7675
7680
7681
7682
7683
7684
7685
7686
7687
7688
7689
7690
7691
7692
7693
7694
7695
7696
7697
7698
7746
7981
7983
7986
7987
7984
7985
7989
7990
7991
7992
7993
7994
7995
7996
7998
7999
8000
8001
8002
8003
8004
8005
8006
8007
8008
8010
8011
8012
8013
8024
8025
8026
8027
8028
8029
8030
8031
8032
8033
8034
8035
8036
8037
8038
8039
8040
8042
8043
8044
8045
8046
8047
8048
8049
8050
8051
8052
8053
8056
8054
8057
8058
8059
8060
8061
8062
8063
8064
8065
8066
8067
8068
8069
8070
8071
8072
8073
8076
8082
8786
8787
8788
8789
8790
8791
8792
8793
8794
8795
8797
8798
8801
8800
8799
8802
8805
8803
8804
8806
8796
8807
8808
8809
8810
8811
8813
8815
8816
8812
8814
8817
8818
8819
8820
8821
8822
8825
8823
8824
8826
8828
8827
8829
8831
4096
8833
8832
8830
8834
8835
8836
8075
8838
8837
8839
8840
8841
9283
9285
8074
9290
9291
9289
9292
9294
9295
9296
9297
9298
9299
9302
9303
9301
9306
9315
9317
9321
9322
9323
9324
9326
9327
5741
5773
6024
6857
6865
6866
6869
9328
9329
9330
6871
6872
9331
9333
9334
9335
7133
9338
7628
7630
7632
7633
7634
7641
7642
7644
7645
7646
7647
7660
7662
7664
7665
7666
7673
7674
7676
7677
7678
7679
8009
8041
8077
8078
8079
8080
8081
8785
8912
9734
9738
9740
9753
9754
9755
9759
9766
9768
9770
9772
3872
4606
4631
4634
4635
4670
4671
4672
4675
4676
3456
3457
3487
3488
3489
3503
3504
3506
3509
3510
3511
3514
3519
3522
3524
3526
3815
3816
3817
3818
3819
3820
3821
3822
3823
3824
3825
3826
3827
3830
3833
3834
3835
3836
3837
3838
3839
3840
3841
3842
3843
3844
3845
3846
3847
3848
3873
3874
3875
3876
3877
3878
3879
3880
3968
3970
4117
4120
4122
4444
4445
4446
4447
4476
4477
4478
4479
4480
4481
4482
4483
4484
4485
4486
4487
4488
4489
4490
4491
4492
4493
4494
4495
4499
4514
4515
4518
4521
4524
4525
4526
4527
4528
4529
4531
4536
4537
4539
4941
4943
4949
4973
4975
4981
4530
4534
4532
4535
4538
7258
595
597
606
608
609
612
3854
3871
3886
3903
3992
3995
4024
4027
4041
4042
4047
4050
4051
4052
4053
4055
4056
4057
4058
4059
4060
4061
4062
4063
4073
4074
4079
4084
4092
4093
4104
4105
4106
4107
4108
4109
4110
4111
4112
4115
4136
4137
4138
4139
4140
4141
4142
4143
4144
4147
4153
4154
4155
4159
4161
4162
4163
4164
4165
5096
5099
5101
5102
5392
5395
5396
5398
5399
5400
5401
5402
5403
5404
5405
5406
5407
4157
4160
5302
5329
5361
5383
5386
5393
5394
5397
7370
7372
8657
8658
8659
8660
8661
8662
8663
8664
8665
8666
8668
8669
8670
8690
8691
8693
8694
8701
8685
7170
7173
7174
8709
8707
8704
4241
4242
4273
4274
4629
8705
7238
7260
7270
10223
9644
9645
9646
8703
8667
664
3534
3543
3546
3547
3644
3657
3692
3660
3659
3655
3661
3691
3690
3658
3689
3693
3694
3745
3744
3746
3748
3749
3750
3751
3752
3753
3754
3755
3756
3757
3758
3759
3760
3762
3763
3764
3765
3766
3767
3768
3769
3771
3793
3794
3795
3798
3805
3799
3804
3801
3802
3803
3807
3810
3811
3812
3813
3814
3919
3951
3997
4000
4002
4043
5056
5057
5058
5059
5060
5062
5061
5063
5066
5068
5065
5071
5072
5073
5074
5075
5076
5077
5078
5079
5081
5080
5082
5083
5084
5086
5085
5087
5088
5089
5090
5095
5091
5094
5098
5092
5093
5100
5097
5104
5103
5105
5106
5107
5108
5109
5110
5115
5112
5111
5116
5113
5114
5117
5118
5119
5120
5122
5121
5125
5126
5124
5128
5129
5127
5131
5130
5132
5133
5134
5135
5136
5138
5140
5141
5137
5139
5142
5144
5146
5143
5145
5147
5148
5149
5150
5152
5153
5154
5156
5151
5158
5157
5159
5162
5160
5163
5161
5164
5165
5166
5167
5168
5169
5170
5171
5172
5173
5174
5175
5176
5177
5178
5179
5180
5197
5198
5202
5200
5199
5201
5203
5204
5205
5206
5207
5208
5209
5210
5212
5213
5211
5214
5219
5217
5218
5216
5215
5220
5221
5224
5225
5222
5223
5227
5228
5230
5229
5231
5232
5233
5234
5235
5236
5237
5238
5239
5240
5242
5241
5243
5244
5245
5246
5247
5248
5249
5250
5251
5252
5255
5253
5258
5254
5257
5256
5260
5259
5261
5262
5263
5264
5265
5269
5266
5268
5267
5272
5271
5273
5274
5275
5276
5278
5279
5280
5281
5283
5284
5282
5285
5286
5287
5288
5289
5290
5291
5292
5293
5297
5294
5295
5296
5299
5298
5300
5301
5303
5304
5305
5306
5309
5310
5307
5312
5313
5308
5311
5314
5315
5316
5317
5318
5321
5323
5319
5320
5322
5324
5325
5326
5327
5328
5330
5331
5332
5333
5334
5335
5340
5336
5338
5337
5339
5341
5342
5343
5344
5345
5346
5349
5347
5348
5350
5351
5353
5352
5354
5355
5356
5357
5358
5363
5362
5359
5366
5360
5364
5365
5367
5368
5369
5371
5372
5374
5370
5375
5373
5378
5377
5376
5379
5380
5381
5382
5384
5385
5387
5388
5389
5390
5391
5408
5409
5410
5411
5412
5413
5414
5416
5417
5419
5420
5421
5422
5423
3743
3747
3796
3797
3800
3806
3828
5226
5270
5277
8909
8941
3853
3885
188
8929
8933
8899
8900
8908
8913
8914
8915
8928
8930
8931
8932
8934
8936
8937
8940
8888
8889
8890
8891
8892
8893
8894
8895
8896
8897
8898
8901
8902
8903
8904
8905
8945
8947
8935
2233
4450
8680
8682
8649
8679
8681
8647
3558
2420
2427
2428
2430
2431
2432
2433
2434
2435
2437
2441
2442
2443
2449
2452
2448
2493
2500
2502
2496
2497
2501
2498
2499
2495
2494
2503
2504
2505
2506
2507
2508
2509
2510
2511
2512
2513
2514
2515
2517
2518
2519
2522
2516
2520
2521
642
641
3496
3500
3464
3536
3537
3550
3696
3695
3697
3702
3700
3698
3701
3699
3703
3704
3705
3706
3707
3709
3708
3711
3710
3714
3712
3716
3713
3715
3719
3717
3721
3720
3723
3725
3724
3726
3728
3729
3731
3730
3733
3735
3734
3737
3738
3740
3742
3739
4054
5186
5189
5187
5188
5123
5181
5183
5184
5182
5185
2306
5190
5192
5193
5194
5191
5195
5196
7055
7056
7057
7058
7059
7060
7061
7062
7063
10116
2422
2305
7292
7290
2307
2419
2421
2423
2424
2426
2429
10126
10190
10188
10191
10197
10196
10192
10193
10198
10200
10201
10202
10203
10185
10186
10187
10180
10182
10183
10179
10194
10199
10204
10195
10184
10189
596
599
600
601
603
604
605
3541
3544
3573
3566
3567
3545
3570
3565
3542
3574
3571
3576
3572
3568
3569
3577
3575
3578
3582
3583
3584
3579
3580
3586
3581
3587
3588
3591
3590
3594
3592
3595
3593
3618
3616
4123
4127
5155
7177
7175
7181
9643
1022
3988
4020
4029
4304
4419
4451
4761
4793
7
9
12
4
13
16
11
8
2
41
39
40
34
36
9264
9834
10040
8975
9260
9262
9265
9267
8973
2250
2248
2253
2254
4433
4425
4779
4781
4457
4777
4465
4750
4501
4780
4775
4778
4784
4776
4533
4785
4764
4755
4818
4829
4824
4815
4823
4820
4783
4782
4819
4813
4805
4814
4830
4822
4802
4826
4810
4817
4787
4827
4796
4800
4808
4811
4833
4803
4806
4831
4804
4809
4838
4807
4801
4832
5457
4836
5522
4841
5460
5456
5487
5453
4837
4834
5465
5459
5458
5464
5492
4840
5485
5533
5497
5467
4842
5493
5532
5488
5461
5491
5509
5499
5495
5489
5494
5496
5482
5462
5463
4843
4839
4835
5481
5536
5506
5510
5490
5527
5543
5544
5545
5546
5547
5548
5549
5551
5552
5553
5554
5565
5564
5525
5523
5518
5524
5530
5539
5505
5570
5538
5542
5540
5541
5550
5578
5580
5581
5582
5557
5556
5555
5537
5562
5559
5610
5573
5602
5575
5568
5612
5571
5613
5574
5572
5569
5614
5579
5576
5577
5596
5590
5591
5589
5592
5598
5599
5606
5605
5634
5597
5608
5637
5587
5595
5607
5639
5588
5600
5640
5594
5609
5642
5645
5644
5643
5647
5601
5603
5511
5604
5621
5611
5512
5628
5619
5620
5626
5623
5632
5631
5629
5666
5630
5627
5669
5633
5624
5648
5671
5672
5641
5622
5635
5674
5646
5675
5636
5676
5677
5679
5638
5684
5685
5655
5650
5667
5656
5649
5660
5664
5658
5681
5703
5678
5673
5707
5665
5668
5651
5659
5670
5680
5697
5696
5688
5699
5663
5692
5722
5704
5723
5708
5691
5705
5726
5706
5683
5682
5698
5700
5701
5735
5515
5720
5711
5702
5687
5710
5709
5690
5718
5695
5731
5721
5737
5732
5734
5728
5724
5730
5729
5725
5736
5733
5738
5719
5727
5514
4799
5516
4812
4816
4821
4828
5517
5513
5519
5520
5521
5529
5531
5534
5535
5561
5563
5566
5567
5583
5584
5585
5586
5593
5615
5616
5617
5618
5625
5652
5653
10094
1666
7340
7283
8922
189
205
182
8193
184
186
192
196
218
8205
183
224
227
200
219
204
187
201
195
203
199
228
236
237
1931
1934
2216
1933
251
7236
7211
2214
7234
1930
7263
7285
7253
7241
7262
7271
7208
7252
7302
7255
7268
7239
7261
7235
7246
7312
7237
7256
7381
7277
7266
7966
7245
7251
7259
7293
7295
7254
7210
7286
7291
7349
7273
7308
7267
7334
7269
7287
7278
7284
7344
7288
7294
7317
7967
7968
7970
7969
7971
2439
2444
2447
2450
2445
2440
2436
2446
2438
647
2490
3911
4228
4244
4261
4385
4363
4386
4389
4231
4392
4393
4250
4384
4224
4227
4229
4243
4263
4252
4387
4255
4256
4259
4260
4275
4276
4371
4388
4379
4390
4395
4403
4411
10205
663
3614
8635
3564
8738
8632
3497
3858
3890
3562
3613
3912
3976
4374
3952
3943
3920
3914
3942
3910
3945
4254
4008
4245
4078
4299
4405
4301
4376
4694
4789
4673
4723
4380
4699
4674
4424
4407
4414
4633
4754
4757
4632
4726
4630
4456
4759
5825
8641
8638
8639
8651
8673
8683
8740
8646
5824
3532
3530
3563
3589
4075
3531
9848
9840
9839
9843
9835
9844
9847
9849
9857
9851
9856
3907
4016
3984
3947
3809
3808
4375
4373
10313
10312
10317
10318
4412
4406
4408
27
28
30
29
426
428
429
430
0
1
3
5
6
10
14
15
17
18
19
20
21
22
23
24
25
26
31
32
33
35
37
38
42
43
44
45
46
47
48
49
50
51
52
53
54
55
56
231
232
233
234
235
288
996
427
578
580
584
588
589
590
591
1044
1047
1049
592
593
594
598
602
607
610
611
613
1075
614
1076
615
1078
1077
1079
1081
616
617
618
619
620
621
622
623
624
625
626
627
628
629
630
631
633
637
643
644
645
646
648
662
665
667
675
676
677
678
1124
679
680
694
695
696
697
1130
698
827
964
972
976
981
984
990
1004
1008
1013
1016
1024
1028
1038
1039
1067
1068
1069
1070
1071
1072
1073
1074
1080
1082
1083
1090
1091
1093
1094
1096
1097
1164
1100
1167
1101
1102
1103
1104
1105
1106
1107
1108
1109
1110
1111
1112
1113
1114
1115
1116
1117
1118
1119
1120
1121
1122
1123
1125
1126
1127
1128
1129
1131
1132
1133
1134
1135
1136
1137
1138
1139
1140
1236
1237
1238
1239
1240
1241
1242
1244
1141
1245
1246
1247
1142
1143
1144
1145
1146
1147
1148
1149
1150
1151
1152
1153
1154
1155
1156
1157
1158
1159
1160
1161
1162
1163
1165
1166
1168
1169
1170
1171
1172
1173
1174
1187
1204
1205
1206
1376
1209
1379
1380
1210
1383
1211
1212
1213
1214
1215
1216
1386
1217
1389
1390
1218
1219
1220
1221
1222
1223
1224
1225
1226
1228
1232
1233
1234
1235
1243
1248
1249
1250
1251
1252
1411
1413
1253
1254
1255
1256
1257
1416
1258
1259
1260
1261
1262
1263
1264
1265
1266
1267
1359
1360
1361
1362
1363
1364
1365
1366
1367
1368
1369
1370
1371
1372
1373
1374
1375
1377
1378
1381
1382
1384
1385
1387
1388
1391
1392
1393
1394
1395
1396
1397
1398
1399
1400
1401
1402
1403
3265
1404
1405
1406
1407
3268
1408
3278
1409
1410
3280
1412
1414
3284
1415
3285
1417
1418
3287
1419
1420
1421
1450
1451
3288
1452
3289
3293
3297
3300
1453
3303
3304
3306
3309
3310
3312
1454
1664
1665
3316
1667
1671
1918
1919
3317
3319
3320
2147
3321
3325
2148
3328
2149
3329
2150
3330
3331
3333
3334
3337
2151
2152
2153
2154
2155
3339
3421
3453
3340
3465
3468
3469
3470
3471
3473
3472
3476
3475
3477
3479
3480
3481
3482
3483
2156
2157
2158
2159
2160
2161
2230
2231
2232
2234
2235
2236
2237
2241
2244
2245
2251
2267
2273
2276
2277
2299
3249
3263
3264
3672
3266
3267
3673
3279
3281
3282
3676
3283
3286
3290
3291
3292
3294
3295
3296
3298
3299
3301
3302
3305
3775
3307
3308
3776
3311
3777
3313
3314
3315
3318
3322
3323
3324
3779
3679
3326
3327
3332
3335
3336
3338
3478
3341
3342
3474
3585
3615
3617
3645
3646
3647
3648
3649
3650
3651
3652
3653
3654
4246
3656
3662
3663
4253
3664
3665
3666
3667
4277
4283
3668
3669
4278
3670
3671
4285
3674
3675
3677
3678
3680
3681
3682
3683
4298
3684
3685
3686
4391
3687
3688
3761
3770
4394
3772
3773
3774
3778
3780
3781
3782
3783
3784
3785
3786
3787
3788
3789
3790
3791
3792
3906
3913
5452
3915
5484
3918
3921
3938
3939
3944
3946
3950
3953
3996
4028
4046
4156
4158
4247
4248
4249
4279
4280
4281
4282
4284
4286
4287
4288
4289
5754
4290
4291
4292
5755
4293
5758
4294
5761
4295
4296
5764
4297
4302
4303
4378
4382
4383
4410
4415
4416
4418
4429
4440
4448
4461
4472
4628
4669
4731
4756
4786
5822
4788
4791
4825
4857
4942
4946
4974
4978
5011
5043
5526
5528
5558
5560
9003
5654
5657
9005
9007
5661
9008
5662
5686
5689
5693
5694
5712
5713
5714
5715
5716
5717
5740
5743
5745
5750
5751
5756
5757
9024
5759
5760
9026
5762
5763
9150
9151
5765
5766
9153
5767
5768
5769
9155
5770
5771
9157
5772
9156
5775
5776
9027
5778
9300
9304
9305
9332
9336
9337
5779
5781
5782
5783
5784
5787
5788
5792
5794
5820
5821
5823
8749
8974
8990
8991
8992
8993
8994
8995
8996
8997
8998
8999
9000
9001
9002
9004
9006
9009
9010
9011
9012
9013
9014
9015
9016
9017
9018
9019
9020
9021
9022
9023
9025
9152
9154
9261
9263
9266
9281
9282
9284
9286
9313
9314
9316
9318
9366
9836
9837
9838
9841
9842
9845
9846
9850
9852
9853
9854
9855
9714
9717
9988
247
248
249
9712
9713
9717
9709
9714
9737
9743
9746
9710
9715
9711
9750
9716
9747
9715
9711
9716
9711
9715
9716
9711
9715
9716
9739
9710
9709
9710
