1
5
8
9
10
11
12
13
14
15
18
19
2850
26
28
29
30
33
37
2882
141
142
149
150
173
174
181
182
193
202
206
207
210
211
220
221
222
225
234
238
239
242
243
2898
253
254
257
258
297
299
300
301
304
305
312
313
314
363
364
367
368
575
576
577
579
580
590
593
594
598
599
600
601
602
605
606
608
609
611
612
622
625
626
630
631
632
633
634
637
638
644
645
647
648
649
650
652
653
656
657
661
660
664
665
666
668
670
671
676
677
679
680
681
684
685
688
689
692
693
696
697
698
700
702
703
707
709
713
715
714
716
719
721
722
726
730
733
739
741
745
746
747
748
751
753
754
758
762
765
769
772
775
788
791
801
804
807
2
4
6
2852
34
36
38
2851
152
2886
848
849
851
852
2883
855
856
879
880
881
883
884
887
888
945
951
952
955
956
2887
962
964
966
967
969
970
972
973
977
184
978
979
994
996
998
999
1001
1002
1009
1010
1011
1012
1013
1016
1017
1032
1034
1035
1036
1040
1118
1150
1152
1153
1154
1155
1156
1157
1158
1166
1167
1168
1169
1170
1171
1172
1173
1174
1175
1176
1177
1178
1179
1180
1181
1182
1183
1184
1185
1186
1187
1188
1189
1190
1203
1204
1205
1206
1207
1208
1209
1210
1211
1212
1213
1214
1215
3795
3798
2880
2881
728
760
592
619
624
725
757
770
774
776
777
778
779
780
781
784
785
786
790
792
793
794
795
796
802
806
808
809
810
811
812
813
943
946
947
948
949
958
950
1306
1307
1310
1311
1312
1315
1320
1338
1339
1342
1343
1366
1367
1368
1369
1373
1380
1382
1383
1386
1391
1372
1398
1399
1400
1401
1404
1405
1406
1424
1431
1432
1568
1572
1575
1576
1423
1595
1805
1806
1814
1818
1819
1821
1822
587
1823
1824
1825
1826
1827
1828
1829
1832
1833
1837
1838
1846
1850
1851
1853
1854
1855
1860
1861
1859
1863
1867
1871
1874
1876
1877
1891
1892
1893
1906
1908
1909
1924
1926
1895
1899
1903
1927
1928
1930
1931
1939
1941
1945
1950
1956
1958
1959
1960
1962
1963
1971
1973
1977
1982
1984
1985
1986
1987
1988
1989
1990
1991
1992
1993
1994
1995
1996
1997
1998
1999
2001
2002
2004
2006
2009
2010
2013
2014
2015
2016
2017
2018
2019
2020
2021
2022
2023
2024
2025
2026
2027
2028
2029
2030
2031
2033
2034
2036
2038
2041
2042
2045
2046
2047
2100
2101
2104
2105
2287
2323
2324
2325
2326
2329
2330
2355
2356
2357
2358
2361
2362
2385
1597
1598
2416
2417
2433
2435
2444
2445
2446
2447
2450
2451
2452
2453
2455
2456
2459
2460
2688
2689
2703
2704
2705
2706
2709
2710
2718
2720
2721
2735
2736
2737
2738
2741
2742
2750
2752
2757
2759
2761
2762
2784
2913
2914
2915
2918
2919
2961
3496
3497
3500
3505
3506
3530
3531
3534
3532
3533
3535
3536
3537
3538
3541
3542
3562
3563
3566
3567
3568
3569
3570
3573
3564
3565
3574
2372
2373
2384
2395
3592
3593
2398
2404
2405
3594
3595
3596
3599
3603
3604
3624
3625
3626
3627
3628
3631
3635
3636
3658
3660
3661
3662
2427
2430
3665
3666
3690
3692
3693
3694
3697
3698
3727
4101
4100
4104
4105
4107
4114
2755
2765
2768
2774
2775
2787
2849
4115
4116
4117
4118
4119
4120
4121
4122
4133
4132
4136
4137
4146
4147
4148
4149
4150
4151
4152
4153
4154
4155
4156
4157
4158
4159
4160
4161
4162
4163
4164
4165
4166
4167
4168
4169
4170
4171
4172
4180
4181
4184
4185
4187
4188
4189
4173
4174
4175
4176
4178
4179
4182
4183
4186
4190
4191
4192
4193
4194
4195
4223
4224
4225
4226
4227
4228
4229
4230
4232
4234
4235
4236
4237
4231
4238
4239
4240
4241
4248
4250
4251
4252
4253
4254
4255
4256
4257
4258
2958
2962
4259
4260
4264
4266
4267
4268
4269
4261
4262
4263
4317
4318
4321
4270
4271
4272
4273
4319
4322
4344
4346
4347
4348
4349
4350
4355
4356
4357
4358
4359
4362
4351
4352
4354
4360
4361
4363
4370
4372
4374
4365
4366
4367
4368
4371
4373
4375
4376
4377
4378
4381
4385
4387
4388
4382
4383
4384
4386
4389
4390
4391
4394
4395
4392
4393
4397
4398
4399
4400
4402
4404
4406
4403
4405
4407
4408
4409
4410
4411
4413
4416
4417
4419
4420
4414
4415
4418
4421
4422
4423
4424
4425
4426
4427
4429
4428
4430
4431
4432
4433
4434
4435
4437
4438
4441
4439
4440
4442
4443
4444
4445
4446
4447
4448
4449
4451
4452
4450
4453
4454
4455
4456
4457
4458
4459
4461
4460
4462
4463
4464
4465
4466
4467
4469
4470
4473
4471
4472
4476
4477
4478
4479
4474
4475
4494
4496
4497
4500
4501
4249
4364
4369
4379
4380
4396
4401
4412
4364
4369
4380
4396
4412
154
158
159
186
190
191
4109
4110
4111
4112
4134
4177
4113
4436
4468
4485
4486
4487
4488
4489
4490
4491
4492
4493
4102
4106
4108
72
73
81
122
123
126
127
130
131
132
133
134
137
138
156
162
163
164
165
166
169
170
188
199
201
205
214
215
218
219
231
233
237
246
247
250
251
591
623
727
759
771
773
805
838
870
944
1101
1102
1106
1143
1144
1147
1148
1611
1623
1624
1655
1656
1820
1852
1856
1857
1858
1862
1888
1889
1890
1894
252
2049
2099
2121
2124
2128
2129
2130
2132
2125
2133
2134
2137
2254
2255
2286
2306
2307
799
803
2364
2365
2393
2394
2425
2426
2579
2580
2588
2589
2611
2612
2620
2621
1608
2713
2368
2369
2370
2745
2374
2375
2396
2399
2400
2401
2402
2406
2407
2428
2431
2764
2577
2578
2766
2769
2581
2582
2584
2770
2771
2772
2585
2776
2777
2780
2783
2600
2601
2602
2603
2604
2605
2607
2608
2609
2610
2613
2614
2616
2617
2885
2899
2902
2906
2908
2909
2910
2912
2917
2920
2922
2934
2938
2941
2940
2942
2763
3779
3780
3781
2831
2832
2840
2841
2842
2843
2844
2845
2846
2847
2848
2863
2864
2872
2873
2874
2875
2876
2877
2878
2879
3777
965
997
3
374
377
378
582
583
584
585
586
596
597
614
615
616
617
618
620
627
628
629
639
640
643
651
654
655
672
675
683
686
687
704
705
706
708
723
732
734
735
736
737
738
740
764
766
767
783
787
798
815
816
817
818
819
820
822
823
824
825
826
827
828
830
832
833
834
835
836
837
839
840
857
864
865
866
867
868
869
871
872
889
1080
1081
1082
1083
1086
1087
1088
1089
1092
1094
1095
1097
1098
1099
1104
1105
1107
1108
1109
1110
1111
1112
1113
1114
1115
1116
1117
1120
1121
1124
1126
1127
1129
1130
1131
1133
1134
1136
1137
1139
1140
1141
1142
1145
1146
1149
1282
1283
1284
1285
1286
1287
1288
1289
1290
1291
1292
1293
1294
1295
1296
1297
1298
1301
1302
1303
1304
1305
1314
1316
1317
1318
1319
1321
1322
1323
1324
1325
1326
1327
1328
1329
1330
1333
1334
1335
1336
1337
1375
1390
1392
1407
1804
1809
1810
1811
1815
1816
1834
1835
1836
1841
1842
1843
1847
1848
1882
1885
1886
1887
1914
1917
1918
1919
1920
1921
1936
1937
1938
1940
1944
1947
1948
1952
1953
1968
1969
1970
1972
1976
1979
1980
2289
2290
2291
588
595
2294
2295
2297
2298
2301
2315
2316
2317
2318
2319
2320
2327
2331
2333
2339
2347
2348
2349
2350
2351
2352
2359
2363
2382
2386
2390
2392
2414
2418
2422
2424
2438
831
2442
2690
2691
2692
2693
2694
2711
2712
2714
2715
2716
2719
2722
2723
2724
2725
2726
2743
2744
2746
2747
2748
2751
2288
3013
3014
3015
3016
3018
3019
3020
3022
3023
3024
3025
3026
3027
3032
3033
3034
3035
3036
3037
3045
3046
3047
3048
3050
3051
3052
3054
3055
3056
3057
3058
3059
3064
3065
3066
3067
3068
3069
3074
3075
3076
3078
3080
3084
3085
3077
3089
3090
3091
3092
3093
3094
3097
3099
3100
3102
3103
3106
3107
3108
3110
3109
3112
3116
3117
3121
3122
3123
3124
3125
3126
3127
3129
3131
3132
3134
3135
3136
3137
3138
3139
3140
3141
3142
3143
3145
3146
3155
3156
3157
3158
3159
3160
3161
3154
3164
3167
3168
3169
3170
3171
3172
3173
3174
3175
3177
3178
3187
3188
3189
3190
3191
3192
3193
3186
3199
3204
3205
3207
3210
3211
3212
3213
3214
3215
3224
3227
3228
3236
3237
3239
3242
3243
3244
3245
3246
3247
3256
3259
3260
3264
3265
3266
3269
3270
3271
3272
3273
3274
3275
3276
3277
3278
3279
3280
3281
3283
3284
3285
3286
3287
3288
3289
3292
3293
3294
3295
3296
3297
3298
3301
3302
3303
3304
3305
3306
3307
3308
3309
3310
3311
3312
3313
3315
3316
3317
3318
3319
3320
3321
3324
3325
3326
3327
3328
3329
3330
3331
3332
3333
3334
3335
3336
3337
3338
3339
3340
3341
3147
3148
3149
3150
3342
3343
3344
3345
3346
3151
3152
3153
3347
3348
3349
3350
3351
3352
3353
3162
3165
3166
3360
3361
3362
3179
3180
3181
3182
3183
3184
3185
3194
3196
3197
3198
3200
3363
3201
3202
3203
3364
3365
3366
3367
3368
3369
3370
3371
3372
3373
3374
3375
3376
3225
3377
3378
3379
3380
3381
3382
3383
3384
3385
3405
3406
3419
3421
3422
3480
3481
3482
3483
3232
3233
3234
3235
3484
3485
3486
3494
3507
3508
3511
3512
3513
3514
3515
3516
3517
3518
3520
3525
3527
3529
3552
3557
3559
3561
3257
3712
3713
3714
3715
3716
3717
3718
3719
3720
3721
3722
3723
3724
3728
3729
3282
3739
3740
3741
3742
3743
3744
3745
3746
3747
3748
3749
3750
3751
3752
3753
3754
3755
3756
3759
3760
3761
3771
3772
3773
3774
3775
3778
3789
3790
3791
3792
3793
3797
3799
3800
3801
3802
3809
3810
3811
3812
3813
3821
3822
3823
3824
3825
3827
3829
3830
3831
3832
3833
3834
3844
3846
3848
3849
3850
3314
3852
3853
3854
3855
3856
3857
3858
3859
3860
3861
3862
3863
3864
3867
3868
3870
3871
3876
3878
3880
3881
3882
3884
3885
3886
3887
3888
3889
3890
3891
3892
3893
3894
3895
3896
3899
3900
3902
3903
3904
3905
3906
3907
3908
3909
3910
3911
3912
3913
3914
3915
3916
3917
3918
3920
3921
3922
3923
3924
3925
3926
3927
3928
3929
3930
3931
3932
3933
3934
3935
3936
3937
3938
3939
3940
3941
3942
3943
3944
3945
3946
3947
3948
3949
3950
3952
3953
3954
3955
3956
3957
3958
3959
3960
3961
3962
3963
3964
3965
3966
3967
3968
3969
3970
3971
3972
3973
3974
3975
3976
3977
3978
3979
3980
3995
3998
3999
4000
4001
4002
4003
4004
4005
4006
4007
4008
4009
4010
4011
4012
4023
4123
4124
4125
4126
4127
4128
4129
4130
4196
4197
4198
4199
4200
4201
4202
4204
4205
4206
4207
4208
4210
4211
4213
4214
4215
4216
4217
4218
4219
4220
4221
4222
4280
4282
4283
4284
4285
4286
4287
4288
4289
4290
4294
4296
4304
4305
4312
4314
4315
4316
4320
4326
4328
4336
4337
4353
850
854
882
886
4281
4297
4329
2419
2423
2439
2443
3544
3545
3576
3577
2387
2391
4293
4306
4310
4325
4338
4342
3794
3805
3806
3807
3820
3826
3837
3838
3839
3840
3843
885
1119
1151
1159
1160
1161
1162
1164
1165
1191
1192
1193
1194
1817
1849
2383
2415
4212
3788
1037
1601
1602
1604
1605
1606
1609
1610
1612
1613
1614
1615
1616
1617
1618
1633
1634
1636
1637
1638
2332
2338
2717
2749
2948
2949
3602
3634
3659
3682
3683
3684
3685
3686
3687
3688
3689
3691
3700
3702
3703
3706
3708
3709
3710
3711
3725
3726
4265
1409
1418
1435
4233
3982
3984
3996
4014
4016
4020
4495
1091
1093
1096
1123
1125
1128
1648
2050
2053
2056
2067
2068
2069
2070
2072
2073
2082
2085
2088
2102
2388
2420
2921
1577
1581
1583
1585
729
731
761
1587
1590
1591
1594
763
768
800
858
859
862
863
890
891
894
895
1100
1103
1132
1135
1138
1403
1411
1412
1413
1415
1416
1417
1420
1429
1600
1632
1807
1813
1839
1845
2249
2250
2251
2252
2253
2256
2257
2258
2259
2262
2263
2264
2265
2266
2267
2269
2270
2271
2272
2273
2275
2276
2277
2278
2279
2280
2281
2282
2283
2284
2285
2296
2299
2302
2303
2583
2586
2587
2594
2595
2596
2597
2598
2599
2615
2618
2619
2633
2634
2635
2665
2666
2667
2668
2669
2672
2673
2674
2675
2676
2677
2678
2679
2680
2681
2682
2683
2833
2834
2835
2836
2837
2839
2865
2866
2867
2868
2869
2871
3804
3836
3841
1371
3845
3847
3873
3877
3879
1808
1840
2592
3872
3875
3828
3981
3985
3986
3997
4013
4017
4018
7
16
17
31
39
40
41
42
43
44
45
46
47
48
49
50
51
52
53
54
55
57
58
60
61
62
63
64
65
3796
56
264
266
267
268
269
270
272
273
274
275
280
281
282
283
286
287
289
290
291
292
295
296
298
302
1216
1220
1222
1233
1234
1235
1236
1237
1238
1239
1240
1241
1242
1243
1244
1245
1246
1247
1248
1252
1254
1255
1270
1271
1272
1273
1274
1275
1276
1277
1278
1279
1280
1281
1313
4027
4028
4030
4031
4033
4036
4058
4061
4065
4068
4090
4093
4096
4097
4098
4313
4345
265
4504
4505
4507
4508
1223
1578
1582
1584
1586
1588
1589
1592
1603
1607
1619
1620
1621
1622
1635
1639
1640
1641
1642
1643
1644
1645
1646
1647
1650
1651
1652
1653
1654
2003
2007
2035
2039
2048
2051
2052
2055
2057
2058
2059
2060
2061
2062
2063
2064
2065
2071
2074
2075
2076
2077
2078
2080
2081
2083
2084
2087
2089
2090
2091
2092
2093
2094
2095
2096
2097
2103
2753
2785
2956
2988
2994
3521
3523
3524
3526
3528
3553
3555
3556
3558
3560
3591
3597
3600
3605
3606
3607
3610
3613
3615
3622
3623
3629
3632
3637
3638
3639
3642
3645
3647
3648
3649
3651
3654
3655
3664
3667
3668
3669
3670
3671
3672
3673
3674
3675
3676
3677
3679
3680
3681
3696
3699
3701
3704
3705
3707
4025
3842
3851
3866
3869
3874
3883
3898
3901
3983
4015
4019
4292
4324
789
814
1039
1428
1830
2000
2005
2008
2032
2037
2040
2328
2360
2432
2707
2708
2739
2740
2756
2758
1393
3539
3540
3571
3572
3590
782
80
2304
168
171
172
175
176
177
178
179
180
183
185
187
189
192
194
195
196
197
198
200
203
4048
4049
4050
4051
4052
4053
4054
4055
4056
4057
4059
4060
4062
4063
4064
4066
4067
4070
4071
4072
4073
4077
4080
4081
4082
4083
4084
4085
4086
4087
4088
4089
4091
4092
4094
4095
4499
4502
4503
4506
4509
4510
4511
2123
2135
2389
2421
2782
2907
2939
4024
4026
4032
4034
4035
4037
4038
4039
4040
4041
4042
4043
4044
4045
4046
4047
4069
4074
4075
4076
4078
4079
2859
4203
4295
4298
4299
4301
4303
4327
4330
4331
4333
4335
1455
1456
1536
1538
1539
1540
1541
1543
1544
1551
1552
1553
1555
1563
1564
1565
1566
1570
1571
1573
1596
1685
1686
1687
1688
1701
1702
1703
1704
1705
1706
1707
1717
1718
1719
1720
1731
1734
1738
1741
1747
1763
1766
1770
1773
1779
1792
1793
1794
1795
1796
1797
1800
1801
2054
2066
2086
2098
2106
2109
2110
2113
2437
2441
2754
1437
1469
1491
1492
1523
1524
2786
1558
1559
1562
2930
2931
1700
3522
1732
1740
1764
1772
2434
1217
2901
2903
2911
2925
2933
2935
2943
2944
2947
2965
2968
2976
2979
2997
3000
3006
3095
3403
3407
3408
3435
3439
3440
3462
3733
3734
3765
3766
3776
3782
3783
3808
1374
2946
2973
2974
2978
3005
3397
3398
3399
3400
3401
3429
3430
3431
3432
3433
604
636
642
646
674
678
841
844
873
876
1090
1122
1370
1402
2268
2300
2397
2429
2436
2593
2838
2870
2904
2923
2924
2926
2927
2936
2945
2950
2951
2954
2955
2957
2959
2960
2966
2967
2969
2970
2971
2972
2975
2977
2980
2981
2982
2983
2986
2987
2989
2990
2991
2992
2993
2998
2999
3001
3002
3003
3004
3007
3010
3029
3038
3039
3042
821
3061
3070
3071
3072
3073
3079
3081
3082
3083
3086
3087
3096
3098
3101
3104
3105
3111
3113
3114
3115
3118
3119
3128
3130
3133
3217
3249
1649
3487
3489
3490
3493
3519
3730
3731
3732
3735
3738
3762
3763
3764
3767
3770
3488
315
318
319
322
323
324
325
326
327
330
331
332
335
336
339
340
343
344
345
346
347
348
349
350
351
352
353
354
355
356
357
358
359
375
376
589
893
896
897
898
899
902
903
904
905
906
908
910
911
912
913
914
915
916
917
918
919
920
923
924
926
927
928
929
930
931
934
935
936
937
938
940
942
959
2261
2274
2293
2378
2380
2381
2410
2412
2413
3354
3386
3393
3396
3402
3425
3428
3434
3437
3438
3465
3466
3468
3473
3474
3498
320
321
861
2760
3650
3652
3653
3656
3657
3678
0
32
1517
1683
1715
1730
1759
1762
1791
1802
2079
2107
2108
2111
2376
2377
2379
2408
2409
2411
2454
2636
2637
2638
2639
2640
2641
2642
2644
2648
2649
2651
2654
2670
2671
2686
3608
3609
3612
3614
3640
3641
3644
3646
1441
1450
1463
1467
1473
1485
1505
960
3554
2336
3144
3176
3418
3450
3451
3453
3454
3464
710
711
712
717
720
742
743
744
749
752
3471
3472
3503
3504
578
581
610
613
2963
2995
663
667
695
662
669
694
701
1440
1442
1443
1445
1447
1448
1453
1454
1520
1542
1545
1549
1574
1680
1681
1682
1684
1689
1690
1691
1692
1699
1708
1709
1710
1711
1712
1713
1714
1716
1721
1722
1723
1724
1728
1733
1735
1736
1737
1739
1742
1743
1744
1745
1746
1748
1749
1750
1751
1752
1753
1754
1755
1756
1757
1758
1760
1765
1767
1768
1769
1771
1774
1775
1776
1777
1778
1780
1781
1782
1783
1784
1785
1786
1787
1788
1789
1790
1798
1799
1803
1864
1866
1868
1869
1872
1873
1875
1878
1879
1880
1881
1896
1898
1900
1901
1904
1907
1912
1913
1934
2440
2449
2457
2458
2461
2462
2463
2464
2465
2466
2467
2468
2469
2470
2471
2472
2473
2474
2475
2477
2478
2481
2482
2483
2484
2485
2486
2487
2489
2490
2492
2493
2494
2495
2497
2498
2499
1439
1438
1446
1452
1465
1470
1471
1472
1488
1504
1308
1309
1340
1341
1344
1345
1365
1376
1377
1378
1379
1381
1384
1385
1388
1389
1394
1397
1943
1975
2321
2322
2353
2354
3475
3617
3618
3619
3620
3621
3758
2778
3476
1460
3028
3030
3060
3062
3477
3509
3395
1444
1449
1461
1464
1831
2645
2646
2650
2643
2647
3423
3455
2341
2342
2343
2344
2345
2346
3021
3053
2308
2305
2309
2310
2311
2312
2313
2314
2337
2340
1350
1351
1354
1358
1360
3031
3063
1458
1466
1468
1474
1475
1477
1478
1480
1481
1482
1483
1484
1487
1489
1493
1494
1496
1497
1498
1499
1500
1501
1502
1506
1507
1508
1509
1510
1511
1512
1513
1514
1515
1516
1519
1521
1525
1526
1528
1529
1530
1531
1532
1533
1534
1537
1547
1567
1569
1579
1599
2138
2139
2140
2141
2142
2143
2144
2145
2146
2147
2148
2149
2150
2151
2153
2154
2155
2156
2157
2158
2159
2164
2167
2170
2171
2172
2173
2174
2175
2176
2177
2178
2179
2180
2181
2182
2183
2184
2185
2186
2187
2188
2189
2190
2191
2192
2193
2194
2195
2196
2197
2198
2199
2200
2201
2208
2209
2210
2211
2212
2213
2214
2215
2216
2217
2218
2219
2220
2221
2222
2223
2224
2225
2226
2227
2228
2229
2230
2231
2232
2233
2248
2500
2501
2502
2503
2504
2505
2506
2507
2508
2509
2510
2511
2512
2513
2515
2516
2517
2518
2519
2520
2521
2529
2530
2531
2532
2533
2534
2535
2536
2537
2538
2539
2540
2541
2542
2543
2544
2545
2547
2548
2549
2550
2551
2552
2553
2576
2767
2790
2793
2794
2795
2796
2797
2798
2799
2800
2801
2802
2803
2804
2808
2809
2818
2819
2820
2822
2823
2854
2855
1451
1476
1479
1546
699
4209
1227
1231
1232
2695
1348
1359
2696
2697
2700
2727
2728
2729
2732
3548
3551
3580
3583
3757
71
77
78
75
136
139
140
256
259
659
691
2334
2335
2366
2367
2371
2403
718
750
755
1085
82
83
85
86
87
88
90
91
94
95
104
105
113
114
115
117
118
119
120
2590
2591
2622
2623
2624
2625
2627
2628
2629
2630
2632
2664
847
1865
1897
2698
2699
2702
2730
2731
2734
3458
3459
3491
3499
3501
3268
2781
3267
3299
3300
3456
3457
3460
3467
3469
3492
2122
3543
3546
3549
3550
3575
3578
3581
3582
3601
3633
1626
1628
1630
1658
1660
1662
3987
3988
3990
3991
3994
4022
2952
2984
3814
3815
4138
3865
3897
4139
4140
4141
4142
4143
4144
4145
20
21
24
25
27
144
145
147
148
153
155
157
160
204
208
209
212
213
217
223
224
226
227
228
229
230
232
235
236
240
241
244
245
255
1259
1410
1414
1422
1427
1459
1490
1503
1522
1535
1550
1554
1556
1557
1560
3479
1408
981
984
985
1421
2476
2479
2488
2491
67
69
980
986
987
3427
294
303
306
311
288
1433
1495
1527
2928
2929
2932
4300
4332
3611
3643
2964
4099
4131
2996
3510
4021
4029
2897
2900
2126
329
1434
2136
2161
2160
2162
2166
2168
2169
2524
2525
2527
2557
2556
2559
2564
2565
2566
2570
2571
2574
2606
2701
2733
2789
2791
2788
2806
2807
2817
2554
2522
1955
1419
2112
2116
2523
2555
2560
2561
2562
2563
860
892
3463
3470
3495
3502
3478
4291
4323
621
2884
2916
3355
3387
3919
3951
1870
1902
1395
1396
1425
1426
1430
1436
1580
1593
1625
1627
1629
1631
1657
1659
1661
1812
1844
1883
1884
1905
1915
1983
2011
2012
2043
2044
2120
2127
2131
2292
2448
2773
2779
2853
2856
2857
2858
4483
4484
4498
4103
4242
4243
4244
4245
4246
4247
4274
4275
4276
4277
4278
4302
4334
756
797
842
843
845
846
875
874
877
878
953
954
957
961
963
968
971
974
975
976
995
1000
1922
1916
1923
1925
1929
1932
1933
1935
1942
1946
1949
1951
1954
1957
1961
1964
1965
1966
1967
3547
3579
3584
3585
3586
3587
3588
3589
3598
3616
3630
3663
3695
3736
3737
3784
3785
3786
3787
3803
4135
4279
4480
4481
4482
3784
3785
3786
3787
143
146
151
161
167
216
365
366
373
3803
3784
3787
143
146
151
161
167
216
365
366
373
3803
143
146
151
161
167
216
365
366
373
571
572
573
574
603
635
641
658
673
724
1014
1015
1033
1038
1079
1084
1163
1331
1332
1387
1974
1978
1981
2860
2861
2862
2905
2937
2953
3008
3009
3011
3012
3017
167
216
365
366
373
571
572
573
574
603
635
641
658
673
724
1014
1015
1033
2860
2861
1038
1079
1084
1331
1332
1387
1974
1978
1981
361
362
382
383
384
385
386
389
390
391
388
393
392
530
531
532
547
548
550
533
524
559
560
562
563
564
565
566
567
568
569
570
380
379
381
387
518
519
260
263
277
278
525
526
527
528
3163
3195
3252
3253
3254
3255
3258
3261
3262
3263
3290
3322
3291
3323
3358
3356
3357
3389
3359
3390
3388
3391
1249
4307
4339
1218
1221
1224
1225
1228
1229
1230
1249
1250
1253
1256
1257
1260
1261
1355
2240
2243
2244
2245
2246
2247
2567
2792
2815
2821
3461
1361
2165
2241
2480
2514
2568
2569
2572
2573
2575
2810
2811
2812
2813
2814
2816
1349
1352
1353
1356
1357
1362
1363
1364
2260
2985
3040
3041
3043
3044
3049
3088
3120
3206
3208
3209
394
400
401
408
409
405
413
414
415
416
417
418
420
421
422
423
424
425
426
432
433
437
439
440
441
442
443
444
445
446
447
451
453
454
455
456
459
460
461
462
463
464
466
465
467
468
469
474
477
478
479
483
485
486
487
488
491
492
493
494
495
496
497
498
499
500
501
506
509
510
511
512
513
514
515
516
517
520
534
535
536
537
538
539
540
541
542
543
544
545
546
549
909
941
2205
2237
2242
395
403
407
410
411
412
419
427
435
452
457
458
470
471
472
473
475
476
484
489
490
502
503
504
505
507
508
3449
3452
3768
3769
3816
3817
3818
3819
3835
2805
342
3404
3412
3410
3409
3411
2526
2558
2824
2827
328
334
337
341
360
369
372
371
983
982
989
988
991
992
1003
1004
1005
1008
1006
1023
993
1020
1029
1027
1019
1028
1026
1025
1021
1030
1066
1043
1047
1045
1046
1049
1055
1053
1054
1058
1060
1064
1057
1062
1067
1059
1065
1070
1069
1068
1061
1071
1072
1075
1077
1200
1201
1078
1195
1670
1671
1672
1673
1196
1197
1202
1299
1669
1668
1665
1666
1664
1667
1675
1676
1677
1678
1679
2888
2889
2890
2891
2893
2894
2895
2896
1018
1041
284
316
333
1042
1007
1044
1076
1663
2892
1031
1044
1063
1073
1074
1076
1198
1199
1663
2892
129
249
1031
1063
1073
1267
1268
1269
1265
1266
2656
2657
2659
2660
2661
2662
135
1300
3989
3993
1219
1251
3992
682
92
97
98
103
110
124
271
276
279
285
308
309
310
317
3216
3218
3221
3248
3250
1698
1696
1462
1697
2115
2118
1051
2546
1674
1729
1761
2204
2236
2239
2207
1048
853
607
1693
3416
3448
3442
3414
3413
3415
3444
3417
3420
3394
3447
3443
3445
3426
3441
3446
3436
1725
2684
2119
2658
79
1561
248
2652
1695
2117
1726
2687
2631
829
1726
1694
2687
2117
248
2631
1727
2119
2685
1725
829
2626
2684
2114
2655
1694
125
2685
1457
121
1518
2626
2663
1561
121
111
89
84
112
128
93
116
1910
1911
1911
1911
1911
1911
4309
1347
1346
