175
176
67
80
81
82
83
85
94
95
96
99
112
113
114
115
117
126
127
141
143
144
178
213
216
0
6
7
173
8
9
11
23
24
25
26
28
29
32
38
39
40
41
43
55
56
57
58
60
61
64
178
65
66
68
76
79
84
97
98
245
257
258
261
264
265
273
276
286
287
289
290
293
296
100
108
111
116
297
305
308
318
319
321
341
342
343
344
345
346
351
353
130
373
374
375
376
377
378
383
409
459
460
162
349
222
379
381
407
347
406
472
475
476
477
479
480
481
484
486
347
222
406
472
475
476
477
479
480
481
484
486
145
146
177
146
148
180
328
331
360
363
338
370
348
380
403
405
414
433
435
436
446
432
434
437
456
439
388
394
400
401
402
404
410
411
412
413
415
420
426
438
441
442
443
444
445
447
448
449
452
454
458
270
302
336
368
398
430
408
440
78
86
87
88
90
93
110
118
119
120
122
125
133
147
149
154
156
157
158
165
179
181
186
188
189
190
333
335
365
366
367
470
134
135
138
139
150
151
152
153
155
166
167
170
171
182
183
184
185
187
193
194
196
197
199
201
202
203
205
206
207
208
211
225
226
228
229
231
233
234
235
237
238
239
240
243
262
263
271
294
295
303
329
334
350
361
382
390
391
395
399
422
423
427
431
453
471
474
485
4
16
17
18
36
48
49
50
72
73
74
104
105
106
192
204
214
215
217
218
219
220
221
223
224
236
259
260
268
278
285
288
291
292
300
310
317
451
478
483
101
450
482
269
301
77
89
109
121
332
364
389
392
421
424
337
369
142
174
322
325
327
354
357
359
384
386
416
418
491
487
473
463
465
466
467
468
469
5
10
13
12
14
15
27
30
31
37
42
44
45
46
47
59
69
62
63
70
71
102
103
128
160
282
314
323
324
326
340
355
356
358
372
387
397
419
1
2
3
33
34
35
330
362
393
429
425
457
455
339
371
461
462
493
488
494
489
490
492
129
107
169
51
75
123
91
20
195
132
19
161
124
137
52
163
164
227
131
92
241
312
277
281
284
428
307
209
279
316
313
311
280
309
396
385
417
198
320
232
54
274
242
299
267
191
464
168
159
266
212
210
140
22
200
54
274
306
172
21
159
315
230
136
232
53
320
298
21
136
306
140
298
272
200
352
464
272
198
267
299
168
242
191
283
283
315
352
172
266
304
212
244
304
244
230
275
53
