0
1
3
4
6
7
8
9
10
11
12
15
18
19
20
21
22
23
24
25
26
27
29
30
31
32
33
36
35
39
40
38
42
41
43
44
47
50
51
52
53
54
55
56
57
58
59
61
62
63
64
65
66
67
71
72
78
80
81
82
85
86
91
93
94
95
96
97
98
99
103
104
110
112
113
114
117
118
123
125
126
127
130
131
135
136
137
138
139
140
142
143
144
145
146
147
148
149
150
151
152
153
154
155
156
157
158
162
163
167
168
169
170
171
172
174
175
176
177
178
179
180
181
182
183
184
185
186
187
188
189
190
192
194
224
196
197
198
200
203
204
226
228
229
230
232
355
357
358
359
361
362
363
364
379
380
381
382
383
384
386
395
396
397
399
402
400
404
405
406
407
408
410
411
413
412
414
415
416
418
417
427
428
429
431
434
432
435
436
437
438
439
440
442
443
444
445
446
447
448
449
450
453
454
455
456
457
458
459
460
467
469
470
464
465
466
468
471
472
479
480
481
482
496
497
499
501
502
498
500
503
505
508
504
511
512
513
514
516
518
520
522
523
524
525
526
527
528
529
531
530
532
533
534
535
536
537
538
539
541
542
543
544
545
374
546
548
550
193
195
199
201
213
552
554
225
227
555
231
556
557
558
559
560
561
563
564
565
566
372
373
375
376
377
378
385
387
388
389
390
391
392
393
401
403
562
567
568
409
569
570
571
573
419
420
421
422
423
424
425
433
441
574
575
576
577
578
579
580
581
582
583
584
585
586
587
588
589
590
592
593
594
595
597
606
607
608
609
610
591
605
611
612
613
614
615
616
617
618
619
620
624
625
626
627
515
517
621
622
623
629
519
521
638
639
540
643
647
648
652
654
656
657
658
659
660
661
664
547
549
551
553
675
679
680
684
686
689
690
692
637
693
691
572
696
711
710
713
596
598
599
600
601
602
603
604
628
630
631
632
633
634
635
636
723
640
724
729
641
642
727
732
733
731
644
645
646
649
650
651
653
662
663
665
666
667
668
669
670
671
672
673
674
676
677
678
735
681
682
683
685
742
743
745
688
694
695
755
756
759
761
763
697
764
698
699
700
701
765
767
702
703
704
705
706
707
768
708
709
712
769
770
771
772
774
714
773
777
776
775
778
779
780
781
782
715
783
784
785
786
789
790
791
792
793
787
794
795
796
797
799
800
798
801
802
803
716
717
718
719
720
721
722
804
805
806
809
810
808
807
811
812
813
818
821
822
823
725
726
814
815
816
817
819
825
824
728
730
826
827
828
829
830
831
832
734
835
836
837
840
841
736
737
842
844
845
848
849
851
850
852
853
854
858
855
856
857
863
859
860
861
862
864
867
868
869
871
738
739
740
872
873
883
874
876
877
884
885
886
890
887
888
889
891
892
895
893
894
741
744
746
747
748
904
749
750
751
752
753
754
757
758
760
762
912
914
915
916
766
913
917
918
919
920
921
922
936
944
946
947
945
948
949
950
951
952
953
954
957
960
961
962
963
966
968
969
970
972
973
974
975
976
977
908
906
910
907
992
993
994
995
998
1000
1001
1002
1004
1005
909
1006
1007
1008
1009
911
923
839
1067
1070
1071
1072
1073
1076
1077
1078
1079
956
1082
1083
1084
1085
1086
1087
1088
1089
943
1090
1091
1092
1093
1095
1094
1096
1097
1098
939
896
1100
1101
1102
1103
1104
938
924
940
897
1105
1107
1110
1108
1109
1111
1112
1120
1121
1122
1123
1124
955
1113
1114
1115
1116
1125
1126
1127
1128
1129
942
1130
1132
1133
1136
941
1134
1135
1137
1139
1142
905
1140
1141
1143
1144
1145
1146
1147
1148
1153
1154
1155
1156
1161
1162
1165
1168
1171
1174
1177
1179
1178
1180
1181
1182
1183
1185
1186
1187
1188
925
926
927
928
929
937
958
959
971
1003
1106
1117
1118
1119
1138
1149
1150
1151
1152
1184
788
820
1035
1038
1039
1040
1041
1044
1045
1046
1047
1050
1051
1052
1053
1054
1055
1099
1131
1003
1106
1117
1118
1119
1138
1149
1150
1151
1152
655
687
1184
1160
1166
1170
1175
28
60
73
87
105
119
141
159
173
191
964
965
967
978
979
985
986
989
990
996
997
999
1010
1011
1017
1018
1021
1022
1065
1066
1068
1069
1074
1075
1080
1081
1158
1164
2
5
14
16
17
34
37
46
48
49
74
88
106
120
833
847
865
866
870
1157
1159
1163
1167
1169
1172
1173
1176
68
69
70
75
76
77
79
83
84
89
90
92
100
101
102
107
108
109
111
115
116
121
122
124
129
132
133
161
164
165
834
838
371
1025
1026
1029
1031
1030
1027
1028
1032
1037
1042
1057
1058
1059
1060
1061
1062
1063
1064
13
45
134
166
984
987
988
991
1012
1013
1014
1015
1016
210
211
212
214
216
215
1019
1020
128
160
202
461
462
980
981
983
1020
1023
1024
1033
1034
1036
1043
1048
1049
1056
218
219
220
221
222
223
234
235
236
237
238
239
240
241
242
243
244
247
248
250
251
252
253
254
255
262
263
266
267
269
270
271
272
273
274
275
276
278
283
284
285
286
287
292
294
295
298
299
301
302
303
304
305
306
307
308
310
315
316
317
318
319
324
330
331
332
333
334
335
336
338
347
348
349
350
351
356
365
366
367
368
280
370
279
311
312
982
345
344
341
342
217
233
245
246
249
260
261
264
265
268
281
282
293
296
297
300
313
314
323
340
343
346
478
506
509
510
930
398
426
430
451
452
463
506
507
509
903
846
843
900
934
933
935
510
843
846
875
898
899
900
205
206
208
209
473
476
878
879
881
882
207
475
474
477
880
