1
2
1031
1032
1035
1036
1063
1064
1067
1068
1090
1091
1094
1095
1152
1155
1156
1183
1184
1187
1188
1269
1736
1239
1246
1248
1251
1252
1253
1255
1262
1265
1266
758
759
760
762
763
765
766
1270
1271
1274
772
773
774
776
777
778
775
781
782
785
786
787
788
791
793
795
796
797
799
800
801
802
803
804
805
806
808
809
810
813
814
807
817
818
819
820
823
825
827
828
829
831
832
835
836
837
838
839
841
842
844
850
851
853
854
855
864
867
868
869
870
871
873
874
876
882
883
885
886
887
918
919
922
923
1278
950
951
954
955
975
976
979
980
1007
1008
1011
484
713
724
719
717
720
725
726
727
728
730
731
733
734
739
743
745
752
751
749
756
757
779
780
784
783
789
792
798
811
812
815
816
821
824
830
833
834
840
843
845
846
847
848
849
856
865
866
872
875
877
878
879
880
881
888
900
906
907
902
905
903
909
911
938
939
914
913
915
916
946
947
941
943
945
948
958
957
959
963
964
965
966
967
969
962
968
970
974
973
999
977
971
972
995
996
998
997
994
1001
1000
1006
1002
1004
1003
1005
1009
1012
1015
1016
1019
1020
1021
1022
1025
1034
1279
1037
1039
1038
1040
1041
1042
1043
1044
1046
1047
1254
1049
1048
1256
1050
1052
1051
1257
1260
1261
1263
1267
1268
1272
1273
1275
1276
1279
1280
1281
1282
1283
1284
1286
1287
1289
1290
1298
1299
1285
1275
1300
1301
1302
1303
1304
1305
1306
1307
1322
1323
1324
1325
1276
1238
1242
1243
1244
1247
1256
1259
1328
1327
1326
1330
1331
1333
1334
1332
1335
1336
1337
1338
1344
1339
1340
1345
1342
1341
1346
1351
1349
1350
1348
1347
1353
1361
1362
1363
1364
1365
1366
1367
1368
1369
1370
1372
1373
1374
1375
1376
1378
1379
1380
1381
1382
1383
1385
1393
1394
1395
1396
1397
1377
1399
1400
1398
1401
1402
1404
1405
1406
1407
1408
1409
1410
1411
1413
1414
1415
1416
1417
1418
1421
1422
1423
1424
1425
1426
1427
1428
1429
1430
1431
1432
1434
1436
1438
1440
1441
1442
1443
1445
1446
1447
1448
1449
1450
1453
1454
1455
1456
1457
1458
1459
1460
1461
1462
1463
1464
1466
1468
1476
1477
1480
1481
1482
1483
1484
1485
1486
1487
1488
1489
1490
1492
1493
1494
1496
1497
1500
1501
1508
1509
1512
1513
1514
1515
1516
1517
1518
1519
1520
1521
1522
1524
1525
1526
1528
1529
1532
1533
1534
1535
1536
1537
1538
1539
1540
1541
1542
1543
1544
1545
1546
1547
1548
1549
1550
1551
1553
857
858
859
860
889
890
891
892
1554
1555
1556
1557
1558
1559
1560
1561
1562
1563
1564
1565
1566
1567
1568
1569
1570
1571
1572
1573
1574
1575
1576
1577
1578
1579
1580
1581
1582
1583
1585
1586
1587
1588
1589
1590
1591
1592
1593
1595
1597
1596
1594
1598
1599
1602
1609
1610
1611
1612
1613
1614
1615
1616
1617
1618
1619
1621
1623
1624
1625
1627
1628
1629
1630
1631
1634
1642
1643
1644
1641
1647
1645
1354
1355
1356
1357
1646
1648
1649
1650
1358
1359
1360
1651
1653
1655
1656
1657
1659
1660
1386
1387
1388
1389
1390
1391
1392
1661
1662
1663
1664
1666
1420
1679
1680
1682
1685
1686
1689
1692
1695
1696
1698
1452
1711
1712
1714
1470
1717
1718
1721
1724
1730
1733
1734
1735
1600
1601
1603
1604
1605
1606
1608
1620
1622
1626
1632
1633
1635
1636
1637
1638
1640
1652
1654
1658
1665
1667
1669
1670
1671
1673
1674
1675
1676
1678
1688
1690
1691
1693
1694
1697
1699
1701
1702
1703
1705
1706
1707
1708
1710
1720
1722
1723
1725
1726
1727
21
15
58
22
38
16
20
32
27
24
23
29
62
59
12
30
39
44
11
25
8
13
6
48
43
45
4
7
40
65
63
33
64
31
53
10
57
60
26
54
9
42
0
28
52
3
61
35
34
47
36
41
55
56
18
49
17
50
67
72
70
75
121
114
69
108
78
115
74
73
71
102
90
89
76
77
80
88
96
81
86
87
79
83
85
107
119
112
125
92
122
116
109
93
110
82
101
117
103
91
84
105
104
113
120
111
124
99
118
95
97
94
106
123
127
128
126
129
131
140
133
130
135
151
134
138
132
139
173
148
153
152
172
170
184
175
165
162
171
147
146
176
149
166
174
167
178
160
157
158
181
150
180
177
183
137
182
185
154
164
192
190
169
155
194
193
195
163
161
196
179
136
159
187
186
198
168
189
191
197
205
199
226
203
221
206
224
212
223
201
237
222
230
210
213
202
228
234
227
209
211
236
225
238
219
215
204
242
241
220
245
247
229
243
244
231
218
251
235
250
233
252
253
216
256
254
217
255
249
214
248
257
260
258
261
259
262
263
246
265
288
268
274
285
269
277
264
287
291
286
279
278
281
280
301
283
293
282
295
292
289
290
284
300
294
296
297
310
314
306
266
309
267
312
270
271
311
272
273
275
318
276
317
313
323
316
322
319
321
315
320
298
324
299
302
303
304
325
305
307
308
326
327
328
342
329
345
343
341
344
353
348
347
350
352
346
340
351
349
355
354
358
357
330
331
332
333
373
360
380
359
374
361
377
376
382
356
379
375
372
383
381
389
385
390
387
378
384
392
386
388
391
362
363
452
364
365
395
394
393
401
402
403
396
398
397
406
404
399
405
400
412
408
407
409
410
415
411
416
414
421
418
413
417
423
422
425
419
429
424
427
420
428
430
431
434
436
432
437
426
435
438
444
439
441
433
443
447
442
440
446
445
448
449
451
450
457
453
456
455
459
462
460
472
464
454
470
468
473
469
474
467
475
471
458
463
476
479
480
465
466
485
461
478
483
477
482
481
487
488
489
492
491
494
499
496
501
503
500
486
505
504
508
490
506
502
509
507
495
510
513
511
498
493
497
517
516
520
518
522
524
526
528
512
539
514
537
548
515
540
545
549
519
521
550
523
552
556
525
554
527
529
530
531
560
532
533
534
535
536
538
558
541
571
542
543
544
546
569
572
547
576
551
579
553
555
582
557
559
561
562
563
564
583
565
566
567
568
570
573
574
575
587
588
590
577
578
589
592
591
593
580
594
581
596
599
602
598
601
603
607
600
606
605
604
584
611
585
586
608
615
619
614
622
621
623
620
595
597
625
626
624
628
630
609
610
633
635
634
636
612
638
613
639
632
631
616
637
617
618
641
648
646
649
627
629
640
642
643
644
645
673
647
650
651
652
653
654
678
655
656
657
681
680
658
659
660
661
662
663
664
665
666
667
668
669
670
671
672
674
675
676
677
679
682
683
723
684
685
714
686
687
688
689
690
712
691
692
693
694
695
722
696
697
698
699
700
701
718
721
716
702
755
703
704
705
729
715
732
706
753
746
744
750
735
748
761
707
754
708
747
985
709
710
711
988
764
794
852
861
826
736
737
738
740
741
742
884
925
893
924
899
896
901
904
910
917
912
931
908
928
921
934
927
932
933
937
936
935
944
940
942
956
953
949
961
960
981
978
982
983
987
990
989
1010
1028
992
993
991
1053
1054
1057
1058
1056
1059
1060
1079
1066
1072
1074
1071
1077
1081
1092
1075
1078
1080
1086
1085
1082
1084
1093
1088
1098
1096
1097
1100
1103
1099
1108
1101
1107
1102
1111
1106
1109
1105
1110
1117
1116
1113
1118
1115
1123
1119
1120
1122
1121
1125
1126
1128
1124
1132
1127
1138
1139
1131
1129
1130
1145
1134
1133
1143
1135
1154
1137
1150
1147
1141
1149
1140
1142
1159
1222
1223
1151
1153
1224
1148
1164
1225
1162
1157
1160
1158
1228
1161
1163
1165
1229
1170
1230
1169
1166
1168
1167
1172
1231
1177
1171
1314
1315
1316
1235
1310
1308
1176
1318
1321
1175
1173
1236
1174
1178
1309
1312
1182
1313
1179
1181
1317
1186
1191
1185
1319
1190
1194
1189
1192
1195
1193
1198
1196
1206
1205
1197
1202
1201
1199
1209
1211
1207
1552
1584
1204
1200
1203
1208
1217
1213
1221
1215
1220
1216
1210
1214
1226
1218
1219
1258
1237
1232
1264
1412
1419
1444
1444
1451
1607
1639
1668
1672
1677
1683
1684
1687
1700
1704
1709
1715
1716
1719
1607
1687
1639
1716
1684
1709
1677
1681
1683
1700
1672
1731
1668
1719
1704
1728
1713
1715
1732
1729
1507
768
1478
1495
1475
1329
1293
1296
1297
1288
1499
769
1531
1527
1510
1292
1295
771
1474
1479
1294
1502
1511
1505
1473
1504
1506
1472
767
770
1503
1291
