0
2
3
4
6
7
8
9
13
14
18
17
24
21
27
28
29
30
31
32
34
35
36
38
39
40
41
45
46
49
50
53
56
59
60
61
62
63
65
66
73
74
75
76
79
80
81
82
84
85
88
89
93
94
97
98
105
106
107
108
111
112
113
114
116
117
120
121
125
126
198
200
201
202
230
8483
1526
1527
1531
1532
1533
1534
1535
1536
1537
1538
1539
1540
1541
1542
1543
1544
1545
1547
1548
1549
1550
1551
1552
1553
1554
1555
1556
1557
1558
1559
1560
1561
1563
1564
1568
1569
1570
1571
1572
1573
1574
1575
1576
1577
1579
1580
1581
1582
1583
1584
1585
1586
1587
1588
1589
1590
1591
1592
1593
1595
1596
1602
1603
1605
1606
1607
1610
1611
1612
1613
1614
1615
1616
1617
1619
1620
1622
1624
1625
1626
1628
1627
1629
1634
1635
1637
1638
1639
1642
1643
1644
1645
1646
1647
1648
1649
1651
1652
1654
1656
1657
1658
1659
1660
1661
1668
1669
1671
1672
1673
1674
1675
1676
1677
1678
1679
1681
1682
1683
1685
1686
1687
1688
1689
1690
1691
1692
1700
1701
1703
1704
1705
1706
1707
1708
1709
1710
1711
1714
1715
1717
1718
1719
1720
1721
1722
1723
1724
1730
1733
1734
1739
1740
1741
1742
1743
1744
1746
1752
1753
1754
1755
1757
1758
1762
1765
1766
1771
1772
1773
1774
1775
1776
1778
1784
1785
1786
1787
1789
1790
1792
1793
1796
1797
1798
1803
1821
1823
1824
1825
1828
1829
1830
1835
1853
1855
1857
1858
1859
1860
1861
1862
1863
1864
2440
2441
2444
2449
2456
2458
2459
2647
2648
2649
2650
2651
2832
2834
2439
2447
2448
2450
2835
2845
2847
2848
2849
2852
2853
2854
2855
2859
2860
2877
2879
2881
2882
2885
2887
2898
2899
2902
2903
2904
2905
2906
2907
2908
2909
2910
2911
2913
2914
2917
2919
2930
2931
2934
2935
2936
2937
2938
2939
2940
2941
2942
2943
2944
2945
2946
2947
2948
2949
2950
2952
2975
2976
2977
2978
2979
2980
2981
2982
2984
149
152
2990
2991
2993
2994
2997
2998
3016
3017
3018
3019
3021
3023
3024
3025
3026
3030
3031
3032
3033
3034
3035
3036
3037
3038
3039
3045
3046
3047
3048
3049
3050
3051
3053
3055
3056
3057
3058
3065
3066
3067
3068
3069
3070
3071
181
184
185
188
190
193
194
197
3073
3075
3077
3078
3079
3080
3081
3082
3084
3085
3086
3088
3089
3090
3091
3093
3094
3096
3097
3098
3099
3100
3101
3102
3074
3083
3095
3105
3107
3109
3110
3111
3106
3112
3113
3114
3116
3117
3118
3115
3120
3121
3122
3123
3125
3126
3127
3128
3129
3130
3131
3132
3133
3134
3136
3138
3139
3142
3143
3146
3149
3150
3151
3152
3153
3154
3155
3158
3159
3160
3162
3137
3140
3141
3144
3145
3157
3164
3165
3166
3168
3170
3171
3174
3169
3172
3173
3175
3176
3178
3181
3177
3182
3183
3184
3185
3186
3187
3190
3189
3191
3192
3194
3198
3196
3197
3203
3206
3208
3214
3201
3205
3235
3233
3238
3237
3240
3246
3264
3265
3267
3268
3269
3270
3271
3272
3289
3291
3294
3295
3296
3297
3299
3300
3301
3302
3303
3304
3321
3323
3326
3327
3332
3335
3336
3358
3359
3367
3368
3371
3372
3373
3374
3375
3376
3378
3390
3391
3407
3499
3500
3501
3502
3503
3504
3505
3507
3508
3509
3511
3512
3513
3514
3516
3517
3518
3520
3521
3522
3523
3524
3525
3526
3527
3528
3529
3530
3531
3532
3533
3534
3535
3536
3538
3539
3540
3541
3542
3543
3544
3545
3546
3547
3548
3549
3550
3551
3552
3553
3554
3555
3556
3557
3558
3559
3560
3561
3562
3563
3564
3565
3566
3567
3568
3569
3570
3571
3572
3573
3574
3575
3576
3577
3578
3579
3580
3581
3582
3583
3584
3586
3587
3588
3589
3590
3596
3597
3598
3601
3602
3603
3604
3605
3606
3607
3594
3608
3609
3610
3611
3612
3613
3614
3616
3618
3619
3620
3621
3622
3626
3628
3629
3630
3633
3634
3635
3636
3637
3638
3639
3640
3641
3642
3643
3644
3646
3648
3649
3650
3652
3653
3654
3655
3656
3645
3651
3657
3658
3659
3660
3661
3662
3663
3665
3671
3672
3673
3674
3675
3676
3677
3678
3679
3680
3681
3682
3683
3684
3685
3686
3687
3688
3689
3690
3691
3692
3693
3694
3695
3712
3713
3714
3716
3720
4469
4470
4471
4473
4474
4480
4482
4483
4485
4486
4487
4488
4489
4490
4491
4492
4493
4494
4495
4496
4497
4498
4499
4500
4501
4502
4504
4505
4506
4507
4508
4509
4510
4511
4512
4514
4515
4517
4518
4519
4520
4521
4522
4523
4524
4525
4526
4527
4528
4529
4530
4531
4532
4533
4534
4536
4537
4538
4539
4540
4541
4542
4543
4544
4545
4546
4547
4548
4551
4552
4553
4554
4557
4558
4561
4562
4563
4567
4573
4574
4575
4576
4577
4578
4579
4580
4583
4584
4585
4586
4589
4590
4593
4594
4599
4605
4606
4607
4608
4609
4610
4612
4613
4614
4611
4639
4640
4641
4642
4644
4643
4645
4646
4671
4672
4673
4675
4676
4679
4681
4682
4683
4684
4685
4686
4687
4688
4689
4692
4701
4702
4703
4704
4705
4707
4708
4711
4713
4714
4715
4716
4823
4824
4825
4826
4827
4828
4830
4831
4832
4833
4836
4837
4838
4839
4842
4845
4846
4853
4854
4855
4856
4857
4858
4859
4860
4862
4863
4866
4867
4868
4869
4870
4871
4873
4874
4875
4886
4887
4888
4889
4890
4892
4893
4898
4899
4900
4901
4902
4903
4905
4906
4907
4918
4919
4920
4921
4922
4923
4924
4925
4935
4936
4937
4958
5127
5181
5190
5194
5198
5201
5206
5207
5215
3537
5275
6109
6110
6111
6112
6113
6116
6119
6124
6125
6128
6129
6130
6132
6134
6135
6136
6137
6138
6139
6140
6141
6142
6143
6144
6147
6148
6149
6150
6153
6156
6157
6158
6159
6160
6161
6164
6267
6270
6301
6300
6282
6284
6285
6289
6302
6316
6361
6362
6363
6364
6365
6366
6367
6368
6369
6370
6373
6317
6378
6314
6321
6382
6386
6389
6393
6394
6395
6396
6397
6398
6399
6459
6460
6464
6465
6466
6467
6469
6471
6472
6474
6475
6479
6497
6498
6499
6501
6503
6504
6506
6507
6511
6534
6588
6589
6592
6593
6594
6596
6598
6599
6600
6601
6602
6603
6604
6605
6609
6611
6617
6624
6625
6626
6628
6630
6631
6632
6633
6634
6635
6636
6637
6641
6643
6649
6657
6658
6661
6662
4885
6668
4917
4938
4939
4940
4941
6689
6690
6693
6694
6700
6832
6833
6834
6835
4949
6838
6839
6840
6841
6845
6846
6847
6848
6851
6852
6867
6869
6870
6871
6874
6875
6888
19
51
182
183
187
191
192
196
199
204
221
223
224
225
228
6272
6273
6274
6283
6286
6287
6288
229
231
515
516
517
518
519
520
521
522
523
524
6303
525
526
527
528
530
531
532
533
534
535
536
537
538
539
540
541
542
543
544
545
546
547
548
549
550
551
552
553
554
555
556
557
558
559
560
562
563
564
565
566
567
6304
6305
6306
568
569
570
571
572
573
574
575
576
577
578
580
581
6315
6318
6319
6320
586
587
589
590
591
594
595
596
597
600
601
605
606
608
609
610
612
613
619
621
622
623
626
627
628
629
632
633
637
638
650
651
661
662
665
667
668
671
682
683
693
694
697
699
700
703
704
6496
707
708
709
711
719
720
721
722
723
726
727
729
733
734
736
739
740
741
743
745
746
747
748
749
750
751
752
753
754
755
758
759
760
761
765
766
769
770
773
774
776
777
778
805
806
807
808
809
810
811
812
813
814
815
816
817
818
819
820
821
822
823
824
825
826
829
830
831
833
834
835
836
837
838
839
840
841
842
843
844
846
847
848
849
850
851
852
853
854
855
856
857
858
859
861
862
865
866
867
868
869
870
871
872
873
874
875
876
878
879
880
881
882
883
884
885
886
887
888
889
890
891
893
894
896
897
898
900
901
904
911
912
913
914
916
917
918
919
920
921
922
923
924
927
928
929
930
932
933
936
943
944
945
946
948
949
950
951
952
953
954
955
956
959
960
961
964
971
977
980
981
986
988
989
993
996
1003
860
832
1009
1012
1013
863
892
1018
1020
864
1021
895
1027
1048
1049
1050
1051
1054
1055
1059
1152
845
1153
1154
1155
1156
1157
1158
1162
1163
1164
1165
877
1166
1167
1169
1170
1178
1179
1180
1181
1182
1183
1184
1185
1186
1187
1188
1189
1190
1194
1195
1196
1197
1198
1199
1201
1202
1205
962
963
1210
1211
1212
965
966
967
969
970
972
973
974
1213
1214
1215
1216
1219
1220
975
976
1222
1223
1224
1226
1227
1228
1230
1231
1232
1233
1235
1237
1239
1240
1245
1243
1248
1251
1252
1254
1255
1256
1258
1259
991
1260
1262
1263
1264
1265
1267
1269
1271
1272
992
994
995
997
998
999
1001
1002
1004
1005
1006
1007
1277
1008
1275
1283
1282
1289
1290
1293
1292
1305
1309
1307
1311
1315
1314
1321
1322
1325
1324
1337
1341
1023
1339
1343
1345
1346
1347
1350
1351
1349
1353
1356
1355
1357
1358
1359
1362
1363
1364
1365
1367
1368
1369
1370
1373
1374
1377
1378
1382
1383
1381
1385
1388
1389
1390
1391
1394
1395
1396
1397
1387
1399
1400
1401
1402
1405
1406
1408
1420
1419
1422
1423
1427
1428
1429
1430
1431
1432
1433
1434
1438
1439
1440
1437
1452
1454
1455
1458
1459
1460
1451
1461
1462
1463
1464
1465
1466
1469
1470
1471
1472
1474
1475
1479
1480
1481
1482
1485
1486
1487
1488
1489
1490
1491
1492
1493
1494
1495
1497
1498
1499
1501
1502
1503
1504
1506
1507
579
611
712
905
907
908
909
915
937
939
940
941
947
983
1015
1236
1268
1299
1409
1410
1411
1412
1421
1424
1425
1426
1441
1442
1443
1444
1352
1453
1456
1457
1384
1426
203
602
604
607
634
636
639
779
780
782
783
784
785
786
787
788
789
790
791
792
793
794
797
798
799
984
1016
1024
1025
1026
1056
1057
1058
1281
1313
1
11
16
20
22
23
25
26
33
43
48
7216
7221
90
92
96
99
101
103
104
1546
1172
1173
1174
232
233
235
239
240
241
242
243
246
247
255
256
257
258
259
260
261
262
263
264
265
266
267
270
271
275
277
276
280
281
283
284
287
288
289
290
291
292
293
294
295
296
297
298
299
302
303
307
308
309
312
313
315
316
319
321
7191
1409
1410
1411
1412
1421
1424
1425
7192
7194
7198
7199
1441
1442
1443
1444
7200
7201
7202
7205
7206
1453
1456
1457
7208
7210
7213
7218
781
529
561
1354
1360
1386
1392
1476
1477
52
8260
8261
91
95
122
123
124
127
128
137
150
156
158
159
160
169
8415
8416
8418
8419
8420
8421
8423
8437
8441
8442
8443
8444
8446
8447
8451
8452
8453
8454
8456
8457
8466
8469
8470
8473
8478
8482
8215
8216
8217
8220
8458
8462
8465
8229
8230
8231
8232
8233
8234
8235
8236
8238
8468
8239
8237
8249
8248
8247
8252
8311
8257
8312
8313
8314
8315
8316
8318
8320
8321
8319
8323
8324
8327
8326
8325
8330
8331
8332
8333
8334
8335
8328
8329
8337
8338
8339
8340
8336
8341
8343
8344
8342
8346
8347
8348
8349
8350
8351
8352
8353
8355
8357
8358
8356
8361
8362
8360
8359
8363
8364
8366
8367
8365
8368
8369
8370
8371
8372
8373
8374
8375
8378
8379
8376
8380
8381
8382
8383
8384
8387
8388
8389
8386
8391
8405
8408
8409
8410
8411
8412
8414
8440
1528
8450
8455
1856
2445
2446
2457
2472
2473
2471
2476
2477
2478
1331
2489
2490
2491
2653
2654
2657
2660
2661
2662
2663
2664
2665
2666
2667
2843
2844
2869
2870
2871
2872
2875
2876
2880
2884
2886
2889
2895
2912
2916
2918
2921
2924
2927
3156
3161
3167
3188
3193
3199
3202
3204
3234
3236
8427
8430
8459
8461
8463
8464
8467
8472
8222
3791
3792
3793
3794
3795
3796
3797
3799
3802
3803
3805
3806
3809
8254
3824
3823
3825
3826
3829
3827
3828
8317
3831
3834
3835
3837
3838
3841
3842
3848
3849
3850
3851
3854
3855
3856
3857
3860
3880
3881
3882
3883
3886
3887
3888
3889
3892
3895
3896
3898
3899
3900
3903
3902
3901
3904
3905
3907
3908
3911
3912
8395
8398
3919
3928
3929
3935
3936
3937
3939
3940
8413
3943
3944
8445
8460
3951
3980
3960
3961
3987
3988
3989
3990
3991
3994
3995
3999
4000
4001
4002
4005
4006
4009
4012
4020
4021
4103
4019
4104
4105
4106
4108
4127
4128
4135
4136
4137
4138
4140
4167
4181
4182
4183
4185
4186
4187
4189
4192
4214
4215
4217
4218
4219
4369
4386
4388
4389
4390
4391
4392
4394
4395
4396
4397
4401
4472
4475
2892
4476
4477
4478
4479
6096
6097
6098
6099
6100
6102
6103
6105
6106
6107
6108
6122
6123
6131
6162
6163
6165
6166
6167
6168
6169
6170
6171
6172
6173
6175
6176
6179
6180
6181
6182
6185
6188
6189
6190
6191
6192
6193
6194
6195
6196
6197
6198
6199
6200
6201
6202
6203
6204
6205
6207
6208
6210
6213
6214
6220
6221
6222
6223
6226
6227
6228
6229
6232
6233
6235
6236
6238
6239
6240
6242
6245
6246
6252
6253
6254
6255
6258
6259
6260
6261
6264
6265
6271
6294
6295
6298
6299
6326
6327
6330
6331
6332
6333
6336
6337
6338
6341
6334
6344
6346
6350
6354
6357
6376
6463
6468
6470
6473
6477
6478
6482
6485
6487
6488
6489
6490
6491
6492
6493
6495
6500
6502
6505
6509
6510
6514
6517
6519
6520
6521
6522
6523
6524
6525
6527
6536
6537
6542
6548
6549
6550
6551
6554
6555
6556
6557
6568
6566
6569
6574
6580
6581
6582
6583
6587
6586
6595
6606
6608
6610
6613
6618
6622
6627
6638
6640
6642
6645
6654
6650
6656
6659
6660
6663
6664
6665
6666
6667
6669
6670
6671
6672
6673
6674
6675
6677
6678
6679
6680
6681
6683
6684
6685
6687
6688
6691
6692
6695
6696
6697
6698
6699
6701
6702
6703
6704
6705
6706
6707
6709
6710
6711
6712
6713
6715
6716
6717
6719
6720
6723
6726
6727
6728
6729
6730
6731
6733
6732
6734
6735
6737
6738
6739
6742
6743
6744
6745
6746
6749
6750
6751
6752
6755
6758
6759
6760
6761
6763
6764
6762
6765
6766
6767
6769
6770
6771
6774
6775
6776
6777
6778
6781
6782
6783
6798
6799
6800
6801
6802
6803
6805
6806
6807
6808
6809
6811
6812
6813
6814
6815
6830
6831
6837
6843
6844
6849
6850
6853
6854
6855
6856
6857
6858
6860
6861
6862
6864
6866
6868
6872
6873
6876
6877
6878
6879
6880
6881
6882
6883
6884
6885
6886
6887
6889
6890
6892
6893
6894
6896
6898
6899
6900
6901
6902
6903
6904
6905
6906
6907
6908
6909
6910
6911
6912
6914
6916
6917
6918
6919
6920
6921
6922
6923
6924
6925
6926
6929
6930
6931
6932
6936
6937
6938
6939
6941
6942
6943
6944
6946
6948
6949
6950
6951
6952
6953
6954
6955
6956
6957
6958
6961
6962
6963
6268
6964
6968
6969
6970
6971
6973
6974
6975
6976
6977
6978
6979
6980
6981
6982
6983
6986
6987
6988
6990
6992
6993
6994
6996
6997
6998
6999
7000
7001
6335
7008
7009
7010
7011
7012
7013
7014
7015
7018
7019
7020
7022
7024
7025
7026
7028
7029
7048
7049
7050
7051
7052
7053
7054
7055
7056
7057
7058
7059
7060
7061
7062
7063
7064
7065
7067
7066
7068
7069
7070
7071
7072
7073
7074
7075
7076
7077
7078
7079
7080
7081
7082
7083
7084
7085
7086
7087
7088
7089
7090
7091
7092
7093
7094
7095
7096
7097
7099
7098
7100
7101
7102
7103
7104
7105
7106
7107
7109
7110
7111
7113
7114
7117
7118
7119
7120
7121
7122
7123
7124
7125
7126
7127
7128
7129
7130
7131
7132
7133
7134
7135
7136
7137
7139
7141
7142
7143
7145
7146
7149
7150
7151
7152
7153
7154
7155
7156
7157
7158
7160
7159
7161
7162
7163
7164
7165
7166
7167
7168
7169
7170
7173
7174
7176
7177
7178
7179
7190
7195
7196
7209
7211
7214
7215
7219
7220
7222
7223
7224
7226
7227
7228
7231
7112
7230
7232
7233
7234
7236
7237
7238
7239
7240
7241
7242
7244
7246
7247
7251
7248
7245
7250
7249
7253
7254
7255
7252
7256
7257
7258
7259
7260
7261
7262
7263
7264
7265
7266
7268
7269
7271
7270
7272
7273
7274
7275
7276
7279
7281
7282
7283
7280
7284
7285
7286
7287
7288
7289
7290
7291
7292
7293
7294
7295
7296
7297
7298
7299
7300
7301
7302
7147
7108
7148
7303
7305
7304
7306
7307
7308
7310
7312
7309
7311
7115
7313
7315
7316
7317
7318
7144
7319
7320
7321
7322
7323
7324
7325
7326
7327
7328
7329
7330
7332
7333
7331
7335
7334
7338
7337
7336
7339
7340
7341
7344
7343
7345
7342
7347
7348
7349
7350
7351
7352
7353
7354
7355
7356
7357
7358
7359
7360
7363
7364
7365
7367
7368
7371
7372
7373
7375
7376
7377
7378
7379
7380
7381
7382
7383
7384
7385
7386
7387
7388
7389
7390
7116
7391
7392
7395
7396
7397
7399
7400
7403
7404
7405
7407
7408
7410
7411
7412
7413
7414
7415
7416
7417
7418
7419
7420
7421
7422
7423
7424
7425
7426
7427
7428
7429
7430
7431
7432
7433
7434
7435
7438
7439
7440
7441
7442
7443
7444
7445
7448
7447
7450
7454
7455
7456
7458
7457
7140
7459
7460
7461
7462
7463
7464
7465
7466
7467
7470
7471
7472
7473
7474
7475
7476
7477
7479
7480
7482
7486
7487
7488
7495
7496
7497
7512
7520
7527
7528
7529
7544
7553
7554
7556
7557
7559
7560
7558
7561
7562
7564
7565
7566
7567
7570
7569
7568
7571
7572
7573
7574
7575
7576
7577
7578
7579
7580
7581
7582
7585
7586
7588
7589
7591
7592
7593
7594
7590
7596
7597
7598
7599
7600
7601
7602
7603
7604
7605
7606
7607
7608
7609
7610
7611
7612
7613
7614
7616
7617
7618
7619
7620
7621
7622
7623
7624
7625
7626
7627
7629
7630
7631
7632
7633
7635
7636
7640
7641
7644
7645
7646
7647
7648
7649
7650
7651
7652
7653
7654
7655
7656
7657
7658
7659
7661
7662
7663
7664
7665
7667
7668
7672
7673
7676
7677
7679
7681
7678
7685
7686
7688
7689
7692
7696
7697
7703
7138
7713
7718
7717
7720
7721
7723
7724
7725
7726
7728
7729
7711
7735
7745
7746
7747
7748
7750
7752
7751
7753
7743
7761
7762
7764
7766
7767
7768
7763
7772
7773
7774
7775
7769
7770
7778
7777
7784
7780
7771
7779
7783
7782
7785
7800
7793
7794
7795
7796
7798
7804
7801
7805
7806
7807
7811
7802
7803
7814
7812
7809
7808
7810
7813
7817
7821
7816
7815
7818
7819
7820
7827
7829
7822
7831
7832
7833
7834
7828
7835
7836
7824
7823
7825
7830
7826
7837
7838
7839
7843
7842
7844
7845
7841
7840
7846
7849
7847
7848
7853
7851
7852
7850
7854
7859
7856
7857
7861
7863
7860
7855
7858
7864
7865
7866
7862
7867
7868
7869
7870
7628
7634
7871
7874
7660
7666
7876
7879
7877
7687
7691
7693
7694
7695
7704
7705
7706
7878
7707
7708
7709
7710
7719
7893
7727
7736
7737
7738
7739
7740
7896
7899
7894
7898
7897
7741
7742
7906
7908
7910
7749
7911
7909
7754
7755
7756
7757
7758
7759
7760
7765
7781
7925
7926
7930
7928
7929
7786
7787
7788
7931
7789
7790
7791
7792
7797
7799
7891
7952
7984
7923
8001
8004
8007
8018
8029
8030
8031
8033
8036
8039
8050
8059
8061
8062
8063
8093
7880
7881
7882
7883
8094
8095
7892
8125
7895
8126
8127
8128
8129
8130
8131
8132
8133
8134
8135
8136
8137
8138
8139
8140
8141
8142
8143
8146
8147
8148
8149
8150
8151
8152
8154
8155
8156
8157
8158
8159
8153
8160
8161
8162
8163
8164
8165
8166
8167
8168
8169
8170
8171
8172
8173
8174
8175
8178
8179
7912
7913
7914
7915
8180
8181
8182
8183
8184
8186
8187
8185
8188
8189
8190
8191
7924
7927
7944
7959
7960
8475
8476
7976
7991
7992
8027
8028
8060
8145
8177
7002
7030
7031
7034
7181
7182
7183
7187
7188
8009
8041
8070
8072
8080
8081
8084
8085
8087
8089
8090
8091
8102
8104
8112
8113
8116
8117
8119
8121
8122
8123
129
130
132
133
134
135
138
139
140
141
144
145
146
147
148
161
162
164
165
166
167
170
171
172
173
176
177
178
179
180
207
208
209
210
211
214
215
217
218
222
236
249
250
253
254
268
269
272
273
274
278
282
286
300
301
306
310
314
318
322
323
324
325
326
328
329
333
334
339
340
341
342
343
344
345
346
349
350
352
353
354
355
356
357
358
360
370
371
373
374
375
376
377
378
381
382
391
394
395
396
398
399
400
403
405
407
410
411
414
423
426
427
428
430
431
432
435
437
439
442
443
483
484
485
486
489
490
493
512
1565
1566
1567
1594
1597
1598
1599
1600
1601
1604
1609
1632
1633
1636
1641
1670
1684
7047
1699
1702
1716
1735
1745
1750
1756
1767
1777
1782
1788
1795
1799
1804
1805
1806
1807
1810
1811
1820
1822
1827
1831
1836
1837
1838
1839
1842
1843
1852
1854
1866
1867
1868
1869
1871
1872
2451
2452
2453
2454
2455
2479
2480
2481
2482
2483
2484
2488
2485
2486
2487
2501
2502
2503
2506
2507
2508
2509
2510
2511
2512
2514
2518
2519
2522
2524
2526
2530
2531
2532
2533
2534
2535
2538
2539
2540
2541
2542
2543
2544
2546
2550
2551
2554
2556
2558
2560
2562
2563
2566
2567
2568
2569
2570
2571
2572
2573
2575
2579
2580
2588
2589
2592
2594
2595
2598
2599
2600
2601
2602
2603
2604
2605
2607
2611
2612
2620
2621
2624
2630
2633
2636
2637
2638
2639
2640
2641
2642
2643
2668
2669
2670
2671
2672
2673
2674
2675
2679
2680
2681
2682
2683
2687
2689
2690
2691
2693
2703
2704
2705
2717
2719
2721
2722
2723
2725
2735
2736
2737
2749
2751
2752
2760
2762
2763
2764
2766
2776
2779
2782
2783
2784
2792
2794
2795
2796
2798
2808
2811
2814
2815
2816
2817
2820
2821
2822
2823
2827
2828
3040
3041
3042
3044
3076
3103
3108
3135
1562
3292
3293
3324
3325
3328
3329
3331
3333
3339
3340
3342
3343
3344
3345
3346
3347
3348
3349
3350
3341
3351
3352
3353
3354
3355
3356
3357
3360
3361
3365
3363
3377
3379
3380
3381
3382
3383
3384
3385
3386
3387
3388
3389
3506
3510
3515
3585
3600
3615
3617
3593
3632
3625
3647
3722
3725
3727
3728
3729
3730
3732
3734
3744
3745
3746
3748
3749
3752
3754
3742
3757
3759
3760
3761
3762
3763
3765
3766
3776
3777
3780
3774
3798
3807
3808
3812
3830
3839
3957
3984
3986
4016
4018
4126
2706
2707
2708
2709
4148
4149
4152
4153
4156
4158
4159
4160
2738
2739
2740
2741
4368
4400
2778
2780
2781
4468
4484
4516
4555
2810
2812
2813
4587
4615
4619
4620
4629
4632
4633
4647
4651
4652
4661
4664
4665
4691
4693
4694
4696
4697
4699
4700
4717
4718
4719
4720
4721
4723
4724
4725
4726
4728
4729
4731
4732
4733
4734
4735
4736
4739
4740
4741
4742
4745
4746
4747
4752
4753
4755
4758
4759
4765
4766
4767
4768
4771
4772
4773
4774
4777
4778
4779
4784
4785
4787
4790
4791
4797
4798
4799
4800
4801
4804
4805
4806
4807
4808
4809
4810
4813
4814
4815
4816
4820
4821
4822
4840
4841
4847
4848
4852
4872
4904
5131
5134
5135
5138
5141
5146
5147
5148
5150
5153
5154
5155
5156
5159
5160
5161
5163
5166
5167
5170
5173
5178
5179
5180
5182
5277
5307
3717
5309
5315
5316
5319
5320
5321
5322
5323
5324
5326
5329
5333
5334
5338
5339
5341
5343
5347
5348
5351
5352
5353
5354
5355
5356
5358
5370
5371
5373
5375
5376
5377
5378
5379
5380
5381
5382
5389
5390
5391
5392
5393
5395
5397
5398
5399
5400
5401
5402
5404
5407
5408
5409
5410
5411
5412
5413
5414
5421
5422
5423
5424
5425
5427
5429
5430
5431
5432
5433
5434
5436
5439
5441
5442
5443
5444
5445
5446
5447
5448
5449
5450
5451
5452
5453
5454
5455
5456
5457
5458
5459
5460
5461
5462
5463
5464
5465
5466
5467
5468
5470
5472
5473
5474
5475
5476
5477
5478
5479
5480
5481
5482
5483
5484
5485
5486
5487
5488
5489
5490
5491
5492
5493
5494
5495
5496
5497
5498
5499
5500
5502
5506
5509
5510
5512
5513
5514
5515
5517
5518
5519
5520
5521
5522
5523
5524
5525
5526
5527
5528
5529
5530
5531
5532
5533
5534
5535
5538
5541
5542
5544
5545
5546
5547
5549
5550
5551
5552
5553
5554
5555
5556
5557
5558
5559
5560
5561
5562
5563
5564
5565
5566
5567
5568
5569
5570
5571
5572
5573
5574
5575
5576
5577
5578
5579
5581
5582
5583
5586
5588
5589
5591
5593
5596
5597
5599
5600
5601
5602
5603
5604
5605
5606
5607
5608
5609
5610
5611
5613
5614
5615
5635
5636
5637
5712
5713
5714
5717
5718
5719
5720
5723
5744
5745
5746
5765
5766
5767
5768
5769
5771
5772
5775
5776
5778
5779
5780
5783
5784
5786
5787
5790
5791
5792
5793
5794
5795
5797
5798
5799
5800
5801
5803
5804
5807
5808
5810
5811
5812
5815
5816
5818
5819
5822
5823
5824
5825
5826
5827
5828
5830
5831
5832
5833
5836
5840
5841
5842
5843
5846
5847
5850
5853
5856
5857
5858
5859
5860
5936
5937
5938
5939
5940
5941
5942
5943
5944
5947
5948
5949
5950
5953
5964
5968
5972
5975
5980
5981
5982
5985
5996
6054
6057
6058
6114
6461
6486
6518
5394
5396
5426
5428
5440
6747
6779
6784
6785
6786
6788
6789
6792
6793
6795
6796
6797
6804
6810
6816
6817
6818
6820
6821
6824
6825
6827
6828
6829
6836
6842
7366
7398
7401
7402
7436
7446
7468
7478
155
513
2321
2323
2329
2331
2332
2333
2334
2353
2355
2363
2364
2365
2366
151
5279
5293
5295
5296
5297
5299
5300
5301
5304
5305
5311
5312
5313
5317
5344
5345
5349
5716
5721
5724
5725
5845
5848
5851
5852
5854
6535
6539
6540
6615
6616
6647
6648
2361
990
1022
131
136
163
168
1695
1727
1729
1731
1732
1736
1748
1749
1761
1763
1764
1768
1780
1781
1800
1801
1802
1808
1809
1812
1814
1815
1817
1832
1833
1834
1840
1841
1844
1846
1847
1849
2461
2462
2464
2467
2492
2493
2494
2496
2504
2505
2516
2517
2520
2521
2525
2527
2528
2536
2537
2548
2549
2552
2553
2557
2559
2561
2564
2565
2577
2578
2581
2582
2583
2585
2586
2587
2590
2591
2593
2596
2597
2609
2610
2613
2614
2615
2617
2618
2619
2622
2623
2627
2629
2631
2634
2635
2644
2645
2646
2676
2677
2678
2686
2688
2692
2694
2695
2696
2697
2698
2699
2701
2702
2711
2716
2718
2720
2724
2726
2727
2728
2729
2730
2731
2733
2734
2743
2748
2750
2755
2756
2757
2758
3072
3104
3200
3209
3210
3195
3207
3211
3212
3213
3215
3216
3218
3217
3219
3220
3221
3223
3224
3225
3226
3222
3227
3228
3229
3230
3231
3232
3241
3239
3242
3243
3244
3245
3247
3248
3250
3252
3253
3249
3251
3254
3255
3256
3257
3258
3259
3260
3261
3262
3263
3275
3277
3278
3266
3280
3281
3284
3282
3283
3285
3286
3287
3288
3307
3309
3298
3310
3312
3313
3316
3317
3314
3315
3318
3319
3330
3334
3337
3338
3362
3364
3366
3369
3370
3392
3393
3396
3406
3408
3395
3410
3411
3412
3414
3415
3409
3413
3416
3417
3418
3419
3421
3422
3424
3425
3420
3423
3428
3427
3429
3430
3431
3434
3432
3433
3437
3438
3439
3440
3442
3443
3441
3444
3446
3447
3449
3450
3445
3448
3451
3453
3454
3456
3452
3455
3457
3458
3459
3460
3461
3462
3463
3464
3465
3466
3467
3468
3469
3470
3471
3472
3473
3474
3475
3476
3477
3478
3479
3480
3481
3482
3483
3484
3485
3486
3487
3488
3489
3490
3491
3492
3493
3494
3495
3496
3497
3498
3519
3599
3664
3666
3667
3631
3668
3669
3670
3718
3750
3781
3782
3783
3784
3786
3813
3814
3815
3816
3818
3906
3909
3938
1667
3941
3942
3945
3948
3952
3954
3955
3956
3985
4017
4102
4107
4129
4130
4133
4134
4139
4142
4145
4164
4165
4196
4197
4367
4387
4399
4481
4513
4568
4569
4570
4571
4600
4601
4602
4603
4616
4618
4622
4623
4624
4625
4626
4627
4628
4631
4648
4650
4654
4655
4656
4657
4658
4659
4660
4663
4666
4667
4668
4829
4861
4876
4877
4908
4909
5128
5129
5133
5139
5140
5142
5149
5165
5171
5172
5174
5184
5187
3163
5216
5219
6060
6061
6062
6063
6064
6065
6066
6067
6068
6069
6070
6071
6072
6073
6075
6076
6077
6079
6080
6081
6082
6083
6084
6085
6086
6087
6090
6091
6092
6093
6095
6101
6104
6115
6117
6118
6127
6133
6145
6151
6154
6155
6174
6177
6183
6186
6187
6206
6225
6230
6247
6248
6251
6257
6262
6281
6290
6291
6292
6293
6296
6313
6322
6323
6324
6325
6328
6342
6343
6345
6349
6351
6352
6355
6358
6359
6360
6374
6375
6377
6381
6383
6384
6387
6390
6391
6392
6406
6407
6411
6480
6481
6484
6512
6513
6516
6533
6565
6567
6571
6572
6614
6646
219
220
251
252
487
488
925
926
957
958
1052
1053
1171
1203
1206
1207
1208
1483
1484
3148
3147
186
83
87
109
115
119
1029
1030
1061
1062
1099
1101
1102
1103
1106
1107
1108
1113
1116
1117
1120
1126
1127
1129
1130
1131
1133
1134
1135
1138
1139
1140
1145
1148
1149
1525
1529
1530
3179
3180
1500
582
583
1511
584
585
593
616
625
6476
6483
6508
6515
6528
6530
6538
6541
6546
6547
6553
6558
6559
6560
6562
6570
6573
6578
6579
6585
6590
6591
7453
7485
7490
7491
7493
7522
7523
7525
8424
8425
8426
8428
8429
305
331
332
361
363
364
366
367
413
445
446
449
450
451
452
453
454
457
458
459
460
461
462
463
464
465
466
467
468
469
470
471
472
473
474
475
476
481
482
491
492
494
495
496
497
498
499
500
501
502
503
504
505
506
507
508
5722
7639
7671
347
348
379
380
383
384
385
386
387
388
389
390
392
393
397
8124
415
416
417
418
419
420
421
422
425
429
304
336
368
154
195
205
206
216
226
227
237
234
238
248
327
330
359
362
365
402
401
409
406
412
433
408
404
434
436
438
440
441
444
455
456
477
509
2842
2846
2888
2893
2896
2874
2878
2891
2897
2900
2920
2929
2932
2928
2923
2925
3027
3028
3029
3306
5469
5471
5501
5503
5504
5507
5508
5511
5516
5536
5539
5540
5548
5543
5638
5641
5639
5648
5644
5649
5652
5656
5660
5661
5666
5668
5670
5671
5673
5676
5680
5681
5684
5688
5692
5693
5697
5696
5703
5700
5702
5701
5706
5705
5708
5709
5710
5711
5715
5726
5733
5728
5729
5734
5732
5748
5749
5750
5735
5737
5740
5738
5741
5743
5747
5752
5755
5751
5753
5754
5756
5757
5758
5761
5762
5770
5774
5781
5788
5789
5785
5782
5773
5777
5802
5805
5806
5957
5958
5961
5993
5989
5990
6494
6526
6682
6686
6748
6753
6756
6757
6780
6787
6790
6791
6794
6823
6826
6819
6822
153
5809
5813
5817
5820
5821
1618
1650
1728
1737
1738
1747
1760
1769
1770
1779
2460
2523
2625
2626
2628
3043
3273
3274
3276
3279
3290
3305
3308
3311
3320
3322
4022
4023
4029
4027
4031
4032
4039
4035
4036
4037
4038
4042
4043
4044
4046
4047
4048
4045
4057
4049
4050
4051
4052
4053
4054
4055
4058
4059
4061
4062
4063
4071
4064
4067
4068
4069
4070
4074
4075
4076
4078
4079
4080
4077
4081
4082
4083
4084
4085
4086
4087
4089
4091
4090
4093
4094
4095
4097
4098
4096
4099
4100
4101
4131
4132
4408
4409
4411
4414
4413
4415
4416
4417
4418
4425
4426
4428
4429
6056
4434
4441
4442
4444
4435
4436
4437
4438
4439
4440
4443
4445
4446
4448
4449
4450
4458
4460
4461
4457
4503
4466
4467
4535
4690
4695
4698
4835
4844
4843
5151
5183
5185
5188
5189
5217
5220
5221
5281
5280
5282
5283
5284
5285
5286
5287
5288
5289
5290
5291
5294
5303
5306
5318
5350
5405
5406
5437
5438
5855
5835
5837
5838
5839
5829
5862
5863
5864
5865
5861
5867
5868
5869
5870
5871
5872
3731
3733
5874
5881
5882
5883
5884
5885
5886
5887
5877
5888
5889
5890
5879
5891
5892
5893
5894
5897
5898
5899
5900
5902
5903
5904
5895
5905
5906
5907
5908
5909
5910
5911
5914
5915
5916
5917
5918
5919
5920
5921
5922
5923
5930
5931
5932
5924
5925
5926
5929
5934
5935
5927
5946
5951
4026
4041
4060
4073
4092
4427
4430
4431
4432
4433
4447
4459
4462
4463
4464
4465
5849
157
5880
189
447
5901
5912
5933
5653
5654
5685
5686
985
1017
1038
1246
1278
1284
1288
1291
1295
1306
1310
1316
1320
1327
1323
1338
1342
1380
424
1344
1348
1376
618
599
615
603
614
617
635
640
646
631
641
642
643
644
647
648
649
652
657
659
663
664
666
669
670
672
676
675
673
679
678
680
681
684
689
691
695
698
696
702
701
706
705
713
710
715
716
718
717
725
728
737
738
742
744
757
771
772
775
803
804
1032
1033
1034
1037
1043
1046
1065
1064
1074
1075
1078
1080
1081
1082
1083
1066
1069
1070
1084
1085
1086
1087
1118
1150
1168
1175
1176
1177
1200
1204
1209
1160
1225
1161
1229
1192
1244
1218
1193
1217
1238
1241
1242
1247
1249
1250
1270
1273
1274
1276
1279
1286
1296
1257
1261
1285
1287
1301
1318
1328
1308
1317
1319
1361
1333
1340
1366
1393
1371
1407
1403
1398
1436
1435
1467
1468
1473
1505
514
1665
1693
1697
1725
1819
1879
1882
1851
1880
1885
1865
1870
1873
1875
1878
1876
1890
1892
1891
1888
1889
1877
1884
1886
1893
1896
1887
1894
1898
1899
1895
1900
1901
1897
1911
1912
1914
1903
1904
1917
1902
1905
1907
1909
1908
1910
1929
714
1916
1918
1919
1931
1932
1933
1920
1935
1936
1921
1942
1934
1928
1930
1948
1937
1938
1940
1944
1939
1941
1943
1945
1947
1946
1961
1963
1964
1965
1952
1949
1953
1967
1960
1968
1962
1966
1974
1969
1971
1980
1042
1970
1972
1973
1986
1990
1987
1991
1975
1977
1976
1979
1978
1981
1993
2005
2324
2325
2326
2327
2330
2335
2356
2358
2352
2351
2362
2367
2357
2359
2368
2370
2371
2379
2381
2383
2384
2382
1300
2398
2399
2400
2402
2403
2411
1332
1375
2413
2415
2416
2414
2431
2430
2432
2435
2498
2500
2499
2555
2655
2632
2659
2656
2652
2658
2684
2685
2714
2715
2742
2712
2710
2713
2744
2745
2747
2753
2754
2746
3087
3092
3119
3124
3715
3747
3843
3844
3846
3847
3863
3864
3867
3868
3870
3853
3859
3862
3871
3873
3866
3874
3875
3876
3869
3879
3878
3885
3891
3894
3910
3913
3916
3915
3920
3921
3923
3924
3925
3922
3934
3947
3953
4398
4572
4604
4617
4649
4727
4730
4737
4751
4769
4783
4792
4793
4802
4796
4803
4811
4812
4834
4819
4851
5361
5403
5435
5640
5642
5646
5645
5647
5650
5651
5643
5655
5657
5658
5662
5659
5663
5664
5665
5667
5669
5672
5674
5675
5677
5678
5682
5679
5683
5687
5690
5689
5691
5694
5695
5742
5760
5763
5952
5955
5954
5962
5983
5984
5986
5987
5994
6000
6004
6007
6014
6013
6012
6015
6017
6018
6019
6020
6021
1950
6026
6023
6022
6027
6034
6035
6036
6037
6038
6039
6040
6041
1951
6042
6059
6052
6053
6055
6074
1982
1983
1984
1985
6531
6529
6532
6545
6563
6561
6564
6577
2396
2428
12
10
15
44
42
47
64
72
213
245
337
338
369
645
677
1105
1100
1109
1110
1112
1115
1122
1119
1121
1123
1124
1132
1125
1137
1141
1142
1144
1147
1151
3743
3775
2064
2065
2096
2097
2126
2112
2124
2121
2125
2138
2155
2158
2140
2141
4722
2142
2144
2156
2157
2153
2170
2172
2173
2185
2188
2191
2174
2217
2220
2223
2237
2238
2239
2241
2242
2251
2253
2243
2254
2255
2256
2257
2258
2261
2264
2266
2270
2271
2273
2274
2283
2275
2285
2286
2287
2288
2289
2290
2293
2296
2298
2303
2302
2328
2319
2320
2360
2861
2864
2866
2867
2862
2863
2883
2915
3764
3788
3820
3982
3997
3993
4004
4008
4010
4013
4014
4143
4146
4147
4169
4172
4171
4175
4177
4176
4180
4174
4179
4199
4204
4203
4201
4206
4207
4209
4212
4208
4213
4211
4556
4560
4564
4588
4592
4596
4597
67
6046
6048
6047
6051
6050
6045
2123
2178
351
2203
592
624
2235
2244
2259
2265
2267
2276
2291
2297
2299
1496
1640
3981
7374
7406
3020
3052
3721
5191
5195
5208
5209
5210
5213
5214
5956
5959
5963
5965
5969
5988
5991
5995
1608
598
630
674
768
795
796
801
800
828
827
906
938
987
1019
1028
1031
1039
1036
1035
1047
1045
1060
1063
1067
1068
1071
1077
1079
1089
1096
1111
1114
1128
1143
1146
7409
5967
5971
78
54
57
110
55
100
58
5
37
69
68
71
1997
1998
1999
2010
2009
2013
2016
2018
2022
2019
2023
2027
2011
2026
2028
2029
2030
2031
2041
2042
2045
2037
2043
2262
2263
2268
2282
2294
2300
2295
2305
2236
2306
2308
2307
2312
2310
2309
2272
2337
2340
2341
2338
2342
2339
2344
2240
2369
2372
2404
2397
2401
2429
3719
3723
3724
3751
3741
3753
3755
3756
3778
3804
3773
3787
3785
3789
3800
3817
3810
3819
3832
3821
3836
3840
3872
3983
4015
4168
4200
4621
4634
4636
4637
4638
4669
4653
4670
4635
4879
4878
4881
4880
4914
4911
4910
4912
4894
4882
4895
4913
4926
4927
5144
5145
5177
5176
5314
5310
5276
5278
5308
5327
5328
1994
1995
1996
2017
2025
5332
5330
5331
5325
5360
5359
5363
5362
5357
5342
5346
5374
2055
5584
5580
5585
5598
5595
5594
5612
5618
2087
5617
5620
5621
5623
5625
5629
5626
5628
5627
5631
5634
5630
5704
5698
5707
5727
5739
5736
5730
5764
5814
5796
5759
2250
2474
2433
2434
2443
2463
2465
2466
2475
2495
1826
2066
2067
2070
2071
2074
2075
2076
2077
2078
2079
2081
2084
2088
2089
2093
2098
2099
4025
2102
2103
2106
2108
2107
2109
2113
2110
2111
2139
2143
2145
2146
2171
2175
2205
2204
2206
2207
5336
5337
2314
2316
2317
2318
2346
2349
2350
2348
4891
4040
4072
4407
4934
4948
4950
4952
4953
4963
4966
4967
4968
4980
4969
4982
4984
4985
4994
4996
4997
4998
4990
5026
5028
5029
5030
5057
5616
5087
5089
5093
5124
5335
5875
5878
5896
5873
5913
5928
5945
1794
2210
4931
4946
4970
4971
4972
4973
4978
4981
4993
4999
5000
5001
5002
5025
5031
5032
5033
5034
5056
5061
5063
5088
5095
8448
8474
8477
8479
8480
1508
1509
1513
1514
1512
1510
1515
1519
1518
1520
1522
1524
1653
1664
1666
1621
1713
1694
1698
1696
1680
1726
1712
2436
2468
2515
2529
2547
2545
2513
2765
2769
2761
2768
2770
2790
2785
2767
2789
2777
2787
2788
2786
2800
2797
2793
2799
2802
2801
2818
2809
2825
2824
2826
2830
2831
2858
2857
2856
2850
3400
3397
3399
3401
3398
3394
3426
3402
3405
3996
3998
4003
4188
4161
4190
4173
4170
4222
4220
4193
4205
4202
4224
4225
4228
4226
4234
4235
4230
4232
4239
4233
4237
4246
4229
4231
4241
4242
4238
4256
4247
4243
4254
4250
4261
4262
4257
4255
4266
4258
4245
4265
4271
4251
4264
4281
4278
4269
4260
4267
4270
4274
4277
4273
4263
4294
4286
4275
4291
4282
4279
4283
4312
4311
4314
4315
4290
4292
4293
4299
4295
4287
4296
4304
4297
4298
4301
4302
4303
4305
4309
4307
4322
4308
4325
4343
4344
4346
4333
4347
4337
4323
4331
4327
4335
4330
4334
4326
4328
4329
4324
4336
4339
4341
4358
4340
4361
4393
4357
4352
4353
4360
4355
4356
4365
4364
4363
4354
4362
4359
4565
4366
4402
4403
4405
4406
4566
4582
4549
4595
4559
4591
4581
4598
4550
4743
4775
4864
4951
4865
4947
4897
4896
4929
4983
4979
4933
4945
4954
4955
4956
4959
4965
4957
4977
4986
4961
4991
4987
4989
4988
5005
4992
5003
5006
5009
5011
5007
4995
5012
5014
5008
5013
5017
5004
5019
5022
5024
5010
5015
5023
5038
5021
5059
5016
5036
5020
5035
5041
5037
5027
5018
5039
5044
5040
5043
5050
5047
5045
5048
5051
5046
5054
5053
5042
5091
5055
5052
5090
5049
5062
5066
5064
5065
5060
5069
5067
5071
5073
5068
5072
5078
5079
5077
5070
5082
5075
5083
5085
5080
5086
5081
5094
5096
5092
5097
5099
5098
5100
5101
5102
5103
5104
5105
5109
5112
5117
5110
5119
5113
5122
5121
5123
5111
5120
5118
5107
5126
5115
5114
5136
5137
5125
5132
5152
5143
5157
5192
5169
5168
5230
5233
5158
1623
1655
5175
5164
5193
5197
5199
5222
5203
5200
5226
5223
5225
5227
5229
5224
5232
5235
5239
5238
5231
5241
5247
5246
5242
5240
5245
5250
5254
5253
5587
5619
5632
5970
5974
5973
5997
5998
6002
6001
5966
5999
6005
5978
6006
6010
6016
6025
6030
6031
6029
6032
6033
2775
2807
2829
6224
6256
6431
6412
6414
6428
6421
6419
6422
6413
6420
6416
6427
6429
6423
6439
6438
6446
6444
6445
6443
6544
6576
6621
6653
6859
6865
4221
4249
685
656
688
653
658
660
692
655
687
5058
686
654
5084
690
5116
5699
5731
6028
8199
8200
8201
8202
8203
8204
8205
8206
8207
8208
8211
8433
8434
8438
8439
8432
8449
8422
8192
8240
8243
8471
8385
8195
8481
8435
8196
8209
8218
8212
8227
8213
8210
8245
8219
8214
8242
8221
8250
8251
8322
8224
8228
8406
8407
8244
8253
8401
8402
8193
8225
8246
8241
8354
8226
8255
8390
8400
8223
8194
8403
1517
6991
7003
7004
6995
7023
7033
7007
7021
7027
7036
7042
7043
7044
7045
7039
6947
6897
6915
7172
7035
7175
7204
7207
7006
7235
7267
7005
7041
7032
7037
7038
7171
7046
7501
7040
7197
7217
7185
7278
7186
7203
7193
7189
7277
7184
7225
7362
7229
7314
7502
7481
7500
7393
7509
7508
7394
7498
7369
7492
7346
7494
7499
7361
7519
7505
7504
7584
7510
7511
7489
7507
7532
7503
7449
7514
7537
7513
7517
7534
7540
7526
7516
7533
7530
7524
7684
7536
7716
7515
7700
7732
7518
7531
7541
7539
7555
7542
7521
7547
7744
7543
7776
7535
7587
7546
7545
7615
7583
7550
7548
7699
7551
7549
7682
7938
7702
7734
7731
7900
7714
7872
7873
7932
7905
7902
7937
7890
7901
7903
7947
7904
7934
7953
7943
7941
7933
7946
7936
7948
7949
8417
8431
7922
7939
7950
7935
7973
8002
7945
8008
7942
7968
8011
8010
7940
8197
8198
8012
8013
8014
7963
8015
8016
8017
8020
7961
8019
7962
7971
7956
7951
7964
7957
7966
8024
7954
8034
7958
7955
8042
8043
8040
7975
7965
8045
8048
8046
8051
8047
8044
8049
7967
7980
7969
8052
8056
7972
7983
7982
7974
7985
8071
8069
8065
8067
7987
8000
8083
7978
7979
8073
8074
7977
7981
7996
7986
8392
8393
8394
8396
8397
8399
8077
7999
8088
8096
8079
8082
8097
8086
7997
8101
7994
7988
8005
8099
7990
7989
8103
7998
8006
7995
8105
8106
8109
8111
8114
8021
7993
8115
8118
8120
8144
8176
8003
8023
8038
8032
8022
8025
8026
8055
8068
8035
8037
8054
8058
8057
8053
8066
8076
8100
8098
8108
6940
6972
6989
7552
7970
8064
8075
8078
8092
8107
8110
1159
1253
1221
1379
311
279
2955
2958
2961
2959
2966
2965
2962
2987
2960
2992
3707
3062
3063
3708
3711
3064
3704
3706
3709
3697
3705
3703
3710
3959
3962
3963
3973
3969
3968
3977
3974
3970
4116
4110
4117
4120
4114
4115
4111
4124
4121
4376
4379
4382
6146
6043
7538
7506
7243
4677
4674
4680
4678
4709
4706
4710
4712
4760
4764
4761
6178
372
730
762
724
