4290
4268
4269
4270
4271
4272
4278
4279
4280
4281
4282
4283
4284
4285
2231
2232
2233
2234
2236
2237
2239
2240
2241
2242
2244
2245
2247
2249
2250
2251
2252
2253
2254
2255
2256
2265
2266
2267
2268
2269
2270
2271
2272
2273
2274
2275
2276
2277
2278
2279
2280
2281
2282
2283
2284
2285
2286
2287
2288
2289
2290
2291
2292
2293
2294
4417
4418
4419
4420
4421
4422
4423
4424
1866
1867
1868
1869
1870
1871
1872
10
12
14
15
103
2235
2238
2243
2246
2248
2271
2275
2276
2278
2280
2281
10
13
14
15
103
2246
1346
1357
1359
1360
1363
1366
1
2
7
13
0
8
9
105
144
145
146
147
148
149
150
151
152
153
154
155
156
157
158
159
160
161
163
167
168
171
173
174
176
177
181
183
179
180
178
182
184
185
186
187
188
189
191
190
195
196
199
200
203
204
205
212
213
207
227
228
231
232
235
236
237
239
244
245
2246
2249
2271
2278
2281
259
260
285
286
287
291
292
317
318
319
320
322
324
325
2235
2238
2243
2246
2248
332
333
334
337
338
342
343
346
347
352
354
356
357
364
365
366
369
370
374
375
385
386
387
388
390
391
395
397
398
401
402
405
406
417
418
419
420
422
423
424
455
456
457
459
460
462
463
464
465
466
468
469
470
471
472
494
495
496
497
498
500
501
502
525
526
546
548
549
550
551
553
554
557
558
663
664
667
668
670
676
677
680
681
695
696
699
700
701
719
720
702
721
723
722
724
725
726
727
728
730
731
732
733
734
736
729
740
741
742
743
744
745
746
747
748
750
751
752
755
756
757
758
759
760
762
763
764
765
766
753
754
761
768
774
776
777
781
782
783
784
785
786
787
788
789
790
791
792
795
796
797
798
800
806
793
808
809
813
814
815
816
817
818
819
820
821
822
824
846
847
848
849
850
851
852
853
854
855
856
825
857
858
860
861
862
863
866
867
869
870
871
875
876
878
879
880
882
883
884
885
886
887
888
889
890
892
893
894
895
896
897
899
900
901
902
905
906
907
908
911
912
916
917
920
921
928
929
931
932
933
934
937
938
939
940
943
944
968
969
970
971
972
973
977
979
980
981
982
985
986
987
988
989
990
993
991
994
995
998
999
1000
1001
1002
1003
1004
1005
1009
1011
1012
1013
1014
1017
1018
1019
1020
1021
1022
1024
1025
1027
1026
1023
1028
1030
1032
1037
1036
1042
1043
1044
1045
1046
1052
1055
1056
1039
1057
1058
1059
1060
1062
1064
1069
1076
1078
1074
1075
1077
1040
1084
1087
1071
1048
1091
1080
1049
1096
1097
1072
1068
1100
1081
1123
1164
1165
1166
1167
1168
1169
1170
1171
1173
1172
1174
1175
1176
1177
1178
1179
1180
1181
1182
1183
1184
1185
1186
1187
1188
1189
1190
1191
1192
1193
1194
1195
1196
1197
1198
1199
1200
1201
1202
1203
1205
1206
1207
1204
1208
1209
1210
1211
1212
1213
1214
1215
1216
1218
1217
1219
1221
1222
1223
1225
1226
1227
1228
1230
1234
1235
1273
1274
1275
1276
1285
1286
1283
1295
1313
1314
1315
1317
1347
1348
1349
1350
1351
1352
1355
1356
1361
1364
1365
1367
1368
1369
1372
1775
1778
1782
1784
1880
1879
1881
1882
1883
1886
1887
1888
1889
1891
1892
1897
881
1899
1903
1906
1907
1911
1912
1913
1914
1915
1918
1919
1939
1940
1943
1944
1945
1946
1947
1948
1949
1950
1951
1952
1953
1954
1957
1960
1963
1969
1971
1972
1975
1976
1977
1978
1980
1979
1982
1981
1983
1984
1986
1987
1988
1989
1990
1993
1994
1995
2114
2115
1029
1031
1035
2146
2147
1051
1053
1054
1061
1063
1067
2199
2200
2201
2202
1083
1085
1086
2213
2216
1094
2224
2227
2230
2257
2258
2259
2260
2263
2264
2295
2296
2297
2298
2299
2300
2301
2302
2303
2304
2305
2306
2307
2382
2383
3395
3396
3410
3411
3412
3413
3414
3415
3416
3417
3418
3419
3420
3421
3427
3428
3442
3443
3444
3445
3446
3447
3448
3449
3450
3451
3452
3453
3462
3463
3465
3466
3469
3511
3512
3517
3529
3532
3533
3534
3535
3538
3542
3545
3546
3547
3550
3551
3561
3564
3565
3566
3567
3574
3577
3578
3579
3582
3583
3587
3590
3591
3592
3595
3596
3603
3619
3622
3623
3624
3627
3628
3635
3652
3655
3658
3660
3661
3663
3664
3666
3684
3687
3690
3692
3693
3695
3696
3698
3716
3797
3798
3800
3801
3802
3803
3806
3807
3825
3826
3827
3828
3829
3830
3832
3833
3834
3835
3838
3839
3840
3841
3842
3843
3844
3845
3846
3847
3848
3849
3850
3851
3852
3853
3854
3855
3856
3858
3859
3860
3862
3863
3864
3865
3866
3867
3869
3870
3871
3872
3873
3874
3875
3876
3877
3878
3879
3880
3881
3882
3883
3884
3885
3886
3887
3888
3890
3891
3892
3894
3895
3896
3897
3898
3899
3901
3902
3903
3907
3918
3921
3927
3929
3931
3965
3966
3969
3970
3971
3398
3399
3400
3401
3972
3975
3981
3986
3430
3431
3432
3433
3434
4001
4002
4003
4004
4007
4013
4018
3516
4033
4034
4035
4037
4039
4042
4043
4044
4045
4046
4047
4048
4050
4051
4052
4053
4054
4055
4056
4057
4058
4059
4060
4061
4062
4063
4065
4066
4067
4069
4071
4074
4075
4076
4077
4079
4080
4078
4082
4083
4084
4085
4086
4087
4088
4089
4090
4093
4091
4092
4094
4095
4096
4097
4098
4099
4100
4103
4164
4166
4167
4170
4172
4173
4174
4175
4177
4181
4182
4185
4186
4187
4188
4190
4196
4198
4199
4202
4204
4205
4206
4207
4209
4213
4214
4217
4218
4219
4220
4222
4224
4225
4228
4232
4233
4234
4235
4236
4237
4255
4265
4266
4267
3
106
107
110
111
4036
4038
4040
4041
4068
4070
4072
4073
778
779
780
810
811
812
926
927
1236
1237
1238
1245
1246
1248
1249
1250
1251
1253
1254
1255
1257
1258
1259
1260
1262
1267
1270
1271
1272
1769
1772
1774
2008
2010
2011
2176
2179
2203
2204
2205
2206
2208
2211
2212
2214
2217
2218
2219
2220
2221
2223
3470
3471
3479
3480
3483
3484
3485
3487
3515
3519
3910
3911
3912
3913
3914
3916
3922
3924
3925
3933
3934
3939
3942
3943
3944
3945
3946
3948
3953
3954
3956
3957
3959
3961
3963
4081
4101
4102
4104
4105
4106
4107
4108
4132
4133
4134
4135
4136
4137
4138
4139
4140
4154
4156
4157
1239
4158
4160
4161
4162
4163
4165
4168
4169
4171
4176
4178
4179
4180
4183
4184
4189
4191
4192
4193
4194
4195
4197
4200
4201
4203
4208
4210
4211
4212
4215
4216
4221
4223
4231
4238
4239
4240
4246
4247
4248
4249
4250
4251
4291
4292
4293
4294
4295
4296
4297
4298
4299
4300
4301
4302
4303
4310
4313
4315
4316
4318
4319
4320
4321
4323
4324
4325
4326
4327
4328
4329
4330
4331
4332
4333
4334
4335
4342
4345
4347
4348
4350
4351
4356
4357
4359
4360
4361
4381
4382
4383
4388
4389
4391
4392
4393
4398
4399
4400
4401
4404
4406
4407
4408
4409
4410
4413
4414
4415
4416
4
5
6
11
16
19
22
25
26
27
28
29
30
31
32
34
35
36
37
38
39
40
41
42
43
44
45
46
47
48
58
59
60
61
62
63
64
67
68
70
71
73
74
75
76
77
78
79
80
81
82
83
85
89
91
92
100
102
94
95
108
109
112
113
114
115
117
121
123
124
128
129
130
131
132
127
133
134
135
136
137
138
139
140
141
142
143
162
164
165
166
169
170
172
211
243
261
263
281
282
293
295
327
345
348
349
359
4049
389
421
644
645
648
649
735
737
738
767
794
799
823
826
827
828
829
830
831
833
834
835
836
837
839
840
841
842
843
844
845
865
868
872
873
874
877
974
975
976
983
984
992
996
997
1007
1008
1015
1016
1033
1034
1065
1066
1874
1877
1878
1900
1901
69
101
2177
2178
2209
2210
2215
3481
3513
3861
3893
3904
3905
3908
3936
3937
3940
3950
838
4109
4241
4242
4243
4244
4245
4273
4274
4275
4276
4277
1006
1041
4314
1073
4346
4354
4358
4364
4386
4396
4402
4411
206
209
453
454
461
476
477
478
479
480
481
482
483
484
485
486
487
488
489
491
492
493
527
532
533
530
531
552
562
564
563
565
654
685
686
708
709
710
711
712
713
714
715
716
718
769
770
771
772
775
807
1093
1092
1115
1124
1125
1128
1129
1132
1147
1152
1153
1154
1155
1156
1157
1158
1159
1160
1161
1162
1163
1244
1583
1585
1589
1592
1595
1608
1616
1664
1668
1670
1671
1679
1691
1694
1702
1703
1696
1700
1711
1719
1723
1726
1733
1735
1736
1737
1739
1740
1741
1743
1746
1749
1750
1752
1754
1765
1767
1768
1771
1773
1781
3475
3476
3477
3498
3501
3502
3503
3507
3508
3509
3588
3598
3620
3630
3585
704
3675
3677
3678
3617
3586
1126
3618
3707
3709
3710
3926
3930
3958
3962
3968
1742
4000
3997
3983
3987
3990
3994
3998
3993
3996
3995
3584
3599
3602
3604
3605
3606
3607
3609
3610
3611
3613
3614
3615
3616
3631
3634
3636
3637
3638
3639
4015
3641
3642
3643
3645
3646
3647
4019
4025
4022
4027
4032
4026
4064
4254
4029
4030
4028
4008
3977
4009
3906
3909
3915
3917
3923
3932
3935
3938
3941
3947
3949
3955
3960
3964
3967
3973
3976
3978
3979
3980
3982
3985
4005
4010
4011
4012
4014
4017
1095
1098
1099
1101
1102
1103
1104
1105
1106
1108
1109
1111
1114
1127
1133
1134
1135
1136
1137
1138
1140
1141
1143
1146
1231
1290
4252
4253
3393
3394
3397
3425
3426
3429
3440
3441
3467
3499
3717
3719
3721
3722
3723
321
353
4380
4390
4403
4412
978
1010
1354
1373
1374
1375
1376
1378
1379
1380
1381
1382
1383
1384
1386
1387
1388
1389
1391
1392
1395
1396
1397
1398
1399
1400
1401
1402
1404
1405
1406
1407
1408
1419
1420
1427
1428
1429
1430
1431
1432
1433
1434
1437
1438
1440
1451
3402
1452
1459
1461
1460
1462
1463
1464
3482
3514
1465
1466
1469
1470
1472
1473
1474
1476
1477
1479
1481
1484
1485
1487
1488
1497
1498
1500
1524
1525
1528
1529
1530
1532
1535
1537
1538
1539
1541
1542
1543
1546
1547
1582
1590
1594
1584
1588
1596
1597
1598
1599
1600
1607
1615
1629
1630
1661
1662
1665
1666
1667
1669
1672
1673
1678
1676
1677
1681
1682
1685
1686
1690
1693
1695
1697
1699
1701
1710
1698
1704
1705
1708
1709
1713
1714
1717
1727
1718
1722
1725
1731
1763
1370
1409
1410
1411
1412
1441
1442
1443
1444
1680
1683
1684
1712
1715
1716
1728
1730
1732
1734
1738
1760
1762
1764
1766
1770
2315
3653
3654
3656
3657
3659
3685
3686
3688
3689
3691
3724
3725
3727
3728
3730
3748
3755
3756
3757
3759
3760
3762
3793
3794
3795
3796
1370
1409
1410
1411
1412
1441
1442
1443
1444
1745
1748
1751
1753
1777
1780
1783
1287
1288
1296
1311
1318
1319
1320
1321
1327
1328
1343
1344
1345
3456
3457
3458
3459
3461
3488
3489
3490
3491
3493
3494
3495
3497
4286
4287
4289
104
264
265
268
269
296
297
300
301
377
378
379
381
382
383
384
416
467
499
739
898
923
930
1289
3518
3520
3521
3522
3523
3524
3525
3528
3530
3531
3537
3539
3541
3543
3552
3553
3544
3554
3555
3556
3557
3560
3562
3563
3569
3571
3572
3573
3575
3589
3576
3621
3669
3670
3671
3672
3674
3676
3679
3701
3702
3703
3704
3706
3708
3711
3712
3713
3715
3799
3808
3809
3810
3813
3814
3831
326
328
329
358
360
361
363
503
504
514
516
517
518
519
521
522
1421
1422
1423
1424
1425
1426
1436
1439
1453
1454
1455
1456
1457
1458
1468
1471
1545
1548
1549
1550
1551
1552
1553
1554
1555
1557
1558
1559
1560
1561
1563
1564
1566
1570
1574
3540
1577
1580
1581
1586
1587
1591
1593
1632
1639
1640
1647
1648
1674
1688
1706
1720
331
1242
1243
913
51
72
192
198
208
210
214
217
220
222
224
230
233
238
240
242
249
246
252
254
270
271
272
273
279
280
330
340
341
362
372
373
653
1247
1875
2308
2309
2310
2312
2313
17
18
20
21
24
49
50
52
53
56
65
66
241
3919
3951
3526
3558
3668
3700
1220
1224
1229
1233
1252
1256
1261
1263
1265
3378
3379
3380
3381
3382
3383
3384
3385
3386
3387
3388
3391
3392
3422
3424
3454
3474
3478
3473
3600
3601
3632
3633
3781
3783
3785
3786
3788
3787
3789
3804
3805
3815
3817
3818
3820
3819
3821
3836
3837
3974
3984
4006
4016
1475
1486
1501
1502
1533
1534
1536
1540
3376
3377
1675
3472
1707
33
3777
3778
409
410
411
412
415
801
802
803
924
925
1232
1277
1278
1280
1282
1291
1312
1322
1323
1371
1377
1755
3486
84
86
87
88
90
93
1938
1941
1942
1955
1958
1959
1966
1968
1970
1973
1974
1996
1997
1998
1999
2000
2001
2002
2003
2004
2005
2006
2009
2012
2013
2014
2015
2016
2017
2018
2019
2020
2021
2022
2023
2024
2025
2026
2027
2028
2080
2081
2083
2086
2088
2089
2090
2091
2092
2095
2097
2100
2104
2106
2107
2108
2109
2110
2113
2389
2394
2419
2421
2426
2453
2454
2456
2457
2458
2459
2460
2471
2473
2474
2475
2476
2477
2478
2479
2480
2481
2482
2483
2484
2485
2486
2488
2489
2490
2491
2492
2503
2505
2506
2509
2510
2512
2516
2517
2513
2634
2635
2636
2641
2645
2648
2658
2659
2660
2663
2666
2667
2668
2673
2677
2680
2688
2690
2691
2694
2695
2696
2698
2699
2700
2701
2702
2703
2704
2705
2706
2708
2709
2710
2711
2712
2713
2716
2714
2715
2717
2719
2720
2722
2723
2726
2727
2728
2730
2732
2733
2734
2735
2736
2737
2738
2740
2741
2742
2743
2744
2745
2746
2748
2749
2747
2750
2751
2752
2753
2755
2757
2758
2759
2764
2765
2766
2767
2768
2771
2772
2773
2774
2777
2778
2779
2780
2781
2788
2784
2785
2787
2789
2790
2791
2796
2797
2798
2799
2800
2803
2804
2805
2806
2809
2810
2811
2812
2813
2815
2816
2817
2818
2819
2820
2821
2822
2823
2824
2825
2826
2827
2828
2830
2832
2833
2834
2835
2836
2837
2838
2839
2841
2842
2843
2844
2846
2847
2848
2849
2850
2851
2852
2853
2854
2855
2856
2857
2858
2859
2860
2862
2864
2865
2866
2867
2868
2869
2870
2871
2873
2874
2875
2876
2878
2879
2895
2896
2897
2898
2904
2901
2902
2903
2905
2906
2907
2910
2927
2928
2929
2930
2933
2934
2935
2936
2937
2938
2939
2945
2942
2946
2947
2948
2951
2952
2953
2954
2955
2956
2957
2958
2962
2963
2967
2968
2971
2972
2973
2974
2975
2977
2978
2979
2980
2983
2984
2985
2986
2987
2988
2989
2990
2994
2995
2999
3000
3003
3004
3005
3006
3007
3008
3009
3010
3011
3012
3013
3019
3021
3022
3023
3024
3025
3026
3027
3028
3029
3030
3031
3032
3033
3035
3036
3037
3038
3039
3040
3041
3042
3043
3044
3045
3051
3053
3054
3055
3056
3057
3058
3059
3060
3061
3062
3063
3064
3065
3067
3068
3069
3070
3071
3072
3073
3076
3078
3084
3085
3086
3087
3090
3091
3096
3104
3105
3108
3110
3116
3117
3118
3119
3122
3123
3128
3172
3173
3175
3176
3181
23
3187
3188
3189
3190
3191
3193
3197
3198
3200
3201
3202
3203
3212
3216
3217
3218
3219
3221
3223
3224
3225
3226
3228
3231
3232
3233
3234
3235
3244
3248
3249
3250
3251
3253
3255
3256
3257
3258
3260
3263
3269
3270
3273
3277
3279
3280
3281
3282
3283
3284
3285
3286
3287
2387
3288
3289
3293
3294
3301
3302
3305
3309
3311
3312
3313
3314
3315
3316
3317
3318
3319
3320
3321
3325
3326
3328
2461
2462
2463
2472
3334
3337
2493
2494
2495
2496
2504
3358
3359
3360
3366
3369
2647
4226
4229
4230
4256
4257
4258
4261
4262
4264
2679
2756
2117
3074
3075
3077
3101
3106
3107
3109
3133
1992
3492
98
1985
1991
2082
2085
2096
2384
2385
2392
2393
2398
2400
2401
2406
2407
2416
2417
2424
2425
2632
2633
2665
2707
2739
2754
2761
2762
2786
2793
2794
2845
2877
2880
2881
2883
2885
2886
2887
2889
2890
2891
2892
2894
2911
2912
2913
2915
2917
2918
2919
2921
2922
2923
2924
2926
2943
2982
2991
2992
3014
3018
3020
3034
3046
3050
3052
3066
3081
3082
3083
3088
3094
3095
3097
3098
3099
3100
3102
3103
3113
3114
3115
3120
3126
3127
3129
3130
3131
3132
3134
3135
3174
3177
3178
3179
3180
3182
3183
3185
3196
3199
3204
3205
3206
3207
3208
3209
3210
3211
3213
3214
3215
3220
3222
3236
3237
3238
3239
3240
3241
3242
3243
3245
3246
3247
3252
3254
3264
3265
3266
3267
3268
3271
3272
3274
3275
3276
3278
3290
3291
3292
3295
3296
3297
3298
3299
3300
3303
3304
3306
3307
3308
3310
3322
3323
3324
3327
3390
99
4227
4259
4260
4263
2664
2950
2959
2960
1281
116
118
122
125
1353
1358
1362
1385
1390
1393
1394
1403
1744
1747
1759
1776
1779
1785
1787
1791
1793
1794
1795
1796
1803
1805
1807
1809
1810
1811
1812
1813
1814
1815
1816
1817
1818
1820
1821
1822
1823
1824
1825
1826
1827
1828
1835
1836
1837
1838
1839
1841
1842
1843
1844
1845
1846
1847
1848
1849
1850
1852
1853
1854
1855
1856
1857
1859
1860
1861
1862
1863
1893
1894
1895
350
351
1757
1786
1789
1792
1804
1806
1808
1840
3720
3726
3729
3733
3734
3735
3736
3739
3742
3743
3744
3745
3749
3752
3758
3761
3765
3766
3767
3768
3771
3774
3775
3792
3823
3824
1240
1241
3732
3740
3741
3764
3772
3773
3776
3780
3784
3791
3812
3816
303
312
313
314
705
706
302
304
305
311
707
859
891
1284
1294
1316
2321
2330
2335
2336
2337
2338
2339
2340
2341
2352
2353
2379
2380
4288
2311
2319
2320
2323
2324
2327
2328
2329
2333
2343
2344
2347
2350
2351
2355
2356
2359
2360
2361
2362
2365
2367
2370
2377
2378
2320
408
2318
193
194
202
215
216
218
219
221
225
226
234
247
248
250
251
253
1482
1491
1492
1493
1494
1495
1496
1499
1503
1504
1505
1506
1507
1508
1509
1510
1511
1514
1516
1517
1519
1520
1521
1523
1526
1527
1531
1884
1885
1916
1917
57
3460
3464
3468
3496
1435
1467
1478
1489
1490
1522
3988
3989
3991
3992
3999
4020
4021
4023
4024
4031
1556
1544
1568
1569
1571
1572
1576
1578
1579
1575
1573
1562
1565
1567
1050
1082
1279
2316
2317
2322
2325
2326
2342
2345
2348
2349
2354
2357
2358
3570
2508
2662
2681
2731
2783
2829
2840
2861
2872
2882
2884
2888
2914
2916
2920
2944
2949
2961
2964
2965
2966
2969
2970
2976
2981
2993
2996
2997
2998
3001
3002
3016
3048
3079
3080
3089
3092
3093
3111
3112
3121
3124
3125
3184
3186
3192
3195
3227
3229
3230
3259
3261
3262
3329
3330
3331
3335
3332
3333
3336
3338
3339
3340
3341
3342
3344
3343
3345
3346
3347
3348
3349
3350
3351
3352
3353
3354
3355
3356
3357
3361
3362
3363
3364
3365
3367
3368
3370
3371
3372
3373
3374
3375
3389
4362
4366
4367
4368
4370
4371
4372
4374
4375
4376
4377
4379
2414
2415
2507
2649
2661
1266
1264
2314
3403
3404
3405
3406
3407
3408
3409
3423
3435
3436
3437
3438
3439
3455
3510
3504
3500
197
229
54
96
119
120
256
257
258
262
274
266
267
275
276
278
283
284
288
289
290
294
298
299
306
307
308
310
315
316
394
404
414
403
426
427
430
429
433
434
435
436
437
438
439
440
442
446
443
448
449
450
451
452
657
655
660
661
662
659
656
658
665
671
687
688
689
690
691
692
693
694
697
703
717
749
1047
1079
2007
2029
2030
2031
2032
2033
2034
2035
2036
2037
2038
2039
2040
2043
2041
2045
2044
2042
2046
2047
2049
2048
2050
2051
2053
2054
2056
2059
2058
2057
2063
2060
2064
2065
2069
2066
2067
2070
2068
2072
2073
2077
2078
2076
2075
2101
2099
2098
2102
2105
2118
2119
2120
2121
2122
2129
2125
2127
2128
2123
2126
2124
2131
2136
2142
2145
2149
2150
2151
2152
2154
2153
2156
2155
2157
2158
2159
2160
2161
2163
2168
2174
2180
2182
2185
2186
2189
2191
2192
2194
2195
2226
2386
2391
2390
2399
2397
2403
2405
2409
2408
2410
2411
2412
2413
2418
2422
2423
2428
2429
2430
2431
2433
2432
2434
2435
2438
2439
2436
2437
2441
2442
2443
2444
2445
2446
2447
2448
2449
2450
2451
2452
2455
2466
2465
2467
2487
2497
2464
2468
2470
2469
2511
2514
2518
2519
2520
2521
2515
2522
2523
2524
2525
2526
2527
2529
2535
2537
2538
2539
2540
2541
2542
2543
2544
2545
2546
2548
2549
2550
2551
2552
2547
2553
2554
2555
2556
2557
2558
2559
2566
2567
2570
2571
2569
2574
2575
2577
2572
2573
2578
2581
2582
2583
2584
2580
2579
2576
2585
2590
2598
2599
2601
2602
2603
2606
2607
2609
2610
2613
2614
2611
2608
2604
2612
2605
2615
2616
2617
2622
2625
2626
2627
2628
2631
2629
2630
2650
2653
2657
2682
2685
2697
2729
2760
2763
2769
2770
2775
2776
2792
2795
2801
2802
2807
2808
2831
2863
2899
2931
3137
3140
3136
3141
3142
3145
3146
3138
3139
3149
3150
3153
3154
3155
3156
3144
3143
3147
55
3148
3152
3157
3158
3159
3160
3161
3164
3165
3166
3167
3163
3168
3169
3170
3171
4110
4111
4112
4114
4113
4115
4116
4117
4118
4119
4120
4121
4122
4123
4124
4126
4128
4129
4130
4131
4141
4142
4143
4144
4145
4146
4147
4148
4149
4150
4151
4152
4153
4155
97
4369
4378
4394
2074
2181
2184
2198
2388
2395
2396
2420
2427
2440
2528
2536
2560
2561
2592
2593
3017
3049
3151
4125
804
396
400
425
428
431
432
441
473
474
475
505
506
508
509
507
512
511
510
513
515
520
524
523
534
529
535
537
536
538
540
539
541
542
543
544
547
545
555
556
559
561
566
567
568
569
570
571
575
572
574
573
1268
1269
1689
1721
3505
3506
773
805
1513
3751
3753
4405
3782
577
579
582
576
578
580
581
583
584
585
586
587
588
589
590
591
596
592
594
595
600
601
602
603
604
606
605
607
608
609
611
610
612
614
613
615
616
619
617
618
620
621
622
623
624
626
627
628
630
631
632
633
634
635
637
636
639
638
640
641
642
643
646
647
650
651
652
666
669
673
672
675
678
679
674
683
682
684
698
1603
1605
1602
1610
1606
1604
1611
1612
1609
1614
1613
1617
1618
1620
1619
1621
1622
1623
1624
1625
1626
1627
1628
1631
1634
1635
1636
1637
1638
1642
1641
1643
1645
1644
1654
1646
1649
1650
1651
1652
1653
1655
1656
1659
1657
1658
1660
1663
3662
3694
3857
3889
4352
4353
4355
4384
4385
4387
323
1112
1113
1122
3608
1601
1633
1687
335
344
367
371
376
2346
413
445
444
1819
1851
1301
1297
1304
1299
1300
1307
1298
1308
1310
1309
1305
1303
1331
1329
1330
1336
1335
1332
1333
1340
1339
1341
1342
1337
1905
3648
3920
918
950
956
955
966
954
963
967
962
961
1518
1483
1480
1512
1515
3594
3597
3593
3626
3629
3625
458
3549
3581
2644
2639
2671
2676
2683
2637
2652
2642
2643
2651
2656
2669
2674
2675
2684
2381
1070
1038
201
201
1131
1130
3763
3731
