0
1
2
3
4
5
6
7
8
9
10
11
12
13
14
15
16
17
18
19
22
23
24
26
27
30
31
32
33
34
35
36
37
38
39
40
41
42
43
44
45
46
47
48
49
50
51
54
55
56
58
59
63
62
64
65
66
67
68
69
70
71
72
73
74
75
76
77
78
79
80
81
82
83
84
85
86
87
88
89
90
91
92
93
94
96
97
98
99
100
101
102
103
104
105
106
107
108
109
110
112
111
113
115
114
116
117
118
119
120
121
122
123
124
125
126
128
129
130
131
132
133
136
137
138
139
140
141
142
143
144
145
146
147
148
149
150
152
153
155
156
157
160
161
162
163
164
209
210
211
212
213
214
215
216
217
218
219
220
221
222
223
224
225
227
228
229
231
232
233
234
235
236
237
238
239
240
241
242
243
244
245
246
247
248
249
250
251
252
253
254
255
256
257
258
260
261
259
262
263
264
265
266
267
268
269
270
272
273
274
276
279
282
283
284
285
286
287
288
289
290
291
292
293
294
295
296
297
298
299
300
301
302
304
305
306
308
311
374
375
376
377
380
381
382
385
392
395
397
399
400
401
404
405
414
413
412
417
424
427
429
431
432
433
436
437
444
445
446
448
450
449
453
455
454
456
457
460
461
462
463
466
467
471
472
475
476
480
481
482
484
485
507
508
512
513
517
514
516
519
521
522
523
524
20
21
25
28
29
52
53
57
60
61
525
526
533
534
535
536
537
539
540
541
542
543
544
545
546
548
549
551
553
554
555
556
557
558
565
566
567
568
569
571
572
573
574
575
576
577
578
579
580
581
583
584
585
586
587
588
589
590
597
598
603
606
608
609
629
630
635
871
873
877
880
881
872
884
886
890
897
899
900
876
885
883
889
915
916
917
918
919
921
922
923
901
902
906
905
904
903
909
925
926
929
910
914
931
932
271
947
948
275
277
278
280
281
303
307
309
310
312
313
372
949
950
951
953
933
934
937
936
954
955
957
958
938
961
941
935
942
946
968
969
970
971
986
987
988
989
993
1000
1001
1002
1003
980
1018
1019
1020
1021
1024
1025
1026
1027
1030
1031
1032
1033
1034
1035
1036
1037
1038
1039
1040
1012
1062
1063
1064
1065
1066
1067
1068
1069
1070
1071
1072
1074
1075
1076
1078
1079
1080
1081
1083
1087
1088
1089
1090
1092
1093
1094
1095
1096
1097
1099
1100
1103
1104
1106
1107
1108
1109
1110
1111
1112
1113
1115
1116
1117
1118
1119
1120
1086
1121
1122
1124
1125
1126
1127
1128
1129
1131
1132
1135
1136
1138
1139
1140
1141
1142
1143
1144
1145
1147
1148
1149
1150
1151
1153
1154
1155
1156
1158
1159
538
1160
1161
1162
1163
1164
1165
1166
1168
1169
1170
1172
1173
1174
1175
1177
1178
1179
1180
1182
1183
1185
1186
1187
1188
1190
1191
1192
570
1193
1194
1195
1196
1197
1198
1200
1201
1202
1204
1205
1206
1207
1209
1210
1211
1212
1214
1216
1217
1219
1221
1222
1215
1218
1223
1224
1225
1226
1227
1228
1229
1230
1231
1234
1235
1236
1238
1239
1240
1241
1243
1246
1247
1248
1249
1251
1253
1254
1255
1256
1257
1250
1258
1259
1260
1261
1262
1263
1266
1267
1268
1270
1271
1272
1273
1275
1276
1278
1279
1297
1298
1299
1300
1301
1304
1305
1306
1307
1310
1329
1330
1331
1332
1333
1336
1337
1338
1339
1342
1345
1346
1347
1348
1351
1352
1353
1354
1357
1363
1364
1365
1366
1369
1384
1385
1386
1389
1395
1396
1397
1398
1401
1402
1403
1404
1407
1408
1410
1411
1413
1414
1418
1421
1422
1423
1424
1427
1428
1429
1430
1432
1440
1442
1443
1445
1446
1450
1464
1473
1475
1476
1483
1484
1486
1487
1488
1489
1490
1492
1493
1494
1495
1496
1497
1498
1500
1501
1502
1503
1505
1507
1508
1509
1510
1513
1515
1516
1518
1519
1520
1521
1522
1524
1525
1526
1527
1528
1529
1530
1532
1533
1534
1535
1538
1539
1540
1542
1543
1544
1555
1556
1557
1558
1559
1220
1560
1561
1563
1565
1566
1570
1244
1571
1572
1574
1575
1590
1591
1592
1609
1610
1611
1612
1613
1614
1615
1616
1617
1618
1619
1620
1281
1283
1621
1622
1623
1624
1625
1626
1286
1287
1289
1627
1628
1629
1630
1632
1633
1634
1635
1636
1637
1638
1292
1295
1639
1640
1641
1642
1643
1644
1645
1646
1647
1648
1649
1650
1313
1315
1318
1319
1321
1324
1327
1651
1652
1653
1654
1655
1656
1657
1658
1659
1660
1661
1662
1668
1669
1670
1684
1685
1686
1687
1690
1691
1693
1694
1700
1701
1702
1710
1711
1716
1717
1718
1719
1722
1723
1725
1726
1728
1729
1730
1733
1734
1735
1736
1737
1738
1739
1742
1743
1745
1746
1747
1748
1749
1750
1751
1752
1753
1754
1755
1756
1759
1760
1761
1762
1765
1766
1767
1791
1794
1797
1798
1799
1800
1801
1802
1803
1804
1807
1808
1809
1810
1811
1812
1813
1815
1816
1826
1845
1847
1848
1849
1852
1858
1859
1860
1861
1862
1863
1864
1865
1866
1867
1870
1871
1872
1874
1876
1877
1878
1879
1881
1884
1885
1886
1887
1890
1891
1882
1892
1893
1894
1895
1896
1897
1908
1909
1910
1911
1913
1916
1917
1918
1919
1914
1922
1923
1926
1929
1936
1937
1938
1939
1942
1943
1944
1426
1360
1368
1370
1371
1374
1375
1392
1400
1406
393
394
425
426
459
465
468
469
470
473
474
1416
1417
483
487
488
489
491
494
495
496
497
498
499
500
501
502
503
504
505
506
95
127
515
547
591
599
602
631
634
913
945
1232
1264
1412
1415
1433
1436
1439
1444
1447
1448
1449
1465
1468
1471
1472
1455
1458
464
1453
1454
1456
1459
1460
1461
1462
1674
1676
1677
1706
1708
1709
1792
1795
1796
1824
1827
1828
389
391
398
406
407
410
411
421
423
430
438
439
442
443
891
892
893
894
898
930
1548
1880
1912
151
582
638
850
878
879
882
1041
1045
1047
1046
1048
1049
1053
1051
1054
1055
1056
1057
1058
1059
1073
1077
1085
1504
1680
1681
1682
1683
1712
1713
1714
1715
1042
1043
1044
911
912
943
944
315
316
317
318
319
320
324
326
327
328
329
330
333
334
335
337
338
339
341
342
343
344
345
346
347
348
349
350
352
354
356
357
358
359
360
361
362
363
365
366
367
369
371
373
378
379
1233
1237
1242
1265
1269
1274
1367
1372
1373
1383
1399
1405
1409
1425
1441
314
322
325
331
340
409
441
1245
1277
387
396
402
403
419
428
434
435
991
1023
1029
1050
1052
1061
1082
1084
1768
1769
1770
1771
1774
1775
1777
1778
1779
1780
1781
1782
1783
1784
1785
1786
1787
1788
770
772
773
783
784
793
796
798
802
804
805
809
815
816
825
826
828
829
830
833
839
840
841
842
844
845
846
848
849
874
1554
759
742
745
746
747
757
760
761
763
764
765
775
776
777
778
779
780
781
786
789
794
797
807
808
810
811
812
813
818
821
907
908
939
940
386
418
896
928
1419
1420
1431
1434
1435
1437
1438
1451
1452
1457
1463
1466
1467
1469
1470
1562
1740
1741
1744
1772
1773
1776
1789
1790
226
230
1868
1869
1873
1875
1883
1898
1899
1900
1901
1902
1903
1904
1907
1915
1920
1921
1924
1930
1931
1932
1933
1940
1941
1757
1758
1906
1474
1506
1512
1631
1663
166
154
158
159
165
167
168
169
170
171
172
173
174
175
176
178
179
180
181
182
184
185
186
187
188
189
183
190
191
192
193
195
196
197
199
200
201
202
203
204
205
194
321
323
207
353
332
355
351
364
370
198
383
452
477
478
479
509
511
510
486
492
493
206
592
593
594
595
596
600
601
604
607
613
610
611
612
614
615
616
617
619
623
624
620
622
625
626
628
627
632
633
636
639
738
740
756
758
762
766
767
768
769
771
774
782
788
790
799
800
801
803
806
814
820
822
834
831
837
836
852
838
843
851
847
854
853
855
858
862
856
857
860
859
861
863
866
865
868
869
870
875
887
895
920
952
888
964
996
990
1022
1091
1123
1114
1098
1101
1102
1105
1130
1146
1133
1134
1137
1485
1491
1499
1514
1517
1511
1523
1550
1549
1531
1536
1541
1537
1545
1546
1553
1547
1551
1552
1564
1567
1568
1569
1573
1576
1577
1578
1579
1580
1581
1582
1583
1584
1585
1664
1665
1586
1587
1588
1589
1671
1672
1673
1675
1692
1678
1679
1688
1695
1689
1696
1697
1703
1704
1705
1707
1720
1721
1724
1727
1731
1732
1763
1764
177
208
451
518
520
550
552
618
621
1596
1600
1593
1594
1595
1597
1598
1602
1603
1601
1604
1606
1605
1608
1607
1599
640
649
641
642
644
646
645
650
652
651
653
654
655
672
673
674
675
676
677
678
681
682
683
684
680
685
686
687
679
692
691
704
705
706
707
710
711
712
713
714
715
716
717
719
720
721
722
723
724
726
730
735
734
736
737
739
744
743
748
749
751
752
753
733
754
755
791
795
823
827
732
1280
1284
1285
1290
1291
1293
1294
1302
1303
1308
1309
1311
1312
1316
1317
1322
1323
1326
1325
1334
1335
1340
1341
1343
1344
1361
1362
728
731
1393
1394
1477
1478
1479
1480
1481
1482
1666
1667
1698
1699
1814
1817
1805
1820
1823
1821
1822
1819
1806
1818
1829
1830
1831
1832
1834
1835
1836
1833
1837
1838
1840
1839
1841
1846
1842
1844
1850
1843
1851
1853
1854
1855
1856
1888
1905
1927
727
661
643
647
648
658
659
660
662
663
664
665
690
693
694
695
696
697
725
729
388
420
458
490
1282
1288
688
708
1314
1320
785
792
817
824
832
864
1355
1356
1358
1359
1387
1388
1390
1391
656
967
972
965
974
975
973
977
976
978
960
979
981
983
982
984
985
992
997
999
1004
1005
1006
1007
1008
1009
1010
1011
1013
1014
1015
1016
1017
1152
637
605
1925
528
559
563
927
531
966
924
562
564
998
1060
561
1028
963
956
560
440
530
416
447
422
415
384
390
1167
959
1189
530
1350
1171
1176
1934
1184
994
995
1208
1157
1349
1889
1189
1176
1350
1028
561
1349
966
1167
563
994
531
1184
924
1203
1213
927
1199
1889
1213
1934
1199
995
1296
998
560
564
1208
956
1793
1181
1928
1825
1171
1857
1157
1181
1296
959
963
1935
1377
1378
1379
1380
1377
1378
1379
1380
1379
1380
1378
1377
1252
1252
1252
1252
1252
1252
1376
1382
1382
