8222
8221
8253
8254
8332
8344
8346
8348
8350
8351
8328
8329
8358
8359
8360
8364
8361
8376
8378
8380
8382
8383
8385
8403
8406
8407
8389
8390
8409
8411
8412
8413
8417
8435
8438
8439
8441
8443
8444
8445
8448
8449
8421
8422
8451
8452
8453
8454
8457
8458
8476
8477
8480
8481
8483
8484
8485
8486
8489
8490
9781
9782
9783
9784
8624
8625
8633
8632
8635
8638
8193
8196
8217
8220
8225
8228
8249
8252
8641
8646
8649
9789
9790
8738
8739
8741
8743
8749
8750
8740
8742
8752
8753
8326
8327
8349
8767
8768
8381
8397
8398
8399
8400
8401
8402
8404
8405
8408
8410
8769
8770
8774
8429
8430
8431
8432
8433
8434
8436
8437
8440
8442
8786
8788
8800
8801
8802
8806
8818
8820
8834
8837
8838
8835
8839
8840
8841
651
654
8459
650
653
656
660
8461
8462
8463
8464
8465
8466
8467
666
669
671
8862
680
683
686
688
681
682
685
692
698
701
702
703
8894
8895
8898
8901
8915
8913
8899
8900
8921
8920
8916
8933
8947
8948
8945
8953
8952
8971
8931
8932
9003
9075
9076
9077
9078
9081
9082
9083
9084
9085
9087
9096
9097
9100
9109
9110
971
972
973
974
975
976
977
979
980
981
982
983
984
985
986
987
988
989
991
992
993
994
995
996
997
999
1000
1001
1002
1003
1004
1005
1006
1007
1008
1009
1011
1012
1013
1014
1015
1016
1017
1018
1019
1020
1021
1023
1024
1025
1026
1027
1029
1030
1031
1033
1037
1038
1041
1044
1047
1050
1053
1054
1056
1057
1058
1059
1061
1062
1063
1065
1069
1070
1073
1076
1079
1082
1085
1086
1088
1089
1090
1091
1092
1093
1094
1095
1096
8902
1097
1099
1098
8903
8904
8905
8914
8917
8918
8919
1101
1100
1102
1103
1104
8930
8934
8935
8936
8937
8946
8949
8950
8951
1105
1106
1107
1108
1110
1111
1112
1113
1114
1115
1116
1119
1120
1121
1122
1123
1124
1125
1126
1127
1128
1129
1130
1131
1132
1133
1134
1135
1136
1137
1138
1139
1140
1141
1142
1143
1144
1145
1146
1147
990
1148
1151
1022
1160
1164
1032
1035
1036
1169
1172
1039
1040
1042
1043
1045
1046
1048
1049
1051
1052
1192
1055
1064
1067
1201
1068
1071
1072
1074
1075
1077
1078
1204
1080
1081
1083
1084
1087
1216
1217
1218
1219
1220
1222
1221
1224
1225
1226
1228
1109
1229
1227
1230
1231
1234
1232
1233
1117
1118
9420
9421
1149
1150
1153
1154
1155
1156
1157
1158
1159
1161
1162
1163
1165
1166
1167
1168
1170
1171
1173
1174
1175
1176
1177
1178
1179
1180
1181
1182
1183
9452
9453
1185
1186
1187
1188
1189
1190
1191
1193
1194
1195
1196
1197
9779
1198
1199
1200
1202
1203
1205
1206
9500
9503
1207
1208
1209
1210
1211
1212
1213
1214
1215
9532
9535
9566
1476
1477
1481
1493
1494
1497
1502
1503
1508
1509
1513
9418
1525
1526
1529
1534
9426
1535
1536
1537
1538
1539
1540
1542
1546
1547
1550
1551
1552
1553
1554
1555
1556
1557
1558
1559
1561
1562
1563
1564
1565
1566
1567
1568
1560
1569
1570
1571
1572
1574
1578
1579
1582
1583
1584
1585
1587
1588
1589
1590
1591
1586
1592
1593
1594
1595
1596
1597
1598
1599
1602
1603
1605
1606
9440
1607
1608
1611
1621
1622
1625
1626
1629
1630
1631
9441
1634
1635
1637
1638
9442
1639
1640
1646
1647
1643
1644
1653
1654
1657
1658
1661
1662
1663
1667
1668
1669
1671
9450
1672
1678
1680
1683
1687
1681
1682
1684
1685
1686
1692
1688
1689
1690
1691
1693
1694
1695
1698
1699
1700
1701
1703
1704
1710
1712
1713
1715
1719
1714
1716
1717
1718
1720
1721
1724
1722
1723
1725
1731
1726
1727
1728
1729
1734
1732
1733
1735
1739
1742
1736
1737
1738
1740
1741
1743
1763
1766
1771
1764
1765
1767
1768
1769
1770
1774
1775
1772
1773
1779
1780
1816
1817
1819
1820
1848
1849
1851
1852
1853
1935
1936
1937
1938
1939
1940
10183
10184
10188
10215
10216
10220
2120
2121
2122
2124
2125
2149
2150
2151
2152
2153
2154
2156
2157
2158
2160
2161
2162
2163
2165
2171
2172
2173
2174
2175
2176
2177
2168
2178
2179
2189
2192
2193
2195
2196
1666
10448
10449
10452
10453
10480
10481
10484
10485
11891
10695
10696
10697
10698
10701
10702
10704
10705
10708
10711
10712
10713
10715
10717
10718
10719
10720
10721
10722
10727
10728
10729
10730
10733
10734
10736
10737
10740
10743
10744
10745
10747
10749
10750
10751
10753
10754
10757
10758
10759
10761
10762
10763
10764
10765
10772
10773
10780
10782
10785
10786
10789
10790
10791
10792
10793
10794
10795
10796
10797
10804
10805
10812
10814
10816
10817
10818
10819
10822
10823
10824
10825
10826
10827
10828
10829
10830
10831
10832
10833
10834
10835
10836
10837
10838
10839
10840
10841
10842
10843
10844
10845
10847
10848
10849
10850
10851
10854
10855
10856
10857
10858
10859
10860
10861
10862
10863
10864
10865
10866
10867
10868
10869
10870
10871
10872
10873
10874
10875
10876
10877
10879
10889
10891
10893
10894
10895
10897
10899
10900
10901
10921
10923
10925
10926
10927
10181
10929
10931
10932
10933
10213
10973
10975
11005
11007
11008
11009
11011
11013
11014
11015
11016
11022
11041
11043
10313
11046
11047
11048
11054
11084
11093
11094
11096
11098
11099
11116
11122
11126
11127
11128
11131
11132
10412
11167
11199
11204
11205
11207
11208
11209
11214
11217
11233
11237
11238
11239
11240
11241
11249
8842
8843
8844
8847
8848
8850
8851
11804
11806
11807
11820
11821
11229
8863
11212
11836
8866
11838
11839
11842
11263
11200
8867
11845
11261
11202
11847
8869
11849
11203
11248
11244
8870
8871
11859
8872
11862
11232
8873
8874
11235
11874
8875
11877
11879
8876
11894
8879
8880
8882
11915
8883
11917
11215
9791
11947
11949
9770
11247
11981
11983
11985
11986
12013
12015
12017
12018
12048
10345
12049
12052
12053
12080
12081
12084
12085
12109
12141
12161
12165
12193
12197
13850
11230
10380
9749
9750
11262
8845
9332
9333
9355
9356
9357
9358
9359
9361
9362
9371
9372
9373
9374
9387
9388
9389
9390
9391
9392
9393
9394
9403
9404
9405
9406
8877
11040
9698
11045
9699
9700
9701
9704
9705
11090
11100
9758
11125
11130
9759
9767
11201
11206
9732
9735
11236
11246
9764
9747
7679
7681
7682
7686
7688
7690
7699
7713
7714
7718
7720
7722
11231
7731
11216
9751
9752
7780
7795
7797
7801
7810
7811
11234
7808
7809
7812
7813
7814
7821
7830
7831
7832
7833
7834
7835
7836
7838
7839
7840
7841
7842
7843
7844
7845
7846
7853
7862
7863
7864
7865
7866
7867
7868
7870
7871
7879
7883
7884
7885
7886
7887
9354
7890
9757
7911
7915
7916
9360
7917
9386
7918
7919
7922
9408
9409
9410
7926
7927
7940
7943
7949
7950
7951
7952
7953
7955
7956
7957
7959
7960
7962
7965
7966
7967
7972
7975
7806
7981
7822
7823
7824
7825
7826
7827
7828
7829
7837
7982
7983
7984
7985
7854
7855
7856
7857
7858
7859
7860
7861
7987
7988
7869
7872
7873
7989
7991
7874
7875
7876
7877
7878
7994
7997
7998
7999
8002
8005
8011
8012
7907
7908
7909
7910
8015
8016
8034
8037
8043
8044
8047
8048
8074
8086
8089
8092
8106
7929
8118
8121
8124
8129
8132
8133
8134
8137
8139
8152
8153
8155
8158
8149
8154
8161
8164
8165
8166
8169
8171
8184
8181
8185
8187
8186
8190
12295
12296
12297
12298
12299
12302
12303
12305
12306
12309
12310
7992
12225
12233
12242
12243
12244
12245
12246
12247
12250
12251
12254
12257
12265
12274
12275
12276
12277
12278
12279
12282
12283
12286
8257
8258
8289
8290
8331
8335
8363
8367
8393
8425
518
519
523
8744
8761
8765
8809
648
649
670
9419
9423
9424
9433
9449
9451
1478
1510
8460
1610
1618
1620
1642
1650
1652
522
11740
11861
11881
11062
11088
11120
11161
11193
8771
8772
8773
8777
8794
8797
11507
11510
8803
8804
11522
11524
11525
8805
11529
11530
11542
11554
11556
11557
11561
11562
8826
8829
11656
11663
11666
11672
11664
11674
11541
11688
11696
11699
11573
11704
11706
11724
11736
11737
11742
11540
11756
11768
11769
11772
11774
11800
11572
11030
11832
11850
11853
11855
11857
11863
11864
11882
11885
11887
11889
11893
11895
11904
11907
11909
11913
11920
11922
11928
11929
11933
11934
11935
11938
11939
11945
11948
11952
11953
11954
11958
11960
11961
11963
11965
11966
11967
11968
11971
11982
11991
11997
11998
11999
12000
12014
12023
12029
12030
12031
11526
11528
11543
11544
11545
11546
11558
11560
11575
11576
11577
11578
11590
11622
12162
12194
4305
11896
11574
11906
11916
11921
11926
11931
11936
11941
9370
11976
9402
11978
11979
9417
12003
12008
12010
12011
7684
7685
7716
7717
7781
7796
12051
12054
12055
12056
12057
12058
12059
7882
7888
7914
7920
7924
7925
7930
7933
7937
12083
12086
12087
7938
7942
7945
7946
7958
7961
12088
12089
12090
12091
7969
7970
7974
7977
7978
7990
7993
8450
8473
8479
8482
8642
8644
8645
8647
8648
8651
8652
8655
8665
8666
8670
8673
8674
8676
8677
8678
8679
8680
8681
8683
8684
8687
8697
8698
8702
8706
8707
8708
8709
8710
8711
8714
8717
8720
8721
8725
8733
8735
8746
8757
8832
8833
8836
705
8972
9004
9028
9029
9060
9061
9155
9160
9162
9434
9772
9565
1545
1548
1549
1576
1577
1580
1581
9934
9935
9944
9967
9773
9774
8864
8865
8868
11925
1544
12322
12323
12325
12329
12359
12360
12363
12364
12539
12543
12546
12553
12556
12565
12566
12567
12568
12571
12572
12585
12588
12597
12598
12599
12600
12603
12604
9165
9166
9167
9168
9170
9171
9172
9187
9192
9194
9197
9198
9200
9202
9203
9204
9219
9222
9223
9224
9225
9226
9227
9228
9229
9238
9239
9240
9241
9251
9254
9255
9256
9257
9258
9259
9260
9261
9270
9271
9272
9273
9284
9286
9765
9300
9301
9316
9318
9690
9693
9766
9722
9725
7708
7709
7740
7741
7744
7745
7803
7804
7805
12578
9221
9242
9243
9244
9245
9253
9274
9275
9276
9277
9293
9309
9325
9341
9375
9407
9707
10212
10219
9755
9731
9738
9763
10180
10187
0
2
4
5
221
224
227
230
231
233
235
866
879
883
888
895
896
928
4682
4683
4714
4715
4716
4717
4719
4757
4759
4761
4762
4764
4767
4810
871
4813
4817
4818
4819
4820
4821
4823
4825
4826
4827
4828
4829
4832
4833
4936
4940
4944
657
661
662
663
689
693
694
695
823
825
826
836
837
838
839
840
841
843
847
4939
1857
1858
1861
1862
1863
1865
1866
1867
1868
1869
1870
1871
1872
1875
1876
1877
1878
1880
1881
1883
1886
1889
1890
1893
1894
1895
1897
1898
1899
1900
1901
1902
1903
1904
1907
1908
1909
1910
1912
1913
1915
1918
1921
1927
1930
1933
1934
3319
3328
3610
824
8195
8197
8198
8199
8200
8201
8203
8204
8207
8208
8210
8211
8212
8213
8214
8215
8216
8218
8219
8227
8229
8230
8231
8232
8233
8235
8236
8239
8240
8242
8243
8244
8245
8246
8247
8248
8250
8251
8256
8259
8260
8261
8263
8264
8265
8266
8267
8268
8269
8270
8271
8272
8273
8274
8275
8276
8277
8279
8280
8281
8282
8283
8284
8285
8286
8287
8288
8291
8292
8293
8294
8295
8296
8297
8299
8300
8301
8302
8303
8304
8305
8306
8307
8308
8309
8311
8312
8313
8314
8315
8316
8317
8318
8319
8320
8321
8322
8323
8324
8330
8333
8334
8336
8337
8338
8339
8340
8341
8342
8343
8347
8352
8353
8354
8355
8356
8362
8365
8366
8368
8369
8370
8371
8372
8373
8374
8375
8379
8384
8386
8387
8388
8391
8392
8394
8395
8396
8416
8418
8419
8420
8423
8424
8426
8427
8428
8760
8775
8776
8791
8796
8807
8808
3316
8823
8828
655
8856
687
9080
9099
9422
9425
9454
9780
1473
1482
1495
1498
1500
1496
1505
1514
1527
1530
1528
1532
9997
9998
9999
10000
10004
10013
10127
10128
10130
10132
10133
10134
10135
10136
10137
10138
10139
10140
10141
10142
10144
10145
10146
10147
10148
10149
10150
10151
10152
10153
10154
10155
10156
10158
10159
10160
10162
10164
9785
9786
10165
10166
10167
10168
10169
10170
10171
10172
10173
10174
10177
10178
10179
9787
9788
10182
10190
10191
10192
10194
10204
10205
10206
10207
10208
10209
10210
10211
10214
10222
10223
10224
10226
10236
10237
10238
10239
10241
10243
10244
10247
10248
10249
10250
10251
8861
10253
10254
10255
10256
10257
10258
10259
10261
10263
10264
10265
10267
10268
10269
10270
10273
10275
10276
10279
10280
10281
10282
10283
10285
10286
10287
10288
10289
10290
10291
10293
10295
10296
8893
10297
10299
10300
10301
10302
10305
10306
10316
10337
10338
10339
10348
10382
10386
10414
10418
10435
10436
10446
10447
10450
10451
10454
10482
10483
10699
10700
10731
10732
10752
10755
10756
10760
10766
10767
10768
10769
10770
10771
10775
10776
10777
10778
10779
10781
10783
10784
10787
10788
10798
10799
10800
10801
10802
10803
10807
10808
10809
10810
10811
10813
10815
10820
10821
10846
10852
10853
10878
10880
10881
10882
10883
10884
1480
10912
10913
10914
10915
10916
1512
10968
10969
10971
11000
11003
10176
10185
10186
11001
10189
11010
11012
10217
10218
10221
11025
10262
10266
11026
11027
11028
11031
11029
11032
11033
11034
10294
10298
11036
11037
11038
11039
11042
11044
11057
11058
11059
11060
11061
11063
11064
11065
11066
11067
11068
11069
11070
11071
11072
10385
11073
11074
11075
11076
11077
11078
11079
11080
11081
11082
10417
11083
11085
11089
11086
11092
11097
11101
11102
11103
11104
11105
11106
11107
11108
11109
11110
11111
11112
11113
11114
11115
11117
11118
11121
11124
11129
11133
11134
11135
10885
10886
10887
10888
10890
10892
10896
10898
11156
10917
10918
10919
10920
10922
10924
10928
10930
11188
11017
11018
11019
11020
11021
11278
11279
11280
11023
11024
11281
11282
11283
11284
11285
11286
11287
11288
11035
11290
11291
11292
11293
11294
11049
11050
11051
11052
11053
11055
11056
11311
11312
11313
11314
11315
11316
11317
11318
11319
11320
11322
11323
11324
11325
11326
11328
11330
11331
11332
11333
11334
11087
11091
11336
11337
11338
11339
11340
11342
11343
11095
11345
11347
11119
11348
11349
11123
11351
11354
11355
11356
11359
11360
11362
11363
11364
11365
11366
11368
11369
11370
11371
11372
11374
11375
11377
11379
11380
11381
11383
11155
11386
11387
11388
11391
11157
11158
11159
11160
11162
11393
11163
11401
11402
11413
11414
11415
11416
11417
11187
11189
11190
11191
11192
11194
11422
11195
11218
11425
11433
11434
11219
11220
11221
11250
11251
11252
11253
11445
11446
11447
11448
11449
11454
11461
9769
11493
11802
11808
11310
11822
11823
11824
11825
11826
11828
11829
11830
11831
11851
11852
11344
11883
11884
11352
11905
11910
11908
11376
11384
11927
11930
11932
11392
11937
11940
8888
11942
11396
11397
11398
11399
11400
11959
11962
11969
11970
11972
11973
11418
11419
11974
11420
11421
11423
11988
11989
11424
11428
11429
11430
11431
11432
11990
11992
11993
11994
12001
12002
12004
12005
12006
12020
12021
12022
12024
12025
12026
11450
11451
11452
11453
11455
11456
11457
11458
11459
11460
11462
11463
12060
11487
11488
11489
11490
11491
12092
12093
12094
12095
12096
12097
12098
12099
12100
12101
11492
12102
12103
12104
12105
12106
12107
12108
12110
12111
12113
12114
12115
12116
12118
11494
11495
11805
12128
12129
12130
12131
12132
12133
12134
12135
12136
12137
12138
12139
12140
12142
12143
12145
12146
12147
12148
12150
12172
11827
11834
9777
9748
11837
11840
11841
9768
11964
9687
9688
11872
11873
10015
9753
9691
9692
9694
9754
9695
9696
9697
9756
9771
9733
9734
9736
9737
9739
9740
9742
9745
9680
9679
9681
9682
9683
9684
9686
7807
7815
7816
7817
7818
7819
7820
7847
7848
7849
7850
7851
7852
7963
7964
7995
7996
8000
8004
8006
8007
8008
8009
8017
8019
8020
8032
8036
8038
8039
8040
8041
8049
11975
11977
11980
11984
8051
8052
8064
8066
8068
8070
8071
8072
8075
8076
8077
8079
8083
8084
8085
8087
8088
8090
8091
8095
8096
8098
8100
8102
8103
8104
8107
8108
8109
8111
8115
8116
8117
8119
8120
8122
8123
8127
12007
12009
12012
12016
8145
8157
8159
8177
8189
8191
9775
8758
8793
8825
9776
9778
9689
9743
9744
9746
9970
9976
10312
10344
10379
10383
10387
10411
10415
10419
10974
11006
11658
11661
11667
11685
11690
11693
11713
11860
11892
9938
11745
9741
8262
276
279
282
291
294
297
300
301
308
311
314
318
325
329
331
333
336
341
342
343
357
361
363
365
368
373
374
375
11653
384
385
386
387
390
391
394
395
398
399
400
401
404
405
998
9481
9482
9485
9489
9484
9483
9488
9494
9491
9490
9493
9504
9498
9501
9497
9513
9514
9511
9508
9506
9505
9507
9509
9510
9515
9517
9520
9516
9525
9522
9523
9521
9526
9533
9529
9530
9545
9548
9536
9542
9574
9577
9580
9568
10284
10304
10320
2394
2396
2397
2416
2418
2419
2420
2422
2424
2425
2426
2428
2429
2433
2434
2437
2438
2439
2440
2441
2442
2465
2466
2469
2470
2471
2472
2473
2474
2475
2478
2481
2484
2485
2487
2488
2491
2494
2496
2497
2498
2517
2518
2525
2526
2527
2528
2529
2530
2533
2534
2571
2572
2573
2574
2576
2575
2577
2578
2579
2582
2583
2584
2592
2593
2594
2595
2596
2597
2598
2599
2600
2601
2602
2603
2604
2605
2606
2608
2609
2610
2611
2607
2614
2615
2616
10336
10352
3329
3330
3333
3334
3335
3336
3338
3341
3345
3348
3354
3355
3356
3357
3360
3361
3362
3365
3366
3367
3368
3370
3373
3377
3380
3386
3387
3388
3389
8018
10252
659
664
667
674
675
676
677
678
679
691
696
699
707
708
709
711
714
715
716
722
723
724
725
726
727
728
729
735
737
739
740
741
743
745
746
747
755
756
757
758
759
760
761
767
772
773
774
775
776
777
778
783
784
804
805
806
807
808
809
810
815
816
2570
6050
6057
6058
6061
6070
6086
6089
754
827
830
831
832
835
842
2126
2127
2128
2129
2130
2131
2134
2135
2136
2137
2138
2139
2142
2143
2144
2145
2146
2147
2148
2123
11523
11527
11555
11559
8456
8488
8623
9480
9512
8491
8492
8493
8494
8495
8496
8497
8498
8499
8491
8492
8493
8494
8495
8496
8497
8498
8499
16
47
14
48
52
15
53
21
46
11
43
44
652
668
684
700
713
717
718
750
779
791
793
794
795
798
799
811
834
848
849
850
851
852
853
854
855
856
857
858
859
861
863
864
867
868
869
870
872
873
874
875
880
881
882
884
885
886
887
889
890
891
893
1676
1708
1859
1864
1873
1874
1885
1891
1896
1905
1906
1917
10
12
20
22
23
24
27
30
2140
2141
2159
2166
2167
2169
2170
42
66
12392
12183
98
12178
3322
3323
3326
3327
151
183
12168
12171
12174
12175
12179
12181
12182
12185
12200
12206
12207
12210
12214
12215
12217
12203
12211
12213
12290
12291
12317
12318
12328
12330
12331
12335
12337
12338
12341
12342
12346
12350
12361
12367
12368
12371
12372
12373
792
12377
12378
12381
12391
12393
12395
12396
12400
12403
12405
12406
12410
12413
12416
12418
12431
12445
12448
12450
12451
12463
12477
12511
1152
1184
12558
12559
12590
12591
12607
12293
12314
12334
4938
4942
4945
4949
4946
4947
4948
4950
4953
4954
4956
4957
4958
4959
4966
4970
4971
4972
4974
4976
4977
4978
4979
4982
4980
4981
4985
4986
4988
4989
4990
4991
4992
4993
4994
4995
4996
4997
4998
4999
5000
5001
5002
5003
5005
5006
5007
5008
5009
5010
5011
5012
5013
5022
5023
5024
5025
5026
5027
5028
5029
5030
5031
5032
5033
5034
5035
5037
5038
5039
5040
5041
5042
5043
5044
12399
12404
12409
12419
5159
5189
5192
5318
5326
5327
2155
5343
5345
5350
5358
5359
5375
5385
5386
5387
5389
5392
5393
5395
5398
5417
5418
5419
5749
12575
12349
7798
7799
7800
7802
12374
236
237
238
239
241
242
243
245
246
247
248
249
250
251
252
253
254
255
256
259
260
263
266
267
268
269
270
271
272
948
949
957
959
960
961
962
963
964
966
967
969
970
1543
1575
1600
1601
1604
1609
1613
1614
1615
1616
1612
1617
1619
1628
1632
1633
1636
1641
1648
1649
1651
1660
1942
1944
1948
1953
2055
2056
2060
2061
2062
2063
2068
2069
2070
2065
2071
2074
2075
2076
2078
2088
2092
2093
2094
2095
2100
2097
2101
2102
2103
2106
2107
2108
2110
2620
2621
2622
2623
2624
2625
2626
2627
2628
2629
2630
2631
2632
2633
2634
2635
2636
2637
2638
2639
2640
2641
2642
2643
2644
2645
2646
2647
2648
2649
2650
2651
2652
2653
2654
2655
2656
2657
2658
2659
2660
2661
2662
2663
2664
2665
2666
2667
2668
2669
2670
2671
2672
2673
2674
2675
2676
2677
2678
2679
2680
2681
2682
2683
2684
2685
2686
2687
2688
2689
2690
2691
2692
2693
2694
2695
2696
2697
2698
2699
2700
2701
2702
2703
2704
2705
2708
2716
2717
2719
2720
2721
2722
2723
2724
2725
2726
2727
2728
2729
2730
2731
2732
2733
2734
2735
2736
2737
2740
2748
2749
2751
2752
2753
2754
2755
2756
2757
2758
2759
2760
2761
2762
2763
2764
2765
2766
2767
2768
2769
2770
2771
2772
2773
2774
2775
2776
2777
2778
2779
2780
2781
2782
2783
2784
2785
2786
2787
2788
2789
2790
2791
2792
2793
2794
2795
2796
2797
2798
2799
2800
2801
2802
2803
2804
2805
2806
2807
2808
2809
2810
2811
2812
2813
2814
2815
2816
2817
2818
2819
2820
2821
2822
2824
2825
2826
2827
2828
2829
2830
2831
2833
2834
2846
2847
2848
2849
2850
2851
2852
2853
2854
2856
2857
2858
2859
2860
2861
2862
2863
2865
2866
2870
2871
2873
2874
2877
2878
2879
2880
2881
2882
2887
2888
2893
2894
2895
2896
2897
2899
2900
2901
2902
2903
2904
2905
2906
2907
2908
2910
2911
2912
2913
2914
2919
2920
2932
2933
2934
2935
2936
2937
2938
2939
2940
2942
2943
2946
2947
2950
2978
2979
2982
2983
2996
2997
2998
3027
3028
3029
3030
3031
3059
3060
3061
3062
3063
3064
3066
3067
3074
3075
3076
3077
3078
3083
3086
3085
3087
3088
3091
3092
3094
3096
3098
3099
3100
3101
3102
3103
3106
3107
3108
3109
3110
3115
3117
3118
3119
3120
3123
3124
3126
965
968
3128
3130
3131
3132
3133
3134
3135
3137
3140
3141
3143
3144
3145
3149
3163
3166
3167
3169
3172
3173
3175
3176
3177
3179
3181
3185
3187
3188
3189
3190
3191
3193
3194
3195
3198
3199
3200
3201
3202
3203
3204
3205
3206
3207
3208
3209
3210
3211
3212
3213
3214
3215
3216
3217
3218
3219
3220
3221
3225
3226
2087
2706
2707
2709
2718
2738
2739
2741
2750
2872
2875
2876
2883
2884
2885
2915
2916
2917
11657
11689
3079
3080
3081
3082
3089
11757
3095
3097
3111
3112
3113
3114
3121
11918
3127
3129
11943
11950
3146
3147
12544
12545
12549
12550
3178
12576
12577
12581
12582
12608
11911
3192
10970
11002
11725
9932
9936
9940
9941
9942
9943
9964
9968
9972
9973
9974
9975
11776
8298
10143
10175
9966
9199
12241
12273
12258
1485
5783
5827
5829
5830
5831
5833
5834
5836
5837
5838
5839
5840
5842
5844
5845
5848
5850
5851
5854
5855
5859
5861
5862
5863
5865
5866
5868
5869
5870
5871
5872
5874
5876
5877
5880
5882
5883
5886
5887
5891
5902
5904
5911
5913
5917
5923
5934
5936
5943
5945
5949
5966
5968
5972
5974
5975
5977
6029
6030
6031
6032
6033
6035
6037
6038
6039
6040
6059
6060
6062
6063
6064
6065
6067
6069
6071
6072
6091
6103
6118
6121
6123
6135
6144
1517
12226
12229
12237
12238
12261
12269
12270
12292
5781
5852
5884
5888
5890
5903
5905
5906
5907
5908
5916
5920
5922
5935
5937
5938
5939
5940
5948
4815
4830
4847
4849
4850
4851
4855
4858
4862
26
54
55
56
58
59
62
93
125
6
7
8
9
13
17
18
19
25
29
31
32
33
34
38
39
40
41
45
49
50
51
57
61
63
64
65
67
68
69
70
71
72
73
74
75
76
77
78
79
80
81
82
83
84
85
86
87
88
89
90
91
92
94
95
96
97
99
100
101
102
103
104
105
106
107
108
109
110
111
112
113
114
115
116
117
118
119
120
121
122
123
124
126
127
128
129
131
132
133
134
135
136
137
140
141
142
143
146
149
150
152
153
154
155
156
157
158
160
161
163
164
165
166
167
168
169
172
173
174
175
178
181
182
184
185
186
187
188
189
190
192
193
194
195
196
197
198
199
200
201
202
203
204
222
225
226
228
229
232
234
898
901
902
916
917
920
923
924
925
926
927
930
952
955
956
958
3791
3804
3808
3809
3811
3812
3814
3815
3816
3817
3819
3823
3830
3831
3833
3834
3835
3836
4544
4545
4546
4547
4548
4550
4551
4552
4553
4554
4555
4556
4557
4562
4563
4566
4567
4574
4576
4577
4578
4579
4580
4582
4583
4584
4585
4586
4587
4588
4589
4590
4594
4595
4598
4599
4606
4609
4610
4613
4616
4617
4619
4620
4622
4623
4624
4626
4648
4649
4651
4652
4654
4655
4656
4658
4659
4660
4661
4662
8701
8726
8278
8310
8922
8923
8924
8925
8927
8660
8664
8669
8675
8690
8692
8954
8955
8956
8957
8959
8961
8962
8965
8966
8968
8969
8970
8973
8974
8975
8976
8979
8696
8982
8983
8985
8986
8993
8994
8997
8998
9000
9001
9002
9006
9007
9008
9011
9014
9015
9063
9064
9067
9070
9072
9079
9101
9108
10271
10303
10774
10806
9005
8469
8501
8505
8508
8511
8521
8522
8523
8536
8551
8552
8553
8554
8555
8568
8577
8585
8586
8587
8588
8589
8590
8591
8592
8593
8599
8600
8601
8603
8606
8609
8610
8614
8616
8617
8618
8619
8620
8621
8622
8631
8468
8500
8527
8559
8578
8581
8582
8583
8584
8595
8596
8597
8598
8602
8604
8605
8613
8615
8627
8628
8629
8630
8634
8636
8637
11792
11793
11799
8050
8658
672
673
704
706
733
736
738
748
749
765
9050
9053
933
934
935
936
937
938
939
940
941
942
943
946
947
9196
6488
6491
6501
6502
6503
6504
6505
6506
6507
6509
6510
6513
6515
6516
6518
6519
6520
6523
6526
6528
6529
6530
6531
11795
11796
11797
11798
6532
6533
6534
6535
6536
6537
6538
6539
6546
6548
6549
6550
6551
6552
6553
6554
6555
6556
6557
6558
6559
6560
6561
6562
6563
6564
6565
6566
6567
6568
6569
6570
6571
6578
6580
6581
6582
6583
6584
6585
6586
6587
6588
6589
6590
6591
6592
6593
6594
6595
6596
6597
6599
6600
6601
6602
6603
6604
6605
6606
6607
6608
6609
6610
6611
6612
6613
6615
6616
6617
6618
6619
6620
6621
6622
6623
6624
6625
6626
6627
6628
6629
6631
6632
6633
6634
6635
6636
6637
6638
6639
6640
6641
6642
6643
6644
6645
6647
6648
6649
6650
8657
8689
8729
9706
9149
6487
6494
6547
6579
6598
6614
6630
6145
6146
6147
6646
6149
6150
6151
6152
6153
6154
6155
6156
6157
6158
6159
6160
6161
6162
6163
6165
6166
6167
6168
6169
6170
6171
6172
6177
6178
6179
6181
6182
6183
6184
6185
6186
6187
6188
6189
6190
6191
6192
6193
6194
6195
6197
6198
6199
6200
6201
6202
6203
6204
6208
6209
6210
6211
6213
6214
6216
6217
6218
6219
6220
6221
6222
6226
6227
6228
6229
6230
6231
6232
6233
6234
6235
6236
6237
6238
6239
6240
6241
6242
6243
6245
6246
6248
6249
6250
6251
6252
8415
8446
8447
9830
11735
9831
9834
9835
9838
9840
12063
9848
9849
9850
9851
8643
8656
8659
8688
8691
8712
8718
8728
9117
8912
8926
8944
8958
8984
9031
9032
9035
9038
9040
9043
9044
9045
9046
9047
9048
9049
9051
9052
9054
9055
9086
9095
9098
9102
9103
9104
9105
9127
9128
9129
9130
9131
9132
9133
9134
9135
9136
9137
9140
9141
9142
9427
9430
9444
9445
10021
9486
9492
9496
9502
9518
9524
9528
9534
9539
9541
9543
9546
9547
9571
9573
9575
9578
9579
9824
11734
9826
1453
1454
1455
1456
1457
1458
1459
1460
1461
1462
1466
1467
1468
1469
1470
1471
1479
1483
1484
1487
1501
1511
1515
1516
1519
1533
1489
1521
11730
9927
9928
9929
9930
9931
11755
9996
12070
10157
10203
10235
10242
10245
10246
10260
10274
10277
10278
10292
6148
6180
6212
6244
10445
10455
11815
11866
10903
10904
10905
10906
10907
10908
9877
10909
8414
10910
10911
9878
10934
10935
10936
10937
10938
10939
10940
10941
10942
10943
10944
10945
10946
10947
9843
9844
9845
9846
9847
10948
10949
10950
10951
10952
10953
10954
10955
10956
9879
10957
10958
10959
10960
10961
10962
10965
10966
10967
10972
10976
10977
10978
10979
9880
10980
10981
10982
10983
10984
10985
10986
10987
10988
10989
10990
10991
10992
10993
10994
10998
10999
10997
9881
11004
9882
9883
9884
9885
9792
9886
9887
11166
9888
9156
9157
9158
9159
9161
11198
9889
9891
9893
9895
9794
9896
12038
9899
9900
1472
1474
1475
9902
1486
1488
1490
1491
1492
1499
1504
1506
1507
1518
1520
1522
1523
1524
1531
11610
11611
11613
11614
9906
11642
11643
11645
11646
11648
11649
11650
11652
11654
11651
11758
11655
11659
11660
11662
11665
11668
11670
11673
11676
11677
11678
11679
11680
11681
11682
11683
11684
11686
11687
11691
11692
11694
11695
11697
11698
11700
11702
11705
9909
11709
11711
11716
11719
11721
11722
11723
11726
11727
11728
11729
11731
11732
9910
11738
11739
11741
11743
11748
11751
11753
11754
9911
11759
11761
11762
11763
11764
11766
11767
11771
11773
11775
11777
11778
11779
11780
11781
11782
9912
11788
11789
11790
11791
11801
9913
11803
11809
11810
11811
11812
11813
11814
9914
11835
11843
9915
9798
11865
11875
9916
11897
11898
9917
11957
9919
9799
9920
9921
12036
12037
9922
12061
12062
9923
12068
12069
9924
9802
9803
9945
9946
9947
9948
9949
9952
9953
9954
9806
9955
11760
9956
9959
9960
9961
9962
9963
9808
10902
11765
10963
10964
10995
10996
9890
9285
9287
9289
9288
9290
9291
9295
9307
11497
11498
11499
11500
9317
11501
9816
9319
9320
9321
9322
9323
11770
9327
9339
9817
9344
9345
9346
9363
9364
9365
9366
9368
9367
9818
9369
9376
10016
9377
9378
10017
9819
9395
10020
9396
9399
9397
9400
9398
9401
11708
11671
11675
11703
11707
9412
9413
11712
11714
11717
11718
11733
11744
11746
11747
11749
11752
9822
9823
11785
11786
11787
11794
11783
11817
11818
11819
7692
7693
7694
7695
7696
7700
7701
7702
7707
7724
7725
7726
7727
7728
7729
7732
9918
7733
7734
7736
7954
7986
8065
11750
8097
9163
9164
9169
9174
9175
9176
9177
9178
9179
9180
9188
9189
9190
9191
9193
9811
9195
9201
9206
9207
9208
9209
9210
9211
9212
9812
1
36
37
9813
9814
11833
9815
11720
11710
11715
4720
4723
4726
4728
4731
4732
4822
4831
366
1028
1823
1822
1824
1826
1830
1841
1835
1844
1838
1845
1854
1855
2836
2838
2867
2839
2868
2841
2842
2845
3035
3032
3036
3039
3033
3034
3068
3071
3065
3168
3136
3165
3197
3337
3369
3790
3789
3792
3793
3794
3805
3806
3818
3820
3821
3822
3828
3824
3825
3826
3827
3837
3838
4596
7923
8027
9760
9793
9795
10228
10341
10368
360
11137
878
11568
2835
2837
2840
2843
2844
2869
11784
11848
11880
12762
12763
12764
12765
12767
12768
12761
12668
12771
12773
12774
12775
12776
12667
12670
12671
12777
12778
12794
12795
12796
12797
12780
12793
12781
12779
12799
12802
12803
12782
12800
12783
12785
12788
12786
12789
12807
12801
12804
12805
4681
4684
4685
4687
4688
4689
4690
4691
4692
4693
8135
4694
4695
4696
4697
4698
4699
4700
4701
4702
4703
4704
4706
4707
4708
4709
4710
4711
4712
4713
4721
4722
4724
4725
4727
4729
4730
4758
4760
4807
4808
4811
4824
4835
4836
4837
4838
4839
4840
4842
4843
4845
4852
4853
4856
4857
4859
4860
4861
10440
159
191
876
877
894
897
899
900
919
929
931
932
12809
4517
4518
4521
4522
4549
4559
4560
4561
4564
4565
4568
4570
4571
4572
4573
4575
4581
4591
4592
4593
4597
4600
4602
4603
4604
4605
4607
4608
4611
4612
4615
4618
4621
4625
4647
4650
4653
4657
4663
4677
4678
4679
10381
10413
10381
10413
3
904
905
906
907
908
909
910
911
912
913
915
918
922
3840
3841
3844
3845
3904
3907
3908
3909
3910
3911
3913
3916
3917
3919
3920
3921
3922
3923
3925
3926
3927
3928
3929
3930
3932
3933
3934
3935
3936
3939
3940
3941
3942
3943
3945
3948
3949
3951
3952
3953
3954
3955
3957
3958
3959
3960
3961
3962
13696
13697
13698
13699
13700
13701
13702
13703
13704
13705
13706
13707
13708
13709
13711
13712
13713
13714
13715
13716
13717
13718
13725
13726
13727
13728
13729
13730
13731
13732
13733
13734
13735
13736
13737
13738
13739
13740
13741
13743
13744
13745
13746
13747
13748
13749
13750
13757
13758
13759
13760
13761
13762
13764
13766
13767
13769
13772
13774
13775
13776
13777
13778
13779
13780
13781
13782
13783
13784
13785
13786
13787
13788
13790
13791
13792
13793
13794
13796
13798
13799
13801
13810
13811
13812
13813
13814
13815
13816
13817
13818
13819
13820
13822
13823
13826
13827
13828
13829
13832
13833
13834
13835
13839
13841
13842
13843
13844
13845
13846
13847
13848
13858
13859
13860
13861
13864
13865
13866
13867
13871
13873
13874
13875
13876
13877
13878
13879
13691
13692
13693
13694
13695
13763
13770
13771
13795
13840
13872
8520
8579
8594
8611
8626
8763
8764
8778
8779
8780
8781
8784
8785
8787
8792
8795
8798
8799
8810
8811
8812
8813
8816
8817
8819
8824
8827
8830
8831
8857
8860
8892
9447
9448
10003
10315
10340
10343
10346
10347
10349
10350
10351
10353
10355
10359
10360
10361
10362
10374
10375
10376
10377
10378
10384
10392
10396
10406
10407
10408
10409
10410
10416
10424
10428
10309
10311
10314
10317
10318
10319
10321
10323
10327
10328
10329
10330
11502
11609
11641
8853
8854
8885
8886
8889
9335
9338
9342
9343
9348
9349
9350
9380
9381
9382
9415
9416
8223
8255
8515
8516
8547
8548
8576
8607
8608
8639
4841
4844
4848
4846
4854
10388
10389
10390
10391
10420
10421
10422
10423
10308
8192
8194
8202
8205
8206
8209
8224
8226
8234
8237
8238
8241
8325
8345
8357
8377
8455
273
274
277
280
283
8470
288
289
290
292
293
295
296
298
299
8487
305
306
309
312
315
324
332
344
345
346
347
348
350
351
353
355
356
376
377
378
379
380
382
383
388
396
402
8640
8650
8653
8654
11531
8745
8747
8748
8751
8754
8755
8756
8759
8762
8766
8471
8782
8783
8789
8790
8814
8815
8821
8822
658
665
8855
8858
8859
690
697
8890
8891
8896
8897
8906
8907
8908
8909
8910
8911
8928
8929
8938
8939
8940
8941
8942
8943
8960
8963
8964
8967
8977
8978
8980
8981
8987
8988
8989
8990
8991
8992
8995
8996
8999
822
9009
9010
9012
9013
11563
9027
11564
11565
11566
11534
11567
11569
9059
9062
9065
9066
9068
9069
9071
9073
9074
9088
9089
9090
9091
9092
9093
9094
9106
9107
9111
9112
9113
9114
9115
9116
9118
9119
9120
9121
9122
9123
9124
11582
11583
11584
11585
11586
11587
11588
8474
11589
978
1010
1034
1060
1066
1223
9428
9429
9431
9432
9435
9436
9437
9438
9439
9446
9487
9495
9499
9519
9527
9531
9537
9538
9540
9544
8846
9549
9550
9551
9552
9553
9554
9555
9556
9557
9558
9559
9560
9561
9562
9563
9564
9567
9569
9570
9572
9576
9581
9582
9583
9584
9585
9586
9587
8849
9642
9643
9644
1463
1464
1465
1541
1573
1623
1624
1655
1656
1659
1664
1665
1670
8472
1674
1675
1677
1679
1696
1697
1702
1705
1706
1707
1709
1711
1730
1762
1776
1777
1778
10001
10002
1818
1825
1827
1828
1829
1831
1832
1833
1834
1836
1837
1839
1840
1842
1843
1846
1847
1850
1856
1860
1879
1882
1884
1887
1888
1892
1911
1914
1916
1919
1920
1922
1923
1924
1925
1926
1928
1929
1931
1932
10129
10131
10161
10163
10193
10195
10196
10197
10198
10199
10200
10201
10202
10225
10227
10229
10230
10231
10232
10233
10234
10240
10272
10310
10322
10324
10325
10326
10331
2164
2180
2183
2184
2185
2186
2187
2188
2190
2191
2197
10393
10394
10395
10397
10398
10399
10400
10401
10402
10403
10404
10405
10425
10426
10427
10429
10430
10431
10432
10433
10434
10437
10438
10439
10441
10442
10443
10444
11856
11871
11876
11886
10694
10703
10706
10707
10709
10710
10714
10716
10723
10724
10725
10726
10735
10738
10739
10741
10742
10746
10748
10307
10332
10333
10334
10335
10342
10354
10356
11136
11138
11139
10357
11141
11142
11143
11144
10358
11146
11147
11148
11149
11151
11152
11153
11154
11164
11168
11169
10363
11171
11172
11173
11174
10364
11176
11177
11178
11179
10365
11181
11182
11183
11184
10366
11186
10367
11197
10369
10370
11210
10371
11213
10372
10373
11222
11223
11224
11225
11227
11228
11242
11243
11245
11254
11255
11257
11258
11259
11260
11264
11265
11266
11267
11268
11269
11270
11271
11520
11846
11521
12019
11404
11405
11406
11407
11408
11409
11410
11411
11412
11496
11503
11504
11505
11506
3318
11508
11509
11511
11512
11513
11514
3331
3339
3340
3342
3343
3344
3347
3349
3350
3351
3352
3353
3358
3363
3371
3372
3374
3375
3376
3379
3381
3382
3383
3384
3385
3390
3392
3393
3394
3395
3396
3397
3398
3399
3400
3401
3402
3403
3404
3405
3406
3407
3408
3409
3410
3411
3412
3413
3414
3415
3416
3417
3418
3419
3420
3421
3422
3423
3424
3425
3426
3427
3428
3429
3430
3431
3432
3433
3434
3435
3436
3437
3438
3439
3440
3441
3442
3443
3444
3445
3446
3447
3448
3449
3450
3451
3452
3453
3454
3455
3456
3457
3461
3462
3463
3464
3465
3466
3468
3470
3471
3472
3473
3478
3480
3481
3482
3483
3486
3487
3488
3489
3490
3491
3492
3493
3494
3495
3496
3497
3498
3500
3502
3503
3504
3505
3510
3512
3513
3514
3515
3518
3519
3520
3523
3524
3525
3526
3528
3529
3533
3535
3537
3538
3540
3541
3542
3543
3544
3545
3546
3547
3548
3549
3550
3551
3552
3555
3556
3557
3558
3560
3561
3565
3567
3569
3570
3572
3573
3574
3575
3576
3577
3578
3579
3580
3581
3582
3583
3584
3585
3586
3587
3588
3589
3590
3591
3592
3593
3594
3595
3596
3597
3598
3599
3600
3601
3602
3603
3604
3605
3606
3607
3608
3609
3611
11816
11533
11844
11854
11858
11867
11868
11869
11870
11878
11888
11890
8878
11899
11900
11902
11903
8881
11912
11914
11919
8884
11923
11924
8887
11944
11951
11547
11956
11548
3807
3810
3813
3829
3832
3839
12027
12028
11550
12032
12033
12034
12035
12039
12040
12041
12042
12043
12044
12045
12046
12047
12050
11551
12078
12079
12082
11552
12112
12117
11553
12119
12120
12121
12122
12123
12124
12125
12126
12127
12144
12149
12152
12151
12153
12154
12155
12156
12157
12158
12159
12160
12163
12164
12166
12167
12169
12170
12173
12176
12177
12180
12184
12186
12187
12188
12189
12190
12191
12192
12198
12196
12195
12199
11570
11571
11901
11579
11580
11581
11591
11535
11592
11593
11594
11595
11596
11597
11598
11599
11600
11601
11602
11603
11604
11605
11606
11607
11608
11612
8475
11549
11615
11536
11616
11617
11618
11619
11620
11946
11621
13851
13852
13853
13854
13855
13856
13857
13862
13863
13868
13869
13870
11623
11624
11625
11626
11627
11628
11629
11955
11630
11631
9678
11632
11633
11634
9330
9331
11635
9334
9336
11636
9337
9340
11637
11638
9347
11639
9351
9352
9353
11640
11537
10014
11644
9379
9383
9384
9385
10018
11647
10019
9411
9414
9702
9703
9443
11515
11987
11538
11516
11669
11995
11532
11996
11517
11140
11145
11150
11518
11165
11170
11175
11180
11185
11519
11196
9761
11211
8478
11226
9762
11539
11256
8852
9645
9646
9647
11701
7667
7668
7669
7670
7671
7672
7673
7674
7675
7676
7677
7678
7680
7683
7687
7689
7691
7697
7703
7698
7704
7705
7706
7711
7710
7712
7715
7719
7721
7723
7730
7735
7737
7738
7739
7742
7743
9685
7778
7779
7782
7783
7784
7785
7786
7787
7788
7789
7790
7791
7792
7793
7794
7880
7881
7889
7912
7913
7921
7928
7931
7932
7934
7935
7936
7939
7941
7944
3458
3459
7947
7948
7968
7971
7973
7976
7979
3460
3467
3469
3474
3475
3476
3477
3479
3484
3485
3499
3501
3506
3507
3508
3509
3511
3516
3517
7980
8001
8003
8010
8013
3521
3522
3527
3530
3531
3532
3534
3536
3539
3553
3554
3559
8014
8021
8022
8023
8024
8025
8026
8028
8029
8030
8031
8033
8035
8042
8045
8046
8053
8054
8055
8056
8057
8058
8059
8060
8061
8062
8063
8067
8069
8073
8078
8080
8081
8082
8093
8094
8099
8101
8105
8110
8112
8113
8114
8125
8126
8128
8130
8131
8136
8138
8140
8141
8142
8143
8144
3562
3563
3564
3566
3568
3571
8146
8147
8148
8150
8151
8156
8160
8162
8163
8167
8168
8170
8172
8173
8174
8175
8176
8178
8179
8180
8182
8183
8188
4754
4786
4789
4791
4792
4799
4800
4801
4804
1253
1258
1259
1260
1263
1264
1289
1290
1298
1300
1301
1321
1322
1330
1332
1333
1334
1335
1336
1337
1338
1340
1341
1342
1346
1347
1350
1351
1352
1354
1355
1356
1357
1358
1359
1360
1361
1362
1363
1364
1365
1366
1367
1369
1370
1371
1372
1373
1374
1377
1378
1379
1381
1382
1383
1384
1386
1387
1388
1389
1390
1391
1392
1393
1394
1395
1396
1397
1398
1399
1401
1402
1403
1404
1405
1406
1409
1412
1413
1419
1420
1421
1441
1444
1445
1451
1452
4951
4952
4955
4960
4963
4965
4967
4968
4983
4984
4987
5004
5036
5158
5160
5161
5164
5165
5169
5170
5172
5173
5176
5177
5178
5179
5182
5185
5186
5187
5191
5193
5194
5195
5196
5197
5317
5319
5320
5321
5322
5323
5328
5329
5330
5331
5332
5333
5334
5335
5336
5337
5338
5340
5341
5344
5347
5348
5349
5351
5352
5353
5354
5355
5363
5364
5365
5366
5367
5368
5369
5370
5372
5373
5376
5401
5402
5403
5404
5407
5408
13890
13891
13892
13894
13895
13896
13898
13901
13902
13903
13904
13905
13908
13909
13910
13911
13912
13913
13914
13915
13916
13917
13918
13919
13921
13922
13923
13924
13926
13927
13930
13933
13937
13940
13941
13942
13943
13944
13945
13946
13947
13948
13949
13950
13951
13952
13953
13956
13957
13958
13959
13960
13961
13962
13963
13966
13967
13972
13973
13976
13984
13985
13988
13989
13990
13991
13992
13993
13994
13995
13998
13999
14004
14005
14008
14016
14017
14019
14022
14029
14048
14049
14051
14054
14061
14099
14110
14142
14145
14153
14154
14157
14158
14159
14160
14163
14165
14161
14169
14172
14173
14174
14191
14192
14195
14197
14193
14201
14204
14205
14206
14207
14208
14210
14211
14212
14213
14214
14215
14224
14227
14233
14235
14236
14237
14238
14239
14240
14242
14243
14244
14245
14246
14247
14256
14259
14265
14267
14268
14269
14270
14271
6290
6292
6293
6294
6295
6297
6298
6300
6302
6303
6312
6313
6314
6315
6316
6318
6319
6322
6324
6325
6326
6327
6329
6330
6332
6334
6335
6336
6337
6338
6339
6345
6346
6351
6352
6353
6354
6355
6356
6357
6358
6361
6362
6364
6368
6369
6370
6371
6377
6378
6383
6384
6385
6386
6387
6388
6389
6390
6393
6394
6396
6401
6403
6405
6406
6407
6408
6409
6410
6411
6413
6417
6419
6420
6421
6422
6423
6424
6427
6428
6429
6430
6433
6435
6437
6438
6439
6440
6441
6442
6443
6445
6449
6451
6452
6453
6454
6455
6456
6459
6460
6461
6462
6473
6476
6478
6479
6480
6481
6482
6483
6484
6485
14739
14741
14743
14744
14751
14752
14753
14754
14755
14756
14758
14759
14760
14761
14765
14771
14773
14775
14776
14783
14785
14786
14787
14788
14789
14791
14793
14794
14795
14806
14808
14809
14810
14811
14812
14813
14814
14815
14817
14818
14819
14820
14821
14823
14825
14827
14838
14840
14841
14842
14843
14845
14844
14846
14847
14852
14853
14862
14865
14870
14871
14884
14885
14894
14897
14903
14902
14923
14927
14928
14930
14936
14938
14939
1261
1265
1266
14937
14940
14941
1293
1325
1345
14955
1349
14959
14960
14962
14968
14969
14970
14971
14972
15039
15042
15047
15051
15062
15067
15068
15070
15071
15079
15083
15091
15094
15099
15100
15102
15103
15104
13889
15105
15108
15106
15107
15129
15130
15135
15136
15137
15138
15139
15140
15144
15148
15149
15150
15151
15152
15153
15156
15161
15162
15167
15202
15203
15204
15205
15233
15249
6344
6347
6348
6349
6350
6363
6365
6366
6367
6376
6379
6380
6381
6382
6395
6397
6398
6399
15264
15263
15265
15266
6418
6431
6450
6463
6464
6465
6466
6477
14784
14796
14797
14798
14799
14807
14816
14826
14828
14829
14830
14831
14839
14851
14873
14883
14905
14921
14953
15112
15134
15166
15281
9652
9667
9668
9672
11289
11321
11335
11353
11367
11385
11394
11395
11426
11427
12201
12204
12205
12219
12221
12224
12227
12228
12230
12231
12232
12234
12235
12236
12239
12240
12248
12249
12252
12253
12255
12256
12259
12260
12262
12263
12264
12266
12267
12268
12271
12272
12280
12281
12284
12285
12287
12288
12289
12294
12300
12301
12304
12313
9837
9981
9983
9989
9992
10456
10457
10486
10487
10488
10489
10514
10522
10523
10524
10525
10527
10546
10554
10555
10556
10557
10559
10560
10563
10564
10566
10568
10569
10570
10571
10572
10573
10574
10575
10576
10588
10592
10595
10596
10598
10600
10601
10602
10603
10604
10605
10606
10607
10608
10620
10625
10628
10634
10657
10660
10666
9805
9951
9666
9673
9666
9673
9669
11295
11327
11341
11373
9669
9980
10567
10582
10599
10614
217
218
219
220
223
865
892
903
914
921
4718
4755
4756
4763
4765
4766
4768
4769
4793
4794
4816
12315
12216
5820
5821
5822
5823
5824
5826
5832
5841
5843
5853
5856
5858
5864
5875
5885
5889
5892
5893
5894
5895
5896
5897
5898
5899
5900
5901
5915
5918
5921
5924
5925
5926
5927
5928
5929
5930
5931
5932
5933
5947
5950
5965
5969
5973
6034
6036
6046
6047
6048
6066
6068
6078
6079
6109
6110
6111
6141
6142
6143
2909
2941
2951
2954
2957
2960
2961
2964
2965
2966
2967
2968
2969
2973
2974
2975
2999
3000
3001
3005
3006
3007
5835
5867
5873
5910
5914
5942
5946
5163
5166
5167
5175
5180
5183
5184
5202
5209
5211
5212
5213
5216
5217
5218
5219
5223
5224
5225
5226
5227
5228
5229
5230
5234
5241
5243
5244
5245
5242
5316
5360
5361
5362
5388
5406
5420
275
278
281
284
285
307
310
313
316
317
319
320
321
322
323
326
327
328
330
334
335
337
338
339
340
349
352
354
358
359
362
364
367
369
370
371
372
381
389
397
403
406
2395
2398
2399
2427
2430
2431
2432
2435
2436
2443
2444
2446
2447
2448
2449
2450
2451
2454
2455
2456
2458
2459
2460
2461
2462
2463
2464
2612
2613
2618
2619
3317
3320
3321
3332
3346
3359
3364
3378
3391
3614
3631
3633
3635
3639
3657
3658
3659
3662
3663
3677
3679
3683
3684
3685
3686
3689
3690
3691
3694
3695
3709
3711
3712
3714
3715
3716
3717
3720
3721
3723
3724
3727
3738
3741
3742
3744
3746
3747
3748
3749
3752
3753
3755
3756
3759
3770
3773
3774
3777
5198
5203
5210
5221
5235
5267
5268
5271
5272
5273
5274
5277
5299
5300
5303
5304
2445
3678
3710
3713
3722
3725
3726
3728
3729
3730
3731
3732
3733
3734
3735
3736
3737
3739
3745
3754
3757
3758
3760
3761
3762
3763
3764
3765
3766
3767
3768
3769
3771
3779
3780
3781
3782
3783
3784
3785
4805
4809
4812
4889
4912
4915
4921
4928
4929
4932
4933
3786
3787
5015
5018
5019
5020
5021
5047
5050
5051
5052
5053
5054
5064
5067
5068
5055
5065
5071
5072
5074
5075
5076
5077
5078
5079
5080
5081
5082
5083
5084
5085
5086
5103
5104
5106
5107
5108
5109
5110
5111
5112
5113
5114
5115
5116
5117
5118
5119
5120
5121
5123
5124
5125
5142
5143
5144
5145
5146
5147
5148
5150
5151
5152
5153
5155
5156
5157
5168
5171
5174
5324
5339
5356
5371
5377
5378
5379
5380
5381
5382
5383
5384
5409
5410
5411
5412
5413
5414
5415
5416
13882
13887
13893
13900
13925
13934
13935
13936
13955
14020
14021
14023
14024
14027
14028
14030
14033
14036
14043
14052
14053
14055
14056
14059
14060
14062
14065
14068
14075
14098
14100
14102
14103
14106
14107
14108
14129
14130
14131
14132
14134
14135
14138
14139
14140
14144
14146
14147
14148
14149
14150
14151
14152
14166
14167
14168
14170
14171
14198
14199
14200
14202
14203
15228
15229
15230
15231
15232
15235
15236
15238
5045
13888
13920
13928
13932
14097
15243
15244
15246
15247
15254
15257
15258
15260
15261
15267
15268
15270
15275
15276
15278
15279
5201
5204
5205
5206
5207
5208
5214
5405
3072
3073
3084
3090
3093
3104
3105
3116
3122
3125
3138
3139
3142
3148
3164
3170
3171
3174
3180
12672
12673
12760
12766
12790
12791
12792
12798
12806
12808
12815
12816
1645
2181
2182
3963
3964
3965
3967
3968
3974
3977
3978
4006
4009
4010
4017
4018
4038
4044
4045
4046
4047
4050
4053
4054
4057
4058
4061
4070
4076
4077
4078
4079
4082
4083
4084
4085
4086
4089
4090
4091
4092
4093
4106
4107
4109
4110
4111
4112
4113
4114
4115
4117
4120
4123
4124
4126
4127
4146
4147
4149
4152
4155
4156
4158
4159
4160
4161
4162
4163
4164
4165
4166
4167
4168
4169
4170
4171
4172
4173
4174
4175
4176
4177
4178
4179
4180
4181
4182
4183
4184
4185
4186
4187
4188
4189
4190
4192
4193
4194
4195
4196
4197
4198
4199
4200
4201
4202
4203
4204
4205
4206
4207
4208
4209
4210
4211
4212
4213
4214
4215
4216
4217
4218
4219
4220
4221
4222
4225
4226
4227
4228
4231
4234
4235
4236
4237
4238
4239
4240
4241
4242
4286
9216
9248
9728
9729
9730
2211
2262
2265
2266
2268
2294
2296
2297
2298
2299
2309
2311
2312
2316
2317
2327
2328
2329
2341
2343
2344
2348
2349
2359
2360
2361
4042
2393
4048
4049
4051
4052
4059
4060
4062
4063
4074
4080
4081
4094
4095
4096
4097
4104
4128
4129
2310
2313
2314
2315
2330
2331
2332
2333
2342
2345
2346
2347
2362
2363
2364
2365
9827
9852
8662
8663
8667
8668
8671
8672
8685
8694
8695
8699
8700
8703
8705
8731
8732
8737
9125
9126
9145
9152
9154
9820
9825
9984
9985
9988
11470
11471
11473
11477
11478
11479
11480
11481
11482
9801
9807
9173
9181
9182
9183
9184
9186
9205
9213
9214
9215
9236
9268
9294
9306
9326
9713
9833
9839
9714
9715
9716
9717
9718
9719
9720
9721
9723
9724
9726
9727
9708
9709
9711
9712
9969
11465
11466
11467
11468
11469
11475
9217
9218
9220
9230
9231
9232
9233
9249
9250
9252
9262
9263
9264
9265
12615
12619
12614
12625
12639
12643
12644
12645
12646
12647
12651
12657
14272
14273
14736
14737
14738
14740
14768
14769
14770
14772
14848
14849
14850
14854
14855
14858
14859
14874
14875
14876
14877
14880
14881
14882
14886
14887
14890
14891
14906
14907
14908
14909
15040
15045
15046
15048
15049
15050
15052
15055
15061
15069
15077
15078
15080
15081
15082
15084
15087
15088
15093
15101
15127
15128
15131
15132
15133
15159
15160
15163
15164
15165
3153
3155
3156
3157
3158
3159
3161
3162
3182
3196
12823
12824
12611
12612
12613
12627
12628
12629
12630
12633
12634
12637
12638
2244
2246
2247
2248
2249
2250
2275
2276
2278
2279
2282
2284
2280
2286
2281
2285
2287
2288
2289
2290
2291
2292
2293
2295
2200
2301
2302
2259
2318
2319
2320
2321
2322
2323
2324
2325
2326
2334
2335
2350
2351
2352
2353
2354
2355
2356
2357
2358
2231
2366
2367
2368
2369
2370
2371
2372
2373
2375
2376
2377
2378
2379
2380
2381
2382
2383
2384
2385
2386
2387
2388
2389
2390
2391
2392
2201
2264
2229
2230
2237
2198
2202
2203
2204
2205
2232
2206
2207
2208
2209
2210
2233
2213
2214
3150
3160
2215
2234
2216
2217
2218
2219
2220
2235
2221
2238
2223
2224
2225
2236
2226
2227
2228
2239
2283
2273
2300
2251
2241
2199
2252
2253
2274
2254
2255
2256
2242
2257
2258
2272
2263
2260
2267
2269
2261
2243
2270
2240
9298
9299
9302
9303
9304
9305
9308
9310
9311
9312
9313
9314
9315
9324
2245
2277
12818
12819
12820
12821
12825
12830
12817
12822
12831
12833
12836
5750
5757
5758
5759
5761
5762
5764
5765
5766
5767
5768
5769
5770
5771
5772
5773
5774
5775
5778
5780
5782
5784
5785
5786
5787
5788
5789
5790
5791
5792
5793
5794
5795
5796
5797
5798
5799
5800
5801
5802
5803
5804
5805
5806
5807
5810
5812
5813
5814
5815
5816
5817
5818
5819
5825
5828
5857
5860
5909
5912
5919
5941
5944
5951
5952
5953
5954
5955
5957
5958
5959
5960
5961
5962
5963
5964
5967
5970
5971
5976
5978
5979
5980
5981
5982
5983
5984
5985
5986
5987
5989
5990
5991
5992
5993
5994
5995
5996
5997
5998
5999
6000
6001
6002
6003
6004
6005
6006
6007
6008
6009
6010
6011
6012
6013
6014
6015
6016
6017
6018
6019
6020
6021
6022
6024
6025
6026
6027
6028
6049
13880
13881
13883
13884
13964
13965
13968
13969
13970
13971
13974
13975
13977
13978
13979
13980
13982
13983
13987
13996
13997
14000
14001
14002
14003
14006
14007
14009
14010
14011
14012
14014
14015
14018
14026
14031
14034
14035
14047
14050
14058
14063
14066
14067
14079
14083
14101
14115
14133
14218
14220
14223
14229
14230
14250
14252
14255
14261
14262
14276
14277
14278
14282
14283
14284
14285
14286
14287
14294
14295
14296
14297
14298
14299
14300
14301
14302
14303
14308
14309
14310
14312
14314
14315
14316
14317
14318
14319
14326
14327
14328
14329
14330
14331
14332
14333
14334
14335
14336
14337
14338
14339
14340
14341
14342
14343
14344
14345
14348
14349
14351
14346
14347
14350
14354
14355
14357
14358
14359
14360
14361
14362
14363
14364
14366
14368
14369
14370
14371
14372
14373
14374
14375
14376
14380
14381
14379
14378
14377
14383
14386
14387
14382
14389
14390
14391
14392
14393
14394
14395
14396
14398
14401
14402
14403
14404
14405
14406
14407
14408
14409
14410
14411
14412
14413
14414
14415
14416
14417
14418
14420
14421
14422
14423
14424
14425
14427
14428
14429
14430
14431
14433
14434
14435
14436
14437
14438
14439
14440
14441
14442
14443
14444
14445
14446
14447
14448
14449
14450
14452
14453
14454
14455
14456
14457
14459
14460
14461
14462
14463
14464
14465
14466
14467
14468
14469
14470
14471
14473
14475
14476
14477
14479
14480
14481
14482
14484
14485
14486
14488
14489
14490
14493
14496
14497
14498
14499
14500
14501
14502
14533
14535
14536
14537
14539
14540
14541
14542
14543
14544
14545
14546
14547
14548
14549
14550
14551
14552
14553
14554
14556
14558
14559
14565
14567
14568
14569
14571
14572
14573
14574
14575
14576
14577
14578
14579
14580
14581
14582
14583
14584
14585
14586
14588
14590
14591
14594
14595
14596
14608
14609
14610
14611
14612
14613
14614
14617
14618
14619
14620
14623
14626
14627
14628
14742
14750
14764
14766
14774
14782
14792
14790
14824
14822
14856
14860
14867
14888
14892
14899
14912
14913
14917
14918
14920
14922
14924
14925
14926
14929
14931
14932
14933
14934
14935
14942
14943
14944
14945
14949
14950
14952
14954
14956
14957
14958
14961
14963
14964
14965
14966
14967
14973
14974
14975
14978
14979
14980
14983
14984
14985
14986
14987
14988
14989
14992
14993
14995
14996
15001
15003
15004
15005
15007
15010
15011
15012
15015
15016
15017
15018
15019
15020
15021
15024
15025
15027
15028
15035
15036
15037
15054
15063
15064
15065
15066
15086
15095
15096
15097
15098
15109
15110
15114
15115
15141
15142
15146
15147
15251
15256
12832
12834
12835
5756
5760
5763
14280
14976
14977
15002
15008
15009
11444
11472
11474
11476
11484
9990
11485
11486
9665
9664
13807
13808
13830
13831
13710
2944
2976
13742
13773
13802
13803
13804
13805
13806
13809
303
12316
12320
12321
12555
12557
12561
12562
12587
12589
12593
12594
214
286
287
3652
3718
3719
3750
3751
3660
3692
3740
3772
944
12212
12220
12222
12223
9597
9598
9596
1821
205
206
207
208
210
215
216
4787
4788
4790
4802
4803
4834
4865
4869
4890
4891
4892
4894
4897
4901
4903
4906
4908
4909
4913
4916
4917
4918
4919
4922
4923
4924
4926
4931
4934
4935
13330
13331
13332
13333
13334
13335
13336
13337
13338
13339
13340
13343
13344
13346
13347
13348
13349
13350
13351
13352
13353
13354
13355
13356
13357
13358
13359
13360
13361
13362
13363
13364
13365
13366
13367
13368
13369
13370
13371
3653
10097
10095
9836
10108
9841
10109
9842
10110
9853
10114
10115
10116
10102
9958
9455
9457
9459
9460
9464
9465
9467
9468
9469
9470
10047
10048
10049
10050
10051
10052
10053
10056
10057
9810
10100
9933
9965
9977
9978
9979
9982
9986
9987
9991
9993
9994
9995
10126
10098
10112
10099
10119
9894
10120
9897
9898
9901
10121
9903
9904
9905
10122
9907
9908
10123
9926
10101
9804
9950
9809
10103
10074
10075
10076
10010
10011
10012
10079
10022
10080
10023
10024
10025
10026
10027
10081
10028
10029
9821
10030
10105
10031
9456
10032
10082
9461
9466
10034
9471
10035
10036
10042
10084
10086
10087
10044
10045
10046
10043
10085
10093
10058
3654
10059
10060
10061
10062
10088
10063
10064
10065
10066
10067
10089
10068
10069
10070
10071
10090
10073
10077
10091
10078
10092
10094
10083
10107
833
4733
4734
4735
4737
4686
4739
4740
4741
4742
4743
4745
4746
4750
4749
4744
4747
4752
4771
4772
4773
4774
4775
4776
4777
4778
4781
4782
4779
12610
12616
12617
12618
12622
12623
12626
12631
12632
12635
12636
12640
12642
12648
12649
12650
12654
12655
10111
10054
10055
10106
10111
10096
10113
9939
10096
9458
9474
10054
10055
10106
9937
9971
10005
10104
10006
10007
10008
10009
10037
10038
10039
10040
10041
10072
10661
14675
14725
14563
12609
12641
14710
14700
9458
14025
14046
14057
14072
14078
14085
14086
14089
14090
14094
14096
14105
14117
14118
14121
14122
14126
14128
14137
14226
14258
14419
14426
14451
14458
14531
14532
14560
14561
14562
14564
14592
14616
14621
14622
14624
14643
14644
14645
14648
14653
14654
14655
14656
14658
14659
14660
14661
14662
14663
14664
14665
14666
14667
14668
14669
14670
14671
14672
14673
14674
14676
14677
14678
14679
14680
14681
14682
14683
14684
14685
14687
14688
14690
14691
14692
14693
14694
14695
14696
14697
14698
14699
14701
14702
14703
14704
14705
14706
14707
14708
14709
14711
14712
14713
14714
14715
14716
14717
14719
14720
14721
14722
14723
14724
14726
14727
14728
14729
14732
14733
14734
14735
14757
14767
15006
15038
10104
10072
14432
10629
14472
14593
14625
7748
12881
12882
12883
12884
12888
12892
12893
12894
12895
12896
12897
12898
12899
12900
12901
12904
12905
12906
12908
12910
12911
12912
12913
12914
12915
12916
12925
12926
12927
12928
12929
12930
12932
12933
12934
12935
12936
12937
12938
12939
12940
12941
12942
12943
12944
12950
12951
12953
12954
12955
12956
12960
12961
12962
12964
12965
12966
12967
12968
12969
12970
12971
12972
12973
12974
12975
12976
12982
12983
12985
12986
12987
12988
12993
12994
12995
12996
12999
13000
13001
13002
13003
13004
13005
13006
13007
13008
13010
13011
13013
13014
13016
13017
13018
13019
13022
13023
13025
13026
13027
13028
13031
13032
13033
13034
13035
13036
13037
13038
13039
13040
13042
13043
13045
13046
13048
13049
13050
13051
13054
13055
13056
13057
13058
13059
13060
13061
13062
13063
13064
13066
13068
13069
13070
13071
13072
13073
13074
13075
13076
13077
13079
13080
13081
13082
13084
13086
13087
13088
13089
13090
13091
13092
13093
13094
13095
13096
13098
13100
13101
13102
13103
13104
13105
13106
13107
13122
13123
13124
13125
13126
13127
13128
13129
13130
13132
13133
13134
13135
13136
13137
13138
13139
13140
13141
13142
13143
13144
13146
13147
13148
13149
13150
13151
13152
13153
13154
13155
13156
13157
13158
13159
13160
13161
13162
13164
13165
13166
13167
13168
13169
13170
13171
13172
13173
13174
13175
13176
13178
13179
13180
13181
13182
13183
13185
13186
13187
13188
13190
13191
13192
13193
13194
13195
13196
13197
13198
13199
13200
13201
13203
13205
13207
13210
13211
13214
13217
13218
13219
13220
13222
13223
13224
13225
13226
13227
13228
13229
13230
13231
13232
13233
13235
13237
13239
13242
13243
13246
13248
13290
13291
13292
13293
13294
13301
13302
13303
13304
13307
13308
13311
11329
11361
14400
12880
12957
12958
12959
12989
12990
12991
12992
13024
13145
13177
13184
13204
13208
13209
13212
13213
13216
13236
13240
13241
13244
13245
8506
8507
8509
8512
8513
8517
8518
8519
8524
8525
8526
8530
8531
8532
8533
8534
8535
8542
8544
8545
8549
8550
8556
8557
8558
8562
8563
8564
8565
8566
8567
8574
8580
8612
9710
4814
4893
4925
4937
4941
3795
3796
3797
3798
3799
3800
3801
3802
3803
1791
1793
1792
1794
1796
1797
1800
1795
1799
1803
1802
1812
2423
4032
4033
4034
4036
4037
4039
4064
4065
4066
4071
4068
4069
1798
1806
35
4863
1801
1805
1807
1809
1810
1811
1814
209
844
846
951
4523
4524
4525
4526
4527
4528
4529
4530
4531
4532
4533
4534
4535
4536
4537
4538
4539
4540
4541
4542
4543
4680
6223
6225
4520
7658
7661
7664
7665
7666
8693
9146
8661
12064
12065
12066
12067
9281
9292
12674
12677
12678
12680
12681
12682
12685
12686
12701
12702
12703
12704
12705
12706
12709
12710
12712
12713
12730
12731
12733
12734
12735
12737
12740
12745
12746
12747
12748
12749
12750
12751
12753
12754
12755
12756
12757
12758
12759
12769
12772
12787
12743
12744
12739
12741
14538
14555
14557
14587
14589
14762
12736
12742
12743
12744
14570
4043
4075
12736
12739
12741
12742
4027
4030
3776
3778
3788
5434
5435
5436
5438
5439
5440
5441
5442
5443
5444
5445
5446
5447
5448
5449
5456
5457
5458
5459
5460
5461
5462
5463
5464
5465
5466
5467
5468
5469
5471
5472
5473
5474
5475
5476
5477
5480
5479
5478
5481
5509
5510
5513
5514
5517
5519
5521
5522
5523
5524
5531
5534
5541
5542
5545
5546
5549
5551
5553
5554
5555
5556
5563
5566
5572
5573
5575
5576
5636
5637
5639
5640
5641
5642
5643
5645
5646
5647
5648
5650
5649
5652
5653
5654
5655
5658
5659
5668
5669
5671
5672
5673
5674
5679
5680
5677
5678
5681
5682
5684
5685
5686
5687
5689
5690
5691
5696
5697
5698
5699
5702
5704
5709
5710
5712
5713
5714
5715
5721
5722
5723
5724
5725
5726
5727
5728
5729
5730
5731
5734
5736
5741
5742
5744
5745
5746
5747
9610
9611
9620
14040
14045
14077
14080
14081
14082
14084
14087
14088
14091
14092
14095
14109
14111
14112
14113
14114
14116
14119
14120
14123
14124
14127
14141
14143
14217
14249
14503
14504
14507
14508
14509
14511
14512
14513
14514
14516
14517
14518
14520
14521
14522
14525
14528
14529
14530
14640
14641
14642
14646
14649
14650
14651
14652
15259
5421
5422
5423
5424
5425
5427
5428
5431
5433
5511
5516
5520
5527
5533
5535
5543
5548
5552
5559
5565
5567
14505
5251
5283
9674
5188
5222
9675
5220
5777
5809
15089
6093
3224
3235
3236
3237
3238
3239
3240
3241
3242
3243
3244
3245
3248
3249
3250
3252
3256
3257
3280
3281
3282
3283
3284
3285
3286
3287
3288
3305
6125
3312
3313
3314
3315
12837
3246
3247
3251
3253
3297
3300
4969
302
304
1959
1962
1965
1967
1968
1969
1970
1971
1972
1973
1974
1976
1978
1979
1980
1981
1982
1984
1985
1988
1989
1990
1991
2000
2001
2002
2003
2006
2007
2010
2013
2016
2017
2020
2021
2022
2023
2032
2033
2034
2035
2038
2039
3324
3325
1941
1947
1949
1946
1950
1956
1957
1960
1963
1966
1744
1746
1748
1751
1755
1756
1757
1759
1760
1758
1761
1745
1747
1749
1235
1236
1238
1239
1240
1243
1245
1246
1247
1248
1249
1250
1251
1252
1254
1256
1257
1267
1268
1270
1271
1272
1275
1277
1278
1279
1280
1281
1282
1285
1286
1287
1291
1292
1294
1295
1296
1297
1319
1323
1324
1326
1327
1328
1329
1344
1348
1368
1375
1376
1380
1400
1407
1408
1410
1411
1414
1415
1416
1417
1418
1423
1422
1426
1425
1424
1427
1428
1429
1430
1431
1432
1433
1434
1435
1436
1437
1438
1439
1440
1442
1443
1446
1447
1448
1449
1450
6291
6299
6301
6304
6305
6306
6310
6311
6323
6331
6333
6400
6402
1262
12319
12332
12339
12340
12348
12351
12354
12357
12358
12560
12573
12592
12601
12602
12605
2402
2403
2404
2406
2411
2415
12326
12552
12554
12564
12569
12570
12584
12586
12596
2407
6164
6196
6215
6247
721
730
731
732
734
753
762
763
764
766
768
770
771
780
781
782
785
786
787
788
789
790
800
802
803
812
813
814
817
818
819
820
821
5700
5701
5705
5718
5720
5732
5737
5733
5752
5754
5753
6023
9153
9185
10467
10471
10472
10649
10681
10693
11439
11440
11443
11437
5574
5716
9653
5717
5748
10468
10478
10479
10688
10689
10690
6051
6052
6053
6054
6055
6056
6102
6104
6105
6134
6136
6137
6671
6672
6673
6674
6675
6677
6678
6679
6680
6681
6683
6690
6691
6694
6697
6699
6700
6703
6704
6705
6706
6707
6708
6709
6710
6711
6712
6713
6715
6720
6725
6727
6740
6748
6752
6757
6759
6772
6780
6784
6787
6788
6796
6797
6799
6803
6804
6805
6810
6811
6812
6813
6814
6815
6816
6819
6820
6828
6829
6831
6835
6836
6837
6842
6843
6844
6845
6846
6847
6850
6851
6852
6853
6854
6856
6857
6858
6859
6860
6863
6865
6867
6868
6869
6870
6871
6872
6873
6874
6875
6876
6877
6878
6879
6882
6883
6884
6885
6886
6888
6889
6890
6891
6892
6895
6897
6899
6900
6901
6902
6903
6904
6905
6906
6907
6908
6909
6910
6911
6912
6913
6914
6917
6920
6921
6922
6924
6925
6926
6928
6930
6931
6932
6933
6934
6935
6936
6937
6938
6939
6940
6943
6944
6945
6946
6949
6952
6953
6954
6977
6978
6979
6980
6981
6982
6983
6984
6985
6986
6987
6989
6990
6991
6992
6993
6994
6995
6996
6997
6998
6999
7000
7001
7004
7005
7006
7008
7011
7012
7007
7013
7014
7015
7016
7017
7018
7019
7021
7022
7023
7024
7025
7026
7027
7028
7029
7030
7031
7032
7033
7036
7037
7038
7040
7041
7039
7043
7044
7045
7046
7047
7042
7048
7049
7050
7051
7052
7053
7054
7055
7056
7057
7058
7059
7062
7066
7068
7069
7071
7072
7073
7075
7076
7077
7078
7079
7074
7080
7081
7082
7083
7084
7085
7086
7087
7088
7089
7090
7091
7094
7098
7100
7101
7103
7109
7110
7112
7116
7117
7119
7125
7128
7129
7133
7134
7141
7142
7143
7144
7147
7148
7149
7150
7151
7157
7160
7161
7165
7166
7169
7170
7171
7173
7174
7175
7176
7177
7178
7179
7180
7181
7182
7183
7184
7185
7186
7187
7188
7189
7190
7191
7192
7199
7201
7202
7203
7204
7205
7206
7207
7208
7209
7210
7211
7212
7213
7214
7215
7216
7217
7218
7219
7220
7221
7222
7223
7224
7247
7249
7250
7251
7252
7253
7254
7255
7257
7258
7261
7262
7263
7264
7268
7270
7272
7274
7278
7279
7281
7282
7283
7284
7285
7286
7287
7289
7290
7293
7294
7295
7296
7297
7299
7300
7301
7302
7303
7304
7305
7306
7307
7310
7313
7314
7318
7321
7324
7325
7328
7329
7331
7332
7333
7334
7335
7336
7337
7338
7339
7342
7345
7346
7350
7353
7356
7357
7360
7361
7363
7364
7365
7372
7373
7374
7375
7376
7377
7378
7379
7380
7381
7382
7383
7384
7385
7386
7387
7388
7389
7390
7391
7392
7393
7395
7396
7397
7404
7405
7406
7407
7408
7409
7410
7411
7412
7413
7414
7415
7416
7417
7418
7419
7420
7483
7575
7576
7577
7578
7579
7580
7582
7608
7609
7610
7611
7612
7614
7617
7619
7623
7625
7646
7649
7651
7655
5014
5016
5017
5046
5048
5049
5056
5060
5057
5059
5058
5062
5061
5063
5342
5346
5374
6658
6659
6662
6665
6667
6668
6726
6758
7104
7105
7106
7107
7114
7115
7135
7136
7137
7138
7139
7146
7167
7168
7172
7200
7248
7256
7280
7288
7309
7322
7341
7354
7366
7367
7368
7369
7370
7398
7399
7400
7401
7402
7607
607
9017
9018
9671
9676
9677
845
3842
3846
3847
3849
3848
3850
3851
3853
3856
3855
3854
3852
3857
3858
3859
3860
3861
3862
3863
3864
3865
3867
3866
3868
3869
3870
3871
3873
3874
3876
3877
3878
3879
3880
3881
3882
3883
3884
3885
3887
3886
3888
3889
3891
3892
3890
3894
3893
3895
3896
3897
3898
3899
3900
3901
3902
3906
3905
3903
3918
3924
3937
3938
3950
3956
12548
12583
12595
12606
3843
13789
13821
13824
13825
12580
3872
3875
12541
12542
12547
12551
12563
12574
12579
9016
12344
12345
12343
12347
12353
12352
12333
12356
12336
12362
12380
12382
12385
12383
12388
12415
12412
12420
12417
12421
12425
12422
12426
12433
12430
12435
12428
12436
12437
12440
12442
12446
12452
12453
12456
12457
12458
12462
12461
12460
12466
12467
12468
12469
12474
12472
12476
12482
12478
12481
12486
12492
12497
12499
12502
12508
12509
12513
12514
12517
12518
12384
12394
12414
12496
12424
12429
12434
12444
12449
12454
12465
12485
12495
12500
12510
10458
10459
10460
10461
10462
10463
10464
10465
10466
10469
10470
10473
10474
10475
10490
10477
10491
10493
10492
10494
10495
10497
10496
10499
10500
10502
10516
10517
10519
10520
10518
10526
10530
10533
10531
10532
10534
10529
10528
10536
10537
10538
10540
10541
10542
10545
10547
10548
10549
10550
10551
10552
10558
10579
10580
10583
10611
10612
10615
10635
10636
10631
10637
10633
10643
10638
10639
10642
10644
10645
10646
10650
10667
10668
10663
10665
10669
10670
10671
10674
10675
10676
10677
10678
10682
10692
4796
4806
6651
6654
6655
6657
6663
6666
6670
6676
6682
6684
6685
6686
6689
6695
6698
6702
6687
6714
6716
6717
10504
6718
6719
6721
6722
6728
6729
6731
6730
6732
6733
6734
6735
6736
6739
6741
6737
6738
6742
6743
6744
6745
6747
6746
6749
6750
6751
6753
6754
6755
6760
6761
6762
6763
6765
6766
6767
6764
6768
6769
6771
6773
6774
6777
6775
6770
6778
6776
6779
6781
6782
6783
6785
6786
6790
6800
6817
6822
6818
6832
6848
6855
6849
6861
6862
6864
6866
6880
6881
6887
6894
6896
6898
6893
6927
6923
6941
6942
6955
6956
6957
6958
6959
6960
6962
6963
6964
6965
6968
6967
6966
6969
6970
6971
6972
6973
6974
6975
6976
7002
7003
7009
7010
7034
7035
7060
7061
7063
7064
7065
7092
7093
7096
7097
7108
7113
7118
7121
7095
7140
7145
7153
7231
7238
7237
7233
7236
7234
7243
7240
7235
7239
7242
7241
7244
7269
7245
10501
7260
7266
7259
7246
7265
7273
7267
7271
7275
7308
7276
7277
7292
7291
7298
7317
7315
7326
7312
7311
7330
7319
7320
7323
7340
7343
7347
7344
7359
7349
7351
7352
7355
7422
7358
7362
7423
7424
7394
7428
7429
7433
7426
7427
7440
7430
7441
7449
7446
7447
7452
7450
7453
7451
7454
7456
7460
7461
7459
7458
7455
7465
7462
10509
10498
10505
10506
10508
10510
10511
10512
10513
10515
10543
10544
10584
10616
10632
7481
7473
10651
10652
10653
10654
7478
10655
10664
7479
7485
7486
7484
7482
7492
7490
7491
7494
7489
7487
7488
7495
7493
7496
7499
7502
7497
7501
7500
7498
10683
10684
10685
7507
7505
7504
10686
10687
10691
7509
7510
7508
7512
7513
7503
7511
7514
7517
7522
7519
7515
7523
7524
7516
7526
7518
7521
7527
7520
7525
7529
7541
7528
7535
7530
7531
7534
7532
7533
7542
7539
7536
7537
7544
7545
7549
7543
7546
7548
7547
7555
7556
7550
7551
7561
7553
7560
7562
7552
7563
7554
7564
7557
7565
7567
7558
7559
7568
7566
7574
7570
7569
7571
7587
7588
7573
7585
7584
7592
7583
7593
7595
7594
7596
7597
7586
7589
7599
7591
7590
7598
7606
7600
7601
7602
7616
7605
7624
7615
7603
7618
7620
7621
7622
6669
6701
6723
6724
6756
7067
7070
7099
7102
7111
7648
7644
7650
7232
7316
7327
7652
7653
7654
7348
7371
7403
7421
7425
7431
7432
7434
7435
7436
7437
7438
7439
7442
7443
7444
7445
7448
7457
7463
7464
7466
7467
7468
7469
7470
7471
7472
7474
7475
7476
7477
7480
14221
7506
14222
14254
14253
14279
14289
14290
14291
14311
14313
14320
14321
14322
14323
14365
14397
14487
14491
7538
7540
14494
14495
14519
14523
14526
14527
7581
7613
14981
14982
14990
15013
15014
7626
7627
15022
7628
7629
7630
7631
15053
15056
15057
15058
15060
15085
15090
15092
7632
7633
7634
7635
7636
7637
15113
15116
15117
15118
7638
15119
15120
15121
15122
15124
15125
15126
15145
15154
15157
15158
7639
7640
7641
7642
7643
5215
5247
5253
5254
5256
5255
5257
5258
5262
5263
5264
5265
5269
5278
5285
5286
5287
5288
5289
5290
5294
5295
5296
5297
5301
7645
6652
6653
7156
7163
14281
14288
15059
5190
509
618
634
4303
12838
3616
3620
3619
3642
3626
3623
2972
3004
3008
3009
3014
3018
3021
3022
3023
3024
3040
3041
3046
3050
3053
3054
3055
3056
3151
3152
3154
3183
3184
3186
2452
2453
2467
2468
2580
2581
2586
2587
2588
2589
2590
2591
9036
9039
2482
6108
6106
6107
6138
6139
6140
2477
2886
2889
2890
2891
2892
2898
2918
2921
2922
2923
2924
2926
2927
2928
2929
2930
2931
2948
2953
2955
2949
2956
2958
2959
2962
2971
2963
2980
2981
2985
2986
2987
2988
2989
2990
2991
2992
2993
2994
2995
3003
3223
3227
3228
3229
3230
3231
3232
3233
3255
3258
3261
3259
3260
3262
3263
3264
3266
3267
3269
3270
3271
3272
3273
3274
3275
3276
3277
3278
3279
3289
3290
3291
3292
3293
3294
3295
3296
3298
3299
3301
3302
3303
3304
3306
3307
3308
3309
3310
3311
12438
12439
2483
12441
12470
12471
12473
2480
2486
3037
3038
3069
3070
3234
3265
3268
4138
4139
4142
4143
4141
4191
4223
4287
4145
4144
4136
12370
12376
12397
12398
12401
12402
12407
12408
12411
12423
12455
12507
12540
12369
12366
12355
12365
12375
12379
12386
12387
12389
12390
7659
7662
7663
9269
5644
5656
5688
5390
5396
5391
5430
3618
3622
3624
3627
3628
3651
3646
9472
9473
9478
9475
9476
9477
9479
9658
10117
10118
10124
14038
14041
14039
14037
14042
14069
14070
14071
14073
14074
14730
1673
5097
9603
9604
9605
9606
9607
9609
9612
9613
9614
9615
9616
9617
9618
9621
9622
9623
9624
9625
9608
9631
9633
9634
9635
9636
9637
9638
9639
9641
9649
9650
9654
9648
9640
9600
9599
9655
9656
9657
9627
9629
9626
9630
9632
9663
9800
9828
9659
9661
9662
9797
9796
9829
9832
9854
9855
9857
9862
9863
9867
9871
9872
9876
10521
10553
9592
416
417
418
419
422
423
427
432
431
430
433
426
437
436
596
641
9588
392
407
393
408
411
410
412
409
414
413
415
420
438
441
439
440
442
424
425
443
421
428
445
434
429
435
444
446
447
449
451
450
452
453
454
455
456
460
461
462
463
464
467
465
466
468
469
457
458
459
471
472
470
474
473
475
476
482
483
489
488
484
490
485
478
486
487
477
479
481
491
492
493
494
496
495
498
499
497
500
515
501
513
520
517
502
514
511
503
521
504
516
507
505
506
508
510
524
526
538
539
528
525
541
543
529
530
544
550
551
554
547
531
532
535
533
536
537
540
555
542
545
546
548
549
552
570
571
575
9589
573
576
553
556
560
558
557
562
561
563
564
568
565
567
569
572
574
578
579
580
584
583
582
581
587
593
594
585
586
588
590
591
592
608
598
597
599
600
603
602
604
601
610
605
611
613
622
623
625
628
624
614
612
617
616
615
619
620
626
638
640
642
645
646
643
644
647
629
630
631
632
635
633
636
637
639
1752
1754
1945
1951
1784
1787
1782
1786
1750
1783
1753
1790
1977
1983
1813
1781
1986
1987
1808
1992
1993
1994
1996
1997
1998
1999
2004
2005
2009
2011
2014
2015
2018
1788
2019
2024
1785
1804
1789
2025
2026
2028
1815
2029
2030
2031
2036
2037
1955
1954
2041
2042
2043
2045
2046
2047
1995
2054
2058
2059
2073
2072
2012
2008
2086
2090
2091
2048
2050
2049
2051
2052
2057
2066
2027
2040
2044
2067
2064
2104
2105
2079
2080
2081
2077
2083
2084
2082
2089
2115
2096
2114
2099
2098
2116
2119
2118
2109
2112
2111
2113
2412
4288
4291
4308
4292
4289
4290
4296
4295
4311
4312
4315
4293
4310
4294
4298
4297
4299
4304
4300
4320
4323
4301
4319
4321
4302
4322
4309
4324
4313
4314
4316
4317
4318
4328
4327
4330
4343
4344
4329
4331
4326
4340
4342
4325
4332
4347
4334
4333
4336
4335
4337
4351
4341
4345
4346
4348
4349
4350
4352
4353
4355
4356
4354
4363
9590
4364
4366
4365
4367
4369
4371
4372
4374
4370
4376
4375
4377
4378
4379
4380
4383
4373
4382
4384
4385
4386
4387
4388
4395
4399
4398
4397
4396
4401
4402
4403
4404
4406
4405
4407
4409
4410
4411
4412
4414
4415
4408
4422
4416
4426
4427
4436
4439
4442
4443
4488
4445
4448
4458
4459
4484
4486
4507
4487
4489
4491
4490
4493
4492
4494
4495
4497
4496
4498
4499
4500
4501
4505
4502
4509
4506
4508
4504
4503
4516
4519
4569
4558
4601
9591
9593
9594
9595
9601
9602
5199
5200
5231
5232
5238
5233
5237
5239
5246
5248
5249
5250
5252
5260
5259
5261
5270
5313
5280
5266
5279
5284
5282
5281
5291
5292
5293
5302
5298
5310
5312
5311
5315
5325
5357
5397
5399
5400
5779
5755
5275
5811
5956
5988
5307
6041
6043
6042
6044
6073
6074
6076
6075
6082
6080
6083
6081
6084
6088
6090
6092
6094
6095
6098
6097
6096
6099
6100
6101
6113
6115
6112
6114
6116
5276
6119
6120
6122
6124
6258
6126
6129
6127
6128
6259
6130
6131
6132
6133
6224
6255
6257
5308
6256
6266
6267
6269
6262
6253
6265
6254
6260
6489
6261
6264
6263
6492
6493
6268
6271
6270
6287
6274
6276
6275
6277
6279
6280
6281
6278
6283
6282
6284
6285
6521
6286
6525
6524
6490
6495
6496
6499
6500
6522
6527
7749
7763
7765
7766
7764
7767
7768
7771
7772
7770
7773
7769
7775
7746
7750
7747
7751
7752
7753
7754
7755
7757
7761
7759
7758
7762
7760
7776
7777
8719
8723
8724
8727
8722
8730
9235
9856
9861
9859
9858
9864
9870
9868
9873
9874
9875
11273
11302
11301
11305
11436
11350
11357
11358
11346
11378
11382
11389
11390
11403
11435
12071
11441
12075
12076
12077
12074
12073
12202
12312
12311
12308
12447
12443
12487
12475
12483
12479
12489
12484
12488
12493
12494
12491
12490
12503
12504
12498
12501
12519
12506
12516
12515
12520
12523
12521
12524
12525
12522
12526
12527
12528
12529
12530
12532
12531
12534
12533
12535
12536
12538
2412
512
14506
606
4306
4338
4357
4358
4359
4360
4361
4362
4389
4390
4391
4392
4393
4394
4480
4481
4482
4483
4485
4510
4511
4512
4513
4514
4515
5305
5306
5309
6176
11275
7774
11272
11274
11275
11277
11296
4736
4738
4751
4770
4783
4784
11298
11299
11300
11304
11306
11307
11309
11438
11442
11464
11483
12072
12218
5236
5240
744
2408
9628
10562
10565
10561
10577
10578
10581
10585
10586
10587
10589
10590
10591
10593
10594
10597
10609
10610
10613
10617
10618
10619
10621
10622
10623
10626
10627
10630
10658
10659
10662
12432
12464
10503
10507
10535
10539
10647
10648
10679
10680
14801
14802
14803
14804
14805
14833
14834
14835
14836
14837
15208
15207
15211
15215
15219
15225
15226
15227
1958
1964
5776
6045
6077
6497
6498
6792
6793
6794
6791
6789
6795
6821
6823
6824
6826
6827
6825
7656
7657
5634
5633
5661
5635
5662
5664
5665
5660
5663
5670
5666
5693
5692
5675
5667
5694
5695
5657
3661
3664
3665
3666
3667
3668
3669
3670
3671
3672
3673
3674
3675
3676
3680
3693
3696
3697
3699
3701
3698
3707
3700
3704
3702
3705
3703
3708
3706
12661
12690
12698
12699
12707
12711
12679
12662
12665
12708
12660
12676
12718
12666
12717
12658
12689
12684
12659
12675
12664
12688
12714
12683
12715
12691
12669
12663
12716
12696
12695
12692
12694
12693
12700
12697
12720
12721
12722
12723
12724
12725
12726
12727
12728
12729
12732
12752
12784
12324
5066
5087
5070
5091
5069
5089
5088
5093
5090
5101
5094
5095
5098
5100
5102
5099
5127
5128
5133
5126
5130
5105
5132
5136
5073
5137
5129
5134
5138
5139
5141
5162
5131
5135
5140
4753
4780
4748
3648
3615
3613
3612
3630
3629
3640
3617
3645
3656
3625
3644
3655
3647
3650
3638
3682
3688
3687
3634
3643
3641
3775
3743
211
213
240
262
265
862
950
954
12828
4943
12829
6343
14304
14305
6360
6392
6375
257
258
264
12811
828
829
953
12537
3636
3632
13312
13313
13317
13314
13318
13319
13315
13316
13320
13322
13321
13325
13326
13324
13323
13327
13328
13329
12738
12770
9021
13505
13543
13514
13548
13546
9025
13531
13522
13513
13544
13535
13529
9019
13530
13504
9024
13538
13551
9026
9020
13517
13536
13509
13541
13572
13569
13584
130
4646
4668
4666
9957
9892
9925
2561
2564
2493
2479
2490
2492
2495
2559
2557
2562
2565
2558
2476
2568
2567
2563
2560
2566
2569
13836
4676
4673
4905
4910
4022
9234
9329
8715
9139
9267
8713
9033
9296
9247
9042
9280
9144
9034
9279
8686
9143
9266
8734
9037
9058
9138
9030
9282
9041
9297
9150
9057
12327
9246
9148
9283
8704
9328
8736
8716
9278
9151
9237
14179
14182
14180
14178
14176
14183
14181
14185
14184
14189
15033
14186
14156
14190
14164
14155
14187
14175
14177
14188
14196
14209
14241
14745
14746
14777
14778
14748
14749
14868
14747
14780
14781
14878
14910
14997
14998
14900
15000
15041
15032
15030
15044
15073
15075
15043
15029
15072
14779
15076
1627
15034
15074
14994
14999
15031
14861
15026
14866
14857
14863
14893
14889
14895
14879
14898
14911
4381
4667
4904
13507
2711
3043
480
179
621
2823
3044
3042
3973
448
3017
2713
2832
4011
3972
3048
4014
4040
4029
4098
4672
4148
4055
4151
4125
4670
13561
13559
13574
13539
13558
13547
13568
13521
13508
13554
13556
13576
13523
13519
13555
13549
13552
13533
13520
13503
13516
13537
13566
13577
13515
13557
13502
13527
13540
13511
13512
13500
13570
13506
13567
13528
13553
13585
13526
13545
13510
13564
13565
13562
13581
13573
13525
13563
13532
13578
13534
13575
13560
13550
13571
13542
13583
13582
13580
13579
13586
