13352
58
62
64
69
70
71
72
73
74
75
76
77
78
79
80
81
82
83
84
85
88
89
90
91
97
98
133
93
96
465
464
468
471
472
475
476
477
479
482
484
486
487
488
489
490
491
496
497
500
503
504
507
508
509
511
516
517
518
519
520
521
531
532
549
550
551
552
553
548
533
563
564
565
589
601
515
605
535
513
621
633
637
640
666
668
672
655
657
660
567
594
687
689
698
700
692
705
708
710
711
713
545
715
8940
8941
8944
8945
804
805
806
807
808
809
812
813
818
817
547
820
827
829
830
831
832
834
846
892
9335
9336
9337
9339
9341
9342
9343
9344
9345
9346
9347
9352
9355
9362
13292
13293
13294
0
13351
59
60
61
63
65
66
67
68
13295
13296
13297
13298
13299
13300
13301
13302
13303
13304
13305
13306
13307
13308
13309
13310
13311
13312
13318
626
13319
13320
13323
13326
13330
13341
534
536
537
9808
566
9811
9840
568
569
9843
13355
13358
13362
10015
1865
591
592
593
1876
1878
1880
1881
1882
1883
1884
1887
1912
1913
1914
1915
1916
1919
1920
690
623
624
625
645
2946
2947
2948
2949
2950
2957
663
2960
2964
2965
2974
2975
2976
658
659
662
2977
2978
2979
2980
2981
2982
2989
2992
2996
2997
3006
3007
3009
3013
691
694
695
3015
3016
3027
3030
3041
3045
3047
3048
3062
3079
3080
3081
3082
3084
3085
3086
3088
3089
3090
3091
3092
3095
3096
3097
3099
3100
3103
3111
3112
3113
3114
3116
3117
3118
3119
3120
3121
3122
3123
3124
3127
3128
3131
3132
3135
3136
3139
3141
3142
3144
3145
3147
3148
3149
3150
3152
3153
3156
3157
3161
3163
3164
3165
3168
3171
3173
3174
3176
3177
3179
3180
3181
3182
3184
3185
3188
3189
3193
3195
3196
3197
3200
3201
3224
3226
3227
3228
3231
3232
3251
3254
3256
3258
3259
3260
3263
3264
3265
3266
3269
3271
3272
3273
3274
3275
3276
3278
3279
3290
3291
3292
3293
3294
3295
3296
3297
3298
3301
3303
3304
3305
3306
3307
3308
3310
3311
3321
3322
3323
3324
3325
3326
3327
3328
3329
3330
3331
3332
3333
3334
3335
3336
3337
3351
3352
3353
3354
3355
3356
3358
3359
3360
3361
3362
3363
3364
3365
3366
3367
3368
3369
3370
3371
3372
3373
3374
3375
3376
3377
3378
3379
3380
3381
3383
3384
3385
3386
3387
3388
3390
3391
13801
13802
13805
13814
13818
13820
13821
13822
13823
13824
13825
13826
13827
13969
13828
13829
13830
13831
13832
13833
13834
13837
13838
13839
13840
13841
13842
13843
13844
13845
13846
13847
13848
13849
13850
13851
13852
13854
13855
13856
13970
13857
13858
13859
13860
13861
13862
13863
13864
13865
13866
13869
13870
13871
13872
13873
13874
13875
13876
13877
13878
4459
4463
4480
4481
4482
4485
4486
4488
4489
4491
4492
4493
4494
4499
4500
4503
4504
4520
4521
4523
4524
4525
4526
4531
4532
4535
4536
4552
13935
13936
13937
13938
4610
13942
13943
13944
13945
13946
13949
13952
13953
13955
13956
13954
13958
13959
13961
13962
3059
13963
4719
4749
4750
4751
4753
4754
4755
13971
4856
4857
4858
4859
4860
4861
4862
4863
4864
4865
4866
4867
4868
4869
4870
4871
4872
4873
4874
4875
4878
4879
4881
4882
4883
4885
4886
4887
4888
4889
4890
4891
4895
4896
13093
13095
13121
13122
13123
13124
4936
4937
4938
4939
13127
13128
4961
4963
4964
4965
4968
4969
13253
5064
13254
13255
13256
13257
13258
13259
13260
13261
13262
13263
13264
13265
13266
13267
13268
13269
13270
13271
13272
13273
13274
13275
13276
13277
13278
13279
13280
13281
13282
13283
13284
13285
13286
13287
13288
13289
13290
13291
5110
5111
5112
5113
5116
5117
5119
5120
5122
5123
5126
5127
5128
5129
5130
5134
5135
5138
5142
5143
5146
5147
5149
5150
5152
5154
5155
5158
5159
5160
5161
5162
5166
5167
5170
5174
5175
5178
5179
5181
5182
5184
5189
5190
5192
5194
5196
5197
5199
5200
5204
5205
5206
5207
5208
5209
5210
5211
5212
5213
5214
5216
5221
5222
5224
5226
5228
5229
5231
5232
5235
5236
5237
5238
5239
5240
5241
5308
5309
5310
5311
5312
5315
5316
5318
5319
5320
5322
5323
5324
5325
5327
5328
5329
5330
5331
5332
5334
5335
5336
5337
5338
5339
5449
5450
5451
5454
13688
13689
13690
13691
13694
13695
13697
13698
13703
13707
13710
13713
13714
13716
13717
13719
13720
13723
13729
13730
13735
13745
13746
13748
13749
13751
13752
13755
13764
13769
13770
13773
13782
13786
13788
13789
13790
13791
13796
5608
5611
5614
5620
5621
5622
5623
5624
5625
5626
5627
5628
5630
5631
5632
5633
5634
5635
5636
5637
5638
5639
5640
5643
5644
5645
5646
5657
5659
5660
5661
5662
5663
5664
5665
5666
5667
5668
5669
5670
5671
5672
5675
5676
5677
5678
5689
5691
5692
5693
5694
5695
5706
5711
13094
13096
13097
13100
13101
5713
5716
5717
5719
5720
5722
5725
5726
13922
13923
13926
13927
13928
13930
13932
13933
5743
5745
5748
5749
5751
5752
5754
5757
5758
5759
5762
5768
5774
5775
5777
5778
5779
5781
5782
5783
5787
5788
13972
13973
13974
13975
13976
13977
13978
13979
13980
13981
13982
13983
13984
13985
13986
13987
13988
13990
13991
13993
13994
13995
13996
13997
13998
13999
14000
14001
14002
14003
14004
14005
14006
14007
14008
14009
14010
14011
14012
14013
14014
14015
14016
14017
14018
14019
14020
14021
14022
14023
14024
14025
14026
14027
14028
14029
14030
14031
14034
14035
14036
14037
14038
14039
14040
14041
14042
14043
14044
14046
14048
14049
14050
14051
14052
14053
14054
14055
14056
14057
14058
14059
14060
14061
14062
14063
14066
14067
14068
14069
14070
14071
14072
14073
14074
14075
14076
14078
14088
14090
14120
14122
5203
14140
14142
14144
14146
14147
14148
14149
14150
14151
6059
6062
6067
6070
6071
6090
6098
6099
6100
6101
6103
6105
6107
6109
6112
6113
6116
6117
6120
6122
6130
6131
6132
6133
6135
14320
14321
14322
14323
14324
14326
14329
14333
14337
14339
14341
14342
14343
14344
14345
14346
14347
14349
14350
14351
14353
14354
14355
14356
14364
14365
14367
14369
14371
14373
6230
6231
6232
6233
6234
6236
6237
6238
6239
6246
6247
6248
6249
6250
6251
6252
6253
6261
6262
6263
6264
6265
6266
6268
6269
6270
6271
6307
6308
6315
6316
6317
6318
6323
6324
5647
5648
5649
5650
6325
5658
6337
5679
5680
5681
5682
13934
14318
6771
6772
6773
6774
5690
6777
6778
6780
6781
6784
6785
6786
6806
6807
6808
6809
6810
6813
5707
5712
6816
6817
6818
7127
7132
7159
5744
7163
7164
7168
7186
7200
7218
13964
13965
13966
13967
13968
7338
7339
7354
7357
7358
7361
7362
7393
7394
7475
7476
7477
7478
7481
7482
7500
7517
7518
7519
6091
7628
7629
7630
7631
7633
7697
7698
7699
7700
7701
7727
7728
7729
7730
7731
7732
7733
6123
13350
7919
7920
7921
7922
7925
7926
7951
7952
7953
7955
7957
7958
7959
7960
7961
7962
7963
7964
7965
13344
8076
8079
8081
8086
8087
8088
8089
8108
8111
8113
8118
8119
8120
8121
8143
8175
134
135
137
138
141
145
151
153
148
149
150
152
154
155
156
157
158
165
166
163
167
169
170
173
177
180
181
183
182
184
185
186
187
188
189
190
197
199
200
201
203
204
206
207
208
7131
221
223
229
231
232
233
235
236
238
239
240
253
255
270
271
272
273
274
275
276
280
384
408
409
412
413
414
416
424
440
441
444
445
446
448
450
452
454
455
456
457
458
459
460
461
462
469
480
492
493
494
501
8080
602
607
8112
614
622
634
639
641
642
643
644
664
665
673
667
670
674
675
677
696
697
699
702
709
712
825
835
852
854
855
856
853
861
860
866
867
878
884
886
885
887
888
202
1863
1862
1864
205
213
1875
2123
2125
2122
2124
2129
2576
234
237
2128
2574
2580
245
2583
2585
2953
2587
2588
2955
2954
2956
2966
2967
2973
2985
2987
2972
2986
2988
2998
2999
3005
3010
3004
3024
3020
3029
3025
3031
3032
3034
3033
3035
3042
3052
3056
3061
3066
3057
3064
3065
3067
3072
3073
3074
3106
3094
3101
3102
3104
3105
406
3126
3133
3134
3167
3169
3199
3230
438
3244
3248
3243
3247
3268
3262
3267
3270
3277
3280
3281
3282
3283
3284
3288
3289
3285
3286
3287
3299
3300
3302
3309
3312
3320
3338
3313
3314
3315
3316
3317
3318
3319
3339
3340
3341
3342
3343
3345
3347
3344
3346
3348
3349
3350
3357
3382
3389
3396
3419
3422
3428
3454
3451
3456
3457
3476
3475
3477
3471
3472
3469
590
3487
3488
3489
3508
3507
3509
3519
3522
3523
3503
3520
3524
3525
3526
3527
3504
3501
3528
3529
3532
3530
3531
3533
3534
3535
3536
3543
3544
3545
3547
3546
3548
3549
3550
3554
3555
3556
3557
3558
3551
3552
3559
3561
3564
3560
3562
3563
3565
3566
3567
3568
3575
3576
3577
3579
3581
3582
3578
3580
3585
3583
3584
3586
3593
3594
3595
3596
3600
3599
3603
3604
3605
3606
3607
3608
3601
3602
3609
3611
3612
3613
3614
3617
3610
3616
3618
3625
3626
3628
3627
3632
3635
3636
3637
3631
3633
3634
3638
3639
3640
3641
3642
3643
3644
3645
3646
3648
3649
3652
3653
3654
3651
3656
3657
3660
3661
3663
3664
3665
3666
3667
3662
3669
3670
3672
3673
3675
3676
3677
3678
3679
3681
3684
3680
3683
3685
3686
3688
3689
3692
3693
3695
3694
3696
3697
3698
3699
3701
3702
3704
3705
3706
3707
3708
3709
3710
3711
3731
3733
3735
3738
3739
3763
3765
3767
3770
3771
3772
3775
3776
3781
3780
3786
3784
3785
3790
3794
3795
3796
3797
3798
3799
3800
3801
3802
3803
3804
3818
3816
3817
3822
3826
3827
3828
3829
3830
3831
3832
3833
3834
3835
3836
3934
3935
3838
3839
4458
4460
4461
4462
4483
4484
4487
4490
4495
4496
4497
4498
4522
4527
4528
4529
4530
4549
4551
4553
4554
4555
4559
4560
4562
4565
4566
4568
4581
4583
4584
4585
4586
4587
4591
4592
4594
4597
4598
4600
4718
4720
4722
4723
4729
4731
4732
4734
4736
4737
4738
4739
4740
4741
4743
4744
4745
4747
4752
4756
4757
4758
4759
4763
4765
4766
4760
4761
4762
4767
4768
4769
4770
4771
4772
4773
4775
4776
4777
4779
4781
4782
4783
4785
4786
4784
4788
4787
4789
4790
4795
4791
4792
4793
4794
4797
4798
4799
4805
4807
4808
4809
4810
4811
4813
4814
4815
4816
4817
4818
4819
4820
4821
4822
4823
4824
4825
4826
4827
4828
4829
3473
4830
4831
4837
4839
4840
4841
4842
4843
3505
4845
4846
4847
4848
4849
4850
4851
4852
4853
4854
4855
4876
4877
4880
4884
4940
4941
4942
4943
4944
4945
4947
4948
4949
4950
4951
4952
4953
4800
4955
4959
4960
4962
4992
4991
4994
4996
4832
4997
4999
5000
5002
5003
5007
5008
5009
5024
5026
5028
5029
5031
5032
5039
5040
5041
5042
5043
5046
5047
5062
5065
5066
5069
5070
3615
5121
5131
5141
5144
5145
5139
5140
5148
5151
5153
5163
5173
5176
3647
5171
5172
5180
5183
3650
3655
5191
5193
5195
5198
5202
5223
5225
3674
5227
5230
3682
5233
5234
5242
5243
5244
3687
5245
5246
5248
5249
5250
5251
5252
5253
5254
5255
5256
5257
5259
5260
5261
5262
5264
5258
5265
5266
5267
5268
5269
5270
5272
5271
5273
5274
5275
5276
5277
5278
5279
5280
5281
5282
5283
5284
5285
5286
5287
5288
5289
5290
5291
5292
5293
5294
5296
5297
5298
5299
5300
5301
5302
5304
5305
5306
5307
5303
5313
5314
5317
5333
5326
5607
5609
5613
5615
5616
5617
5618
5619
5641
5642
5673
5674
5696
5697
5698
5699
5700
5701
5702
5703
5704
5705
5708
5714
5721
5723
5724
5727
5715
5718
5728
5729
5730
5731
5732
5733
5734
5735
5736
5737
5738
5740
5746
5753
5755
5756
5747
5750
5760
5761
5763
5764
5765
5766
5767
5769
5770
5772
5771
5780
5773
5776
5785
5786
5792
5794
5799
5793
5795
5796
5797
5798
5800
5801
5802
5804
5803
5805
5806
5807
5808
5809
5810
5811
5813
5814
5815
5817
5818
5829
5832
5836
5837
5835
5838
5839
5840
5842
5843
5844
5848
5849
5887
5888
5886
5895
5897
5898
5899
5900
5901
5902
5903
5904
5905
5906
5908
5909
5910
5911
5913
5907
5915
5916
5917
5918
5919
5920
4748
5927
5929
5930
5931
4780
5932
5933
5934
5935
5936
5937
5940
5941
5942
5943
5938
5939
5945
5947
5948
5949
5950
5951
5959
5960
5961
5963
5964
5965
4801
4802
5966
5968
5969
4803
4804
4812
5971
5972
5973
5974
4833
4834
4835
4836
4844
5975
5976
5977
5978
5979
5991
5992
5993
5995
5996
5997
5998
6000
6001
6003
6004
6005
6006
6007
6008
6009
6010
6011
6016
6017
6018
6019
6026
6027
6028
6030
6033
6035
6036
6037
6040
6041
6038
6039
6044
6045
6048
6049
6050
6051
6058
6065
6060
6068
6069
6094
6092
6093
6095
6096
6097
6104
6114
6108
6111
6115
6118
6126
6119
6121
6124
6125
6127
6128
6129
6241
6235
6242
6245
6244
6260
6267
6272
6278
6280
6279
6281
6283
6284
6282
6285
6286
6288
6289
6291
6287
6290
6292
6293
6298
6294
6295
6296
6297
6299
6300
6301
6302
6303
6304
6309
6310
6305
6306
6311
6312
6313
6314
6319
6320
6321
6322
6326
6330
6327
6328
6329
6331
6332
6333
6334
6335
6338
6340
6344
6345
5739
6787
6788
6789
6790
6791
6792
6794
6795
6796
6797
6798
6799
6801
5812
6802
6803
6804
6819
6820
6822
6821
6823
6824
6856
6858
6862
6855
6863
5890
5896
6879
6890
6894
6895
5922
6942
6941
6944
6948
6943
6947
6949
6950
6951
6952
6953
6954
6956
6957
5928
6958
6959
6960
6961
6962
6963
6965
6967
6968
5952
5953
5954
5955
5956
5957
5958
6971
6974
6973
6975
6981
6976
6979
6980
6983
6982
6984
6986
6987
6985
6988
6989
6991
6992
6993
6994
6995
6996
6997
6998
7000
7008
7011
7013
7015
7018
7019
7012
7014
7016
7017
7020
7021
7023
7024
7025
7026
7027
7028
7029
7030
7032
5980
5981
5984
5985
5986
5987
5988
5989
5990
6012
6013
6020
7041
7042
7107
6052
7111
7110
7113
7114
7115
7116
7117
7120
7122
7123
7124
7125
7126
7128
7133
7134
7137
7143
7129
7130
7135
7138
7139
7142
7145
7146
7147
7148
7150
7149
7152
7154
7155
7156
7165
7157
7158
7160
7161
7162
7166
7169
7167
7170
7171
7172
7173
7176
7178
7180
7174
7175
7177
7179
7184
7183
7185
7201
7199
7204
7202
7203
7205
7208
7210
7206
7207
7209
7211
7212
7216
7215
7217
7231
7255
7233
7256
7257
7258
7259
7261
7260
7262
7263
7265
7266
7267
7268
7269
7270
7271
7272
7273
7274
7275
7276
7277
7278
7280
7281
7282
7283
7284
7285
7286
7287
7288
7289
7290
7291
7292
7293
7294
7295
7298
7297
7306
7307
7308
7309
7312
7313
7314
7315
7316
7317
7318
7319
7321
7330
7340
7341
7344
7345
7346
7347
7348
7349
7350
7351
7353
7355
7356
7359
7360
7380
7386
7387
7382
7383
7384
7385
7392
6977
7443
7444
7445
7446
7447
7448
7449
7450
7451
6999
7002
7003
7004
7453
7454
7006
7007
7455
7009
7479
7480
7483
7486
7487
7489
7490
7488
7491
7492
7493
7494
7031
7495
7496
7034
7035
7036
7497
7498
7521
7038
7039
7520
7522
7523
7524
7525
7526
7527
7619
7620
7621
7622
7624
7623
7625
7043
7044
7045
7046
7047
7048
7049
7050
7726
7744
7748
7968
7969
8063
8064
8065
8066
8067
8068
8071
7118
8096
8097
8098
8099
8100
8103
7485
8142
8174
9806
9810
9814
9815
9837
9838
9842
9846
9847
10007
10028
10029
10031
10032
10039
10047
10055
10048
10049
10050
10051
10052
10053
10054
10056
10057
10066
10071
10068
10073
10074
10075
10076
10077
10078
10079
10080
10081
10082
10083
10084
10085
10086
10087
10088
10089
10103
10098
10100
10105
10106
10107
10108
10109
10110
10111
10205
10124
10223
10237
10254
10363
10365
10366
10360
10361
10362
10364
10367
10368
10371
10372
10375
10378
10381
10390
10389
10392
10393
7452
10394
10395
10396
10397
10421
10422
10424
10425
10426
10427
10428
10429
10430
10431
7484
10524
10525
10526
10527
10535
10556
10557
10558
10560
10561
10563
10564
10559
10562
10596
10597
8069
10649
10650
10652
8101
10656
10658
10659
10662
10667
10670
10671
10705
10706
10708
10710
10709
10711
10712
10716
10717
10718
10719
10721
10737
10738
10740
10742
10741
10743
10744
10745
10748
10749
10750
10751
10752
10754
10755
10756
10757
10758
10761
10762
10763
10764
10765
10767
10768
10769
10770
10771
10772
10773
10774
10775
10776
10777
10778
10779
10780
10781
10782
10783
10785
10786
10787
10788
10789
10790
10793
10794
10795
10796
10797
10799
10800
10801
10802
10803
10804
10805
10806
10807
10808
10809
10810
10901
10902
10903
10904
10905
10906
10907
10908
10909
10911
10912
10913
10914
10916
10915
10925
10926
9805
10918
10920
10922
10929
10928
10930
10932
10933
10934
10935
10936
10937
10938
10939
10940
10030
10941
10943
10945
10946
10947
10948
10959
10960
10962
10963
10967
10968
10969
10970
10971
10972
10977
10978
10979
10980
10973
10974
10975
10257
10258
10992
10376
10377
10379
10991
10994
10995
10999
11000
11001
11002
11003
11004
11005
11010
11006
11007
11015
10568
11018
11019
10569
10570
10571
10572
10573
10598
10599
10600
10601
10602
10603
11109
11110
11112
10707
11116
11117
11120
11121
11122
11123
11125
11129
11130
11132
11133
11138
11139
11135
11136
11137
11140
10739
11146
11147
11141
11142
11143
11144
11145
11151
11155
11148
11150
11152
11154
11156
11157
11158
11159
11160
11162
11163
11164
11165
11166
11167
11168
11170
11171
11172
11169
11173
11174
11175
11176
11178
11179
11177
11180
11182
11183
11187
11184
11186
11188
11189
11190
11191
11192
11194
11195
11196
11197
11201
11198
11199
11200
11202
11203
11204
11205
11206
11207
11208
11209
11210
11211
11213
11212
11214
11215
11216
11217
11221
11222
11223
11218
11219
11220
11224
11226
11227
11229
11225
11228
11230
11231
11233
11232
11239
11234
11235
11236
11237
11238
11240
11241
11243
11245
11242
11244
11246
11247
11248
11249
11250
11251
11252
11253
11255
11254
11258
11259
11256
11257
11261
11262
11263
11260
11265
11266
11267
11268
11269
11270
11264
11271
11272
11273
11274
11275
11276
11277
11282
11283
11285
11286
11278
11279
11280
11281
11284
11287
11288
11290
11291
11289
11293
11294
11297
11295
11296
11298
11299
11300
11301
11302
11303
11304
11305
11310
11306
11307
11308
11309
11311
11312
11314
11313
11315
11317
11316
11318
11322
11323
11319
11320
11321
11329
11325
11326
11327
11328
11330
11331
11332
11333
11334
11335
11336
11337
11341
11342
11338
11345
11344
11346
11347
11348
11349
11350
11351
10949
10950
10951
10952
11363
11364
10961
10964
10965
10966
11365
11366
11367
11368
11369
11370
10981
10982
11412
11420
10983
11452
10984
11470
11486
11573
11574
10993
10996
10997
10998
11008
11738
11759
11762
11760
11763
11764
11765
11766
11767
11770
11777
11787
11788
11791
11792
11809
11823
11824
11861
11153
11161
11893
11185
11193
12482
12483
12484
12485
12488
12489
12514
12515
12516
12517
12520
12521
11292
12620
12621
12622
11324
12652
12653
12654
12655
12658
12659
12973
12974
12975
12976
12978
12979
12977
12980
12981
13337
13338
13339
13340
13369
13370
13371
13372
13373
13376
13386
13387
13389
13393
13394
13396
13395
13399
13404
13407
13408
13464
13465
13468
13472
13473
13476
13478
11742
13496
13497
11743
13500
11774
13574
13575
13576
13578
11775
11776
13577
13579
13581
13582
13583
13584
13585
13586
13587
13589
13591
13592
13593
13595
13597
13600
13602
13603
13606
13607
13608
13610
13609
13611
13612
13613
11808
13614
13615
13616
13617
13618
13619
13620
13621
13622
13623
13624
13625
13627
13628
13629
13633
13634
13647
13649
13651
13655
13656
13665
13666
13679
13681
13683
13687
12420
13835
13836
13867
13868
13853
13879
13880
13881
13882
13883
13884
13885
13886
13887
13888
13890
13889
13891
13894
13895
13896
13898
13900
13901
13902
13903
13904
13905
13906
13907
13908
13909
13910
13911
13912
13913
13914
13915
13916
13917
13918
13919
13920
13921
13939
13940
13941
13947
13948
13950
13951
14032
14033
14047
14064
14065
14079
14089
14091
14121
14123
14124
14125
14126
14128
14129
14130
14131
14132
14134
14135
14136
14137
14138
13011
13012
14139
14141
14145
14152
13015
13016
14153
14154
14155
14156
14157
14158
14159
14160
14161
14162
14163
14165
13043
13044
13047
14166
14169
14170
14175
14176
13048
14177
14178
14179
14180
14181
14182
14183
14184
14185
14186
14187
14188
14189
14190
14191
14192
14193
14194
14195
14197
14198
14201
14202
14235
14236
14237
14238
14239
14259
14260
14261
14262
14265
14266
14267
14268
14269
14270
14271
14273
14274
14275
14276
14277
14279
14283
14278
14280
14281
14282
14284
14285
14286
14287
14288
14289
14290
14291
14292
14294
14293
14295
14296
14297
14298
14300
14301
14302
14303
14305
14306
14299
14307
14309
14311
14308
14310
14312
14313
14314
14315
14316
14317
14319
14325
14332
14334
14327
14328
14330
14331
14335
14336
14338
14340
14366
14368
14370
14372
13580
13588
142
13590
13594
13596
174
13601
13604
220
252
13626
845
14133
909
912
913
941
944
945
965
966
981
983
984
998
997
901
902
903
904
905
906
907
908
911
915
916
917
918
925
927
933
934
935
936
937
938
939
940
943
947
948
949
950
1016
1013
957
959
960
961
962
963
964
967
968
969
970
971
973
977
978
982
985
986
987
988
989
990
991
992
993
1025
1026
1033
994
995
996
999
1000
1001
1002
1003
1005
1048
1009
1010
1057
1058
1065
1080
2969
3001
3008
3014
3021
3022
3023
3026
3038
1014
1015
3039
3040
3043
3046
3053
3054
3055
3058
3063
3070
3071
1017
1018
1019
1020
1021
1022
1023
1027
1028
1029
1030
1032
1037
1039
1040
1041
1042
1043
1044
1045
1046
1051
1052
1055
1059
1060
1061
1062
1064
1069
1071
1072
1073
1074
1075
1076
1077
1078
1087
3212
3216
3218
3219
3222
3223
3225
1100
3250
3255
3257
3936
3938
3940
3946
3947
3949
3950
3951
3953
3954
3955
3956
3957
3959
3964
3971
3973
3974
3977
3978
3979
3980
3982
3983
3984
3985
3986
3987
3988
3989
3990
3991
3992
3993
3994
3995
3996
3997
3998
3999
4003
4005
4006
4008
4009
4010
4011
4012
3011
3019
4014
4015
4016
4017
4018
4019
4020
3051
4021
4022
4023
4024
4025
4026
4027
4028
4029
4030
4031
4033
4034
4036
4037
4040
4044
4045
4047
4048
4051
4052
4053
4055
4057
4058
4059
4060
4061
4062
4063
4065
4066
4068
4069
4072
4076
4077
4079
4080
4083
4084
4085
4087
4089
4090
4091
4092
3166
4093
4094
4095
4096
4097
4098
4099
4100
4101
4102
4103
4105
4106
4107
4109
4110
4111
4114
4115
3198
3203
3204
4116
4117
4118
3210
3211
4121
4122
4123
4124
4125
4126
4127
4128
4129
4130
4131
4132
4133
4134
4135
3235
3236
3242
4137
4138
4139
4141
4142
4143
4146
4147
4148
4149
4150
4153
4154
4155
3958
3960
3961
3963
3965
3966
3967
3968
4156
4157
3969
3970
4158
4159
4163
3972
3975
3976
3981
4000
4001
4171
4172
4173
4174
4002
4004
4007
4176
4177
4178
4179
4181
4182
4183
4184
4185
4186
4187
4188
4013
4189
4195
4203
4204
4205
4206
4208
4209
4210
4211
4212
4213
4214
4215
4216
4217
4218
4219
4220
4221
4227
4228
4229
4230
4232
4234
4235
4236
4239
4243
4245
4246
4247
4249
4250
4251
4252
4253
4254
4255
4258
4260
4261
4262
4259
4264
4266
4267
4268
4271
4275
4277
4278
4279
4112
4113
4281
4282
4283
4284
4119
4285
4286
4287
4288
4289
4290
4292
4293
4120
4294
4295
4296
4298
4297
4299
4300
4301
4303
4304
4305
4306
4307
4308
4309
4144
4310
4311
4312
4145
4313
4314
4151
4152
4316
4317
4319
4320
4321
4322
4324
4325
4326
4327
4328
4329
4160
4161
4162
4164
4330
4331
4333
4165
4332
4335
4166
4167
4169
4170
4175
4336
4337
4338
4339
4340
4341
4342
4343
4344
4345
4346
4348
4349
4351
4352
4353
4190
4191
4192
4193
4194
4196
4197
4198
4199
4354
4355
4356
4357
4358
4360
4201
4202
4207
4361
4362
4363
4366
4222
4223
4225
4226
4367
4369
4370
4371
4372
4373
4374
4375
4376
4377
4378
4379
4380
4381
4382
4383
4384
4385
4231
4233
4386
4387
4388
4389
4390
4392
4393
4237
4238
4394
4395
4398
4240
4242
4244
4248
4257
4263
4265
4269
4270
4272
4274
4276
4280
4399
4401
4402
4403
4291
4404
4405
4406
4407
4408
4409
4302
4411
4412
4413
4414
4415
4416
4417
4418
4419
4420
4423
4424
4427
4428
4429
4431
4435
4448
4449
4315
4450
4451
4452
4318
4455
4456
4467
4323
4334
4347
4350
4364
4365
4995
5027
4368
5133
5136
5137
5165
5168
5169
5177
5263
5295
5321
5452
5453
5455
4396
4397
5456
5457
5458
5459
5460
5462
5463
5464
5465
5467
5472
5481
5482
5483
5484
5485
5486
5487
5488
5489
5490
5491
5492
5494
5495
5496
5497
5499
5606
4400
5629
6102
6106
6110
6134
6136
6137
6138
6139
6140
6141
6142
6143
6144
6145
6146
6148
6149
6150
6151
6152
6153
6154
6155
6156
6157
6158
6159
4410
4421
4422
4425
4426
4430
4432
4433
6160
6161
6162
6163
6165
4434
4436
4437
4453
4454
4457
4464
4465
4466
4468
4469
7634
7635
7636
7637
7638
7639
7640
7641
7642
7643
7644
7646
7651
7653
7654
7655
7656
7657
7660
7661
7662
7663
7665
7666
7667
7668
7669
7670
7671
7672
7673
7674
7675
7676
7678
7746
7966
7967
7972
7973
8070
8102
5461
5466
5469
5493
5498
10653
10713
10714
10720
10746
5501
11340
6164
11411
11417
11443
11444
11449
13327
13359
13457
13489
13507
13573
13598
13605
13630
7618
7632
7648
7649
7650
7652
7664
13957
13960
13989
13992
14127
14357
14737
14802
14803
14835
14849
14852
14867
14868
14869
14881
14884
92
94
95
219
251
11339
325
333
365
11371
13504
828
1066
3598
3629
3630
3658
3659
3668
3690
3691
3700
3719
3728
3732
3737
3760
3764
3769
3787
3819
3945
4039
4071
4946
4954
5502
5503
5504
5505
5506
5507
5508
5509
5510
5511
5512
5513
5514
5515
5516
5519
5535
5536
5537
5538
5539
5540
5541
5542
5543
5544
5545
5546
5547
5548
5551
5709
3458
3459
3460
3461
3470
3474
3490
3491
3492
3493
3502
3506
3597
6167
6168
6169
6170
6171
6172
6173
6174
6175
6229
3933
5517
5518
5520
5522
5523
5524
5526
5527
5528
5529
5531
5532
5533
5534
5549
5550
5552
5554
5555
5556
7687
7689
5558
5559
5560
5561
7694
7695
7696
7719
7721
8085
8117
6166
10014
10651
10655
10657
10660
10663
10664
10665
10666
10669
10672
10917
10919
10921
10923
10924
10927
11113
11126
11134
11343
11360
11361
11362
13321
7679
13325
13328
13329
7681
7682
7683
7684
7685
7686
7688
7690
7691
7692
7693
13353
13357
13360
13361
13377
13388
13392
13397
13400
13401
13402
13403
13406
13409
7713
7714
7715
7716
7717
13470
7718
13483
13486
13502
7720
7722
7723
7724
7725
13599
13631
13632
13636
13639
13640
13642
13643
13645
13646
13648
13650
13668
13671
13672
13674
13675
13677
13678
13680
13682
13708
13709
13712
13739
13740
13741
13742
13744
10010
3140
3172
4180
833
6243
1024
86
9792
9793
9817
9824
9825
6240
3229
3261
13931
87
473
505
865
877
3075
3076
3077
3078
3098
3107
3108
3109
3110
3130
4501
4506
4533
4537
4538
4543
4546
4550
4556
4557
4561
4563
4564
4567
4569
4578
4582
4588
4589
4593
4595
4596
4599
4601
13924
5115
5118
5124
5125
5156
5157
6336
6339
6341
6343
6346
6347
6348
6351
6355
6357
6358
6359
6364
6366
6368
6369
6370
6371
6372
6373
6375
6376
6377
6378
6379
6380
6383
6387
6389
6390
6391
6396
6398
6400
6404
6532
6533
6534
6535
6536
6537
6538
6539
6541
6542
6544
6545
6546
6547
6548
6549
6550
6551
6552
6553
6554
6555
6556
6557
6558
6560
6561
6562
6563
6564
6565
6566
6567
6568
6569
6570
6571
6573
6574
6576
6577
6578
6579
6580
6581
6582
6583
6584
6585
6586
6587
6588
6589
6590
6593
6598
6599
6600
6607
6639
6675
6676
6677
6678
6679
6680
6681
6682
6683
6684
6686
6687
6688
6689
6691
6690
6692
6693
6694
6695
6696
6697
6699
6700
6701
6702
6703
6704
6705
6706
6707
6708
6709
6710
6711
6712
6713
6714
6715
6716
6718
6719
6720
6721
6722
6723
6732
6738
6739
6740
6741
6742
6744
6745
6746
6747
6748
6749
6750
6752
6753
6754
6755
6764
6770
6776
6779
6782
6805
6811
6812
6815
6857
6859
6860
6861
6864
6865
6876
6877
6880
6887
6888
6889
6891
6892
6893
6896
6897
6908
6909
6911
6912
6913
6914
6915
6916
6917
6918
6919
6920
6921
6922
6923
6924
6925
6926
6927
6945
6946
6955
6978
7001
7005
7010
7022
7033
7037
7119
7151
864
7342
7499
7514
7515
7516
7546
7547
7548
7549
7550
7551
7552
7553
7554
7555
7556
7557
7558
7559
7560
7561
7562
7563
7564
7565
7566
7567
7569
7570
7571
7573
7574
7575
7576
7577
7578
7579
7580
7581
7582
7583
7584
7585
7586
7587
7588
7589
7590
7591
7592
7593
7594
7595
7596
7597
7598
7599
7601
7602
7603
7605
7606
7607
7608
7609
7610
7611
7612
7613
7614
7615
7617
7627
8095
8127
8129
8130
8131
8133
8134
8135
8136
8137
8153
8154
8155
8161
8162
8163
8165
8166
8167
8168
8169
8185
8186
8187
8193
8194
8203
8204
8205
8206
8207
8219
8221
8222
8225
8226
8235
8236
8237
8238
8239
8251
8253
8254
6540
6543
6572
6575
6597
8339
8374
8626
8628
8632
8634
8635
8638
8640
8641
8642
8643
8645
8650
8654
8658
8663
8665
8667
8668
8669
8671
8672
8673
8674
8675
8677
8682
8730
8742
8747
10033
10035
10328
10329
10330
10331
10332
10333
10334
10335
10338
10339
10369
10373
10374
10382
10383
10384
10385
10386
10387
10388
10414
10415
10416
10417
10418
10419
10420
8208
8209
8210
8211
8223
8240
8241
8242
8243
8255
8260
8292
8342
11757
11758
11761
8588
11778
8620
11810
11818
11819
11820
12437
8797
13517
13519
13520
13549
13551
13552
13568
13569
13570
13571
13572
13657
13658
13659
13661
13662
13663
13693
13696
13699
13700
13701
13702
13704
13715
13718
13721
13722
13724
13725
13726
13727
13728
13731
13732
13733
13734
13736
13747
13750
13753
13754
13756
13757
13758
13759
13760
13761
13762
13763
13766
13767
13775
13776
13777
13778
13779
13780
13781
13783
13784
13785
13787
13792
13793
13794
13795
10380
13798
13799
13807
13808
13809
13810
13811
13812
13813
13815
13816
13817
13819
13925
13929
14168
14171
14172
14173
14174
14200
14203
14204
14205
14206
14207
14208
14209
14210
14211
14212
14213
14215
14216
14217
14218
14219
14220
14221
14222
14226
14229
11786
3521
3553
3729
3730
3736
3761
3762
3768
3789
3793
3821
3825
5962
5970
6002
3517
3718
3720
3722
3723
3724
3725
3726
3727
3734
3740
3742
3743
3746
3747
3748
3750
3751
3752
3754
3755
3756
3757
3758
3759
3766
3774
3779
5967
5983
5994
5999
6015
6042
6043
6046
6047
6053
6054
6055
6056
7108
7112
7121
7140
7144
7153
7381
7747
8141
8173
8192
8218
8224
8250
8266
8267
8269
8283
8298
8299
8301
8315
3468
8463
3485
3500
8495
3741
3773
8590
8622
8629
8633
8637
8644
8647
8655
8657
8660
8661
8676
8679
8731
8744
8745
8749
8750
10072
10104
10206
10224
10238
10391
10423
11011
11502
11518
8220
8252
11612
11644
11728
11729
11730
11731
11732
11733
11734
11735
11748
11750
11751
11749
11752
13505
13509
13511
13513
13526
13530
13536
13537
13539
13541
13543
13545
13558
13562
11740
11772
676
5564
5565
5566
5567
5568
5569
5570
5571
5572
5573
5574
5575
5576
5577
5578
5583
5585
5586
5588
5589
5590
5591
5592
5593
5594
5595
5596
5597
5598
5599
5600
5601
5602
5603
5604
5605
5610
6254
6255
6256
6257
6258
6259
14769
14786
14787
14813
14818
14819
803
2968
2970
2971
3000
3002
3003
3012
3018
3028
3037
3044
3050
3060
3069
3160
5563
5579
5582
5584
582
898
899
900
928
929
930
931
932
914
926
946
958
5185
5217
14711
14712
16391
16392
16393
16394
16395
16396
16400
16401
16402
16403
16404
16406
16408
16409
16410
16412
16417
16418
16419
16420
16422
16423
16424
16425
16426
16427
16428
16429
16488
16489
16491
16494
16498
16512
16513
16514
16517
16518
16519
16521
16524
16528
16531
15892
16534
16538
16539
16544
16545
16546
16549
16550
16551
16552
16553
16556
16562
16563
16566
16570
16571
16574
16296
15647
896
897
15660
16432
16433
16434
16435
16436
15661
17165
16438
17173
16440
16441
15662
16444
15664
16453
15665
16456
16457
1031
1034
1035
16485
1063
1067
1079
1081
1082
1086
1088
1089
1090
1093
1094
1101
1102
15675
15677
16520
15679
14901
16530
15681
15682
16542
15683
16459
15684
15685
15687
15688
15689
15691
15692
15693
14995
16462
16385
16386
16387
16388
16390
3213
3217
3233
3245
3249
15408
16442
15786
4224
15663
15801
15802
15803
15804
15807
15666
16397
16398
17197
16430
15667
16466
17205
15583
16492
16493
16496
16536
16537
15615
15616
16540
16541
16560
16568
16569
15643
15645
16572
16573
15670
15648
15651
15652
15653
15655
15657
15658
15659
15686
15694
15695
15698
15702
15705
16495
15885
15887
15888
15889
16463
15671
14848
14858
15674
14880
14890
14900
14912
14924
14929
14930
14944
14956
14977
14978
14985
14986
15009
15010
15017
15018
15027
15084
15087
15106
15107
15115
15138
15139
15147
15170
15202
15358
15376
15625
15626
15627
15628
15629
15630
15631
15632
15633
15634
15635
16461
15713
15714
15715
15716
15717
15718
15719
15720
15721
15723
15724
15725
15726
15727
15730
15734
15737
16464
15744
15745
15746
15747
15748
15749
15750
15752
15753
15754
15756
15757
15758
15759
15760
15763
15764
15765
15766
15768
15769
15770
15771
15772
15775
15776
15777
15778
15779
15780
15781
15782
15784
15785
15788
15789
15790
15791
15792
15795
15796
15797
15798
15800
15638
15639
15642
15979
15982
15983
15984
15985
15986
15987
15990
15991
15992
15993
15994
15996
15997
15998
15999
16000
16002
16004
16006
16010
16029
16030
16032
16034
16036
16038
16042
15619
15620
15621
16183
16189
16192
16193
16195
16196
16197
16198
16199
16200
16202
15623
16204
16205
16208
16210
16211
16214
16217
16221
16222
16223
16224
16225
16227
16228
16229
16230
16231
16232
16234
16236
16237
16240
16242
16243
16246
16249
16253
16254
16255
16257
16460
14899
15120
15122
15123
15152
15154
15155
15326
15978
16209
16212
16213
16216
16218
16220
16241
16244
16245
16248
16250
16252
164
443
11409
11413
11441
11445
7626
11416
11448
3
4
5
6
7
8
9
11
12
13
14
17
20
21
23
24
25
26
28
29
30
31
32
35
36
37
38
39
40
41
43
44
45
46
47
48
49
50
52
53
54
55
56
57
843
14095
14099
14100
14101
14105
14108
14110
1
2
15
16
18
22
27
33
34
14045
14077
14093
10931
11026
11030
11031
11032
11034
11037
11042
11050
11051
11052
11053
11054
11055
11056
11058
11062
11063
11064
11066
11068
11069
11073
11100
11103
11105
11020
11021
11022
11023
11024
11028
11060
11076
11108
1866
1867
1868
1869
1870
1871
1872
1873
1874
1877
1879
1885
1886
1889
1890
1891
1892
1893
1894
1895
1896
1898
1899
1900
1901
1902
1903
1904
1905
1906
1907
1908
1909
1910
1911
1917
1918
1922
1923
1924
1925
1926
1927
1928
1929
1930
1931
1932
1933
1934
1935
1936
1937
1938
1939
1942
1943
1948
1951
1952
1953
1954
1955
1956
1957
1958
1959
1960
1961
1962
1963
1964
1965
1966
1967
1968
1969
1970
1971
1974
1975
1980
1983
1984
2005
2006
2010
2011
2012
2013
2014
2015
2018
2021
2024
2026
2027
2028
2029
2031
2035
2036
2037
2038
2039
2040
2041
2042
2043
2044
2045
2046
2047
2048
2049
2050
2051
2052
2053
2054
2055
2056
2057
2058
2059
2060
2061
2065
2066
2069
2062
2064
2067
2070
2071
2072
2073
2074
2075
2078
2079
2080
2081
2082
2083
2077
2084
2085
2086
2087
2088
2089
2090
2091
2092
2093
2094
2097
2098
2101
2102
2103
2104
2096
2099
2105
2106
2107
2110
2109
2111
2112
2113
2114
2115
2116
2117
2118
2119
2120
2121
2126
2127
2130
2131
2132
2133
2134
2135
2136
2137
2138
2139
2140
2141
2142
2143
2144
2145
2146
2147
2148
2149
2150
2151
2152
2153
2154
2155
2156
2157
2158
2159
2160
2161
2162
2163
2164
2165
2166
2167
2168
2169
2170
2171
2172
2173
2174
2175
2176
2177
2178
2179
2180
2181
2182
2183
2184
2185
2186
2187
2188
2189
2190
2191
2192
2193
2194
2195
2196
2197
2198
2199
2200
2201
2202
2203
2204
2205
2206
2207
2208
2209
2210
2211
2212
2213
2214
2215
2216
2217
2218
2219
2220
2221
2222
2223
2224
2225
2226
2227
2228
2229
2230
2231
2232
2233
2234
2235
2236
2237
2238
2239
2241
2242
2243
2244
2245
2246
2247
2248
2249
2250
2251
2252
2253
2254
2255
2256
2257
2258
2259
2260
2261
2262
2263
2264
2267
2268
2270
2271
2273
2274
2275
2276
2277
2278
2279
2280
2281
2282
2283
2284
2285
2286
2287
2288
2289
2290
2291
2292
2293
2294
2295
2296
2299
2300
2302
2303
2304
2306
2307
2309
2310
2311
2312
2314
2316
2317
2318
2319
2321
2322
2324
2323
2325
2326
2327
2328
2329
2330
2331
2332
2333
2334
2335
2336
2338
2339
2341
2342
2343
2344
2346
2348
2349
2350
2351
2353
2354
2356
2357
2355
2358
2359
2360
2361
2362
2363
2364
2365
2366
2367
2368
2369
2370
2371
2372
2373
2374
2375
2376
2377
2378
2379
2380
2381
2382
2383
2384
2385
2386
2387
2388
2389
2390
2391
2392
2393
2394
2395
2396
2397
2399
2400
2401
2402
2403
2404
2405
2406
2407
2408
2409
2410
2411
2412
2413
2414
2415
2416
2417
2418
2419
2420
2421
2422
2423
2424
2425
2427
2428
2429
2431
2433
2434
2435
2436
2437
2438
2441
2445
2444
2448
2449
2450
2451
2453
2454
2455
2452
2458
2459
2457
2460
2461
2463
2465
2466
2467
2468
2469
2470
2473
2477
2476
2483
2480
2481
2482
2485
2486
2487
2484
2490
2491
2492
2489
2493
2495
2496
2497
2498
2499
2500
2501
2502
2504
2505
2506
2508
2509
2510
2511
2513
2515
2517
2518
2520
2525
2528
2529
2530
2531
2532
2533
2534
2536
2537
2538
2540
2541
2542
2543
2545
2547
2549
2550
2552
2573
2575
2581
2582
2584
2586
2589
2591
2592
2594
2595
2600
2605
2607
2612
2613
2614
2615
2616
2618
2619
2620
2621
2623
2624
2625
2626
2627
2628
2629
2630
2631
2632
2633
2634
2635
2636
2637
2638
2639
2640
2641
2642
2643
2644
2647
2648
2650
2651
2653
2655
2656
2657
2658
2659
2660
2661
2662
2663
2664
2665
2666
2667
2668
2669
2670
2671
2672
2673
2674
2675
2676
2679
2680
2682
2683
2685
2687
2688
2689
2690
2693
2698
2699
2700
2701
2707
2709
2710
2711
2712
2713
2714
2715
2716
2717
2718
2719
2720
2721
2722
2725
2730
2731
2732
2733
2739
2741
2742
2743
2744
2745
2746
2747
2748
2749
2750
2751
2752
2765
2766
2767
2768
2769
2770
2771
2772
2773
2774
2775
2776
2777
2778
2779
2780
2781
2782
2783
2784
2797
2798
2799
2800
2801
2802
2803
2804
2805
2806
2807
2808
2809
2810
2811
2812
2813
2814
2815
2816
2817
2818
2819
2820
2821
2822
2823
2824
2825
2826
2827
2828
2829
2830
2831
2832
2833
2834
2836
2837
2838
2839
2841
2842
2844
2845
2846
2847
2848
2849
2850
2851
2852
2853
2854
2855
2856
2857
2858
2859
2860
2861
2862
2863
2864
2865
2866
2868
2869
2870
2871
2873
2874
2876
2877
2878
2879
2880
2881
2882
2883
2884
2885
2886
2887
2888
2890
2891
2892
2893
2894
2895
2896
2897
2898
2899
2900
2901
2902
2903
2904
2907
2908
2909
2911
2912
2913
2914
2915
2916
2917
2918
2919
2920
2922
2923
2924
2925
2926
2927
2928
2929
2930
2931
2932
2933
2934
2935
2936
2939
2940
2941
2943
2944
2945
3205
3207
3208
3209
3214
1888
1897
3220
3221
1921
3237
3238
3239
3240
3241
3246
3252
3253
2063
2068
2076
2095
2100
2108
2240
2265
2266
2269
2272
2297
2298
2301
2426
7182
7214
2590
2622
7704
7705
7706
7707
7710
2654
2686
2695
2696
2708
2727
2728
2740
2835
2840
2843
2867
2872
2875
14798
14830
15002
15034
15044
15045
3206
3215
15544
15545
15552
15553
15584
15585
15644
15646
15669
15672
15676
15678
15680
15699
15706
15712
15731
15738
15761
15762
15773
15793
15794
15805
15976
15977
15995
16001
16003
16005
16009
16014
16015
16016
16019
16021
16025
16033
16035
16037
16041
16046
16047
16048
16051
16053
16057
16061
16062
16067
16068
16071
16080
16083
16085
16087
16099
16100
16103
16297
16299
16300
16301
16302
16304
16310
16312
16314
16315
16316
16317
16318
16319
16320
16321
16322
16323
16324
16325
16326
16327
16328
16329
16330
16332
16333
16334
16335
16337
16347
16349
16350
16352
16353
16354
16355
16356
16357
16358
16359
16360
16361
16362
16364
16365
16366
16367
16369
16431
16437
16439
16443
16451
16454
16458
16483
16486
16490
16515
16525
16533
16547
16557
16565
16610
17247
580
581
842
15637
15640
15774
15806
16013
16045
466
470
474
498
502
506
512
514
522
523
524
525
526
527
530
538
541
542
543
544
546
554
555
556
557
558
559
562
570
573
574
575
576
577
578
579
583
584
585
586
587
588
595
596
597
598
599
600
603
604
606
608
609
610
611
612
613
615
616
617
618
619
620
627
628
629
630
631
632
635
636
638
654
669
671
686
701
703
819
822
839
823
838
841
844
847
850
851
895
13313
13314
13315
13317
13346
13347
13345
8074
8075
8106
8107
13349
136
139
140
168
171
172
191
192
193
194
195
196
198
209
210
212
216
224
225
226
227
228
230
241
242
244
248
277
279
281
282
285
287
299
301
303
304
305
306
307
308
309
311
312
313
314
315
317
318
319
320
321
322
323
324
332
334
335
337
340
341
342
343
344
345
346
347
349
350
351
352
353
354
355
356
357
364
366
367
369
372
373
374
375
376
377
378
379
381
382
383
385
386
387
388
389
390
391
392
393
394
395
396
397
398
399
400
405
407
410
411
415
417
418
419
420
421
422
423
425
426
427
428
429
430
431
432
437
439
442
447
874
875
893
11027
11035
11036
11040
11059
11067
11072
11075
11077
11080
11083
11084
11087
11088
11090
11091
11093
11104
11107
11115
11119
214
217
246
249
267
268
269
283
286
300
302
3952
7647
211
243
10753
849
881
11078
3712
3713
3714
3715
3716
3744
3745
3753
4540
4542
4544
4547
4548
4576
4579
4580
5470
5471
6176
6177
6178
6180
6181
6182
6183
6184
6185
6186
6814
6825
6826
6827
6828
6829
6830
6831
6833
6836
6837
6838
6839
6840
6841
6842
6843
6844
6845
6846
6847
6848
6849
6850
6851
6853
6854
6881
6882
6883
6885
6886
6928
6929
6930
6931
6933
6935
6936
6939
6990
7109
7365
7367
7371
7372
7375
7376
7378
7397
7399
7403
7404
7407
7408
7410
7776
7778
7780
7822
7828
7843
7851
7854
7860
7887
7888
7889
7890
7893
7894
8090
8122
10009
10013
10016
10022
10025
10041
10042
10045
10115
10252
10253
10320
10352
10555
10648
10654
11009
11012
11013
11014
11017
11025
11029
11033
11038
11039
11041
11043
11044
11045
11046
11049
11057
11061
11065
11070
11071
11074
11081
11082
11085
11089
11092
11094
11095
11096
11097
11098
11099
11101
11106
11114
11124
11127
11128
11131
11149
11181
11392
11393
11407
11408
11415
11419
11424
11425
11439
11440
11447
11451
13390
13391
13637
13652
13669
13684
14240
14241
14242
14243
14244
14245
14246
14247
14248
14249
14250
14251
14252
14253
14254
14255
14256
821
14257
14258
14264
879
14738
14770
15003
15035
3721
15169
15201
15751
15755
15783
15787
15808
15840
16017
16018
16020
16024
16028
16031
16049
16050
16052
16056
16060
16063
16066
16069
16070
16072
16073
16074
16075
16076
16077
16078
16079
16081
16082
16086
16089
16090
16091
16092
16093
16094
16095
16096
16097
16098
16101
16102
16104
16105
16106
16107
16108
16109
16110
16111
16112
16113
16114
16115
16117
16118
16119
16121
16122
16123
16124
16125
16126
16127
16128
16129
16130
16131
16132
16133
16134
16135
7677
16137
16138
16139
16141
16142
16143
16144
16146
16156
16157
16158
16159
16160
16161
16162
16163
16164
16165
16166
16167
16169
16170
16171
16173
16174
16175
16176
16178
16405
16413
16414
16445
16446
16448
16449
16450
16452
16475
16476
16477
16478
16479
16480
16481
16482
16484
16507
16508
16509
16510
16511
16522
16523
16526
16527
16529
16535
16543
16554
16555
16558
16559
16561
16567
16575
17164
17172
17196
17204
17249
17250
11047
162
215
222
247
250
254
278
284
310
316
326
327
328
329
330
331
338
359
358
360
361
362
363
370
403
435
870
871
1091
1105
1104
1122
1123
1137
1136
1152
1155
1157
1161
1165
1167
1177
1178
1184
1189
1187
1199
1197
1193
1419
1209
1421
1420
1424
1427
1422
1426
1429
1431
1428
1430
1438
1425
1447
1448
1452
1450
1449
1451
1453
1454
1444
1441
1456
1459
1460
1458
1442
1461
1445
1446
1440
1462
1463
1470
1443
1472
1475
1473
1474
1439
1457
1476
1477
1478
1480
1485
1483
1484
1488
1486
1479
1481
1487
1489
1492
1490
1491
1493
1494
1495
1496
1498
1500
1499
1501
1503
1504
1506
1505
1508
1471
1509
1507
1511
1513
1510
1512
1517
1515
1516
1519
1518
1520
1524
1526
1521
1525
1527
1522
1523
1528
1530
1531
1533
1532
1535
1541
1536
1542
1539
1540
1544
1537
1538
1543
1546
1547
1548
1545
1549
1550
1551
1552
1553
1554
1557
1555
1562
1565
1568
1571
1572
1573
1561
1574
1569
1570
1576
1579
1578
1580
1575
1577
1581
1563
1582
1584
1583
1585
1586
1589
1587
1560
1564
1566
1594
1599
1597
1600
1601
1602
1603
1604
1605
1608
1595
1593
1598
1596
1592
1616
1618
1619
1620
1621
1624
1625
1626
1627
1628
1629
1631
1632
1633
1634
1635
1636
1637
1640
1650
1648
1609
1651
1652
1653
1656
1657
1658
1659
1660
1661
1663
1670
1671
1674
1676
1679
1678
1680
1683
1682
1641
1688
1692
1693
1694
1695
1702
1703
1706
1708
1710
1711
1712
1714
1715
1642
1720
1725
1726
1727
1724
1610
1728
1729
1730
1731
1732
1734
1735
1738
1739
1740
1741
1742
1743
1744
1745
1746
1748
1747
1749
1750
1753
1752
1754
1755
1756
1757
1758
1759
1760
1761
1762
1763
1764
1766
1767
1768
1769
1770
1771
1773
1772
1774
1775
1776
1777
1778
1779
1780
1782
1781
1784
1785
1786
1787
1788
1790
1789
1792
1791
1793
1794
1795
1796
1797
1798
1799
1800
1801
1803
1804
1805
1806
1814
1819
1820
1821
1822
1823
1824
1825
1826
1827
1828
1829
1830
1831
1846
1852
1851
1853
1854
16064
16065
1855
1856
3942
3943
218
1643
5741
5784
5816
5820
5819
1502
5825
1534
1559
1567
1591
1611
1612
1613
1614
1615
1623
7189
7190
1644
7191
7192
7193
1645
1646
1647
1655
7198
7219
7222
7221
7223
7224
7225
7230
7232
7234
7235
7236
7237
7238
7239
7241
7243
7244
7245
7246
7248
7242
7247
7249
7250
7251
7252
7253
7254
1751
7745
7749
7750
7751
7752
7755
7754
7753
7756
7757
7758
7759
7760
7761
7762
7763
7764
7765
7769
7768
7770
7766
7767
7771
1783
7772
7774
7787
7777
7779
7781
7782
7784
7783
7785
7786
7788
7789
7790
7791
7792
7793
7795
7794
7796
7797
7798
7799
7800
7801
7802
7803
7811
7804
7808
7809
1802
7806
7812
7819
7813
7837
7838
7839
7814
7815
7816
7818
7836
7840
7841
1808
1809
1812
1813
7844
7845
7846
7847
7848
7850
7861
7862
7868
7869
7870
7871
7876
7877
7878
7879
7880
7872
7873
7874
1840
1841
7883
7882
7884
7886
7885
7891
7892
7895
7897
7898
7899
7900
7903
7904
7905
7906
7908
7909
7910
7911
7912
7914
7915
7916
7917
7918
7923
7924
1844
1845
10784
10813
10814
10817
10818
10820
10819
10824
10825
10828
10829
10830
10832
10833
10834
10836
10837
10838
10839
10841
10842
10845
10846
10847
10849
10850
10852
10856
10857
10851
10860
10861
10862
10864
10865
10866
10868
10869
10870
10871
10873
10874
10877
10878
10879
10881
10883
10884
10885
10887
10889
10891
10892
10882
10893
10894
10895
10896
10898
10900
10899
11079
11086
11102
11111
11118
13380
13381
13383
13384
13412
13415
13418
13419
13420
13421
13424
13416
13413
13425
13426
13427
13428
13429
13432
13433
13431
13434
13435
13438
13436
13439
13440
13444
13446
13443
13450
13451
13453
13454
13475
13482
13485
3937
7187
8282
8314
8648
8680
10812
10880
10886
10888
10890
13441
13442
13447
13448
13449
13452
13474
13479
13480
13481
13484
449
481
15108
15109
15110
15111
15113
15116
15140
15141
15142
15143
15145
15148
15275
15276
15431
11784
11816
13893
3777
3782
3791
3823
104
105
106
107
108
109
110
111
112
113
114
115
116
117
120
121
122
123
124
125
126
129
130
131
161
13892
13899
7279
8636
8653
8664
8748
10766
10798
11785
99
100
101
102
103
6021
6022
6023
6024
8262
8268
8270
8273
8274
8277
8281
8294
8300
8302
8305
8306
8309
8313
8589
8621
8624
8627
8630
8646
8651
8670
8678
8683
7352
10759
10791
11768
3146
3151
3159
3178
3183
3191
4993
4998
5001
5004
5006
5011
5012
5013
5014
5015
5016
5017
5018
5019
5021
5023
5025
5030
5033
5034
5035
5036
5038
5044
5045
5048
5049
5050
5051
5053
5055
5056
5057
5058
5059
5060
5063
5067
5068
5072
5073
5074
5075
5076
5077
5078
5079
5080
5081
5083
5084
5085
5087
5088
5089
5090
5091
5092
5094
5095
5096
5097
5098
5099
5100
5101
5102
5104
5105
5106
5107
5108
5109
7501
7502
7503
7504
7506
7507
7508
7509
7510
7511
7512
7513
7528
7531
7532
7533
7534
7535
7536
7537
7538
7539
7540
7541
7542
7543
7544
7545
7645
7702
7708
7709
7711
7734
7736
7737
7738
7739
7740
7741
7742
7743
8091
8092
8094
8123
8124
8126
8128
8144
8145
8146
8147
8148
8149
8150
8151
8152
8176
8178
8179
8180
8181
8182
8183
8184
8189
8191
8196
8197
8198
8199
8200
8201
8228
8229
8230
8231
8232
8233
8256
8257
8258
8259
8261
8263
8264
8265
8271
8272
8275
8276
8278
8279
8280
8285
8288
8289
8290
8291
8293
8295
8296
8297
8303
8304
8307
8308
8310
8311
8317
8322
8323
8332
8335
8340
8341
8344
8347
8348
8350
8351
8354
8355
8372
8373
8376
8379
8380
8413
8414
8415
8416
8417
8434
8436
8437
8438
8441
8442
8445
8446
8447
8448
8449
8450
8451
8452
8453
8454
8455
8456
8457
8458
8459
8460
8461
8462
8482
8483
8484
8485
8486
8487
8488
8489
8490
8491
8492
8493
8494
8497
8500
8501
8502
8504
8505
8508
8509
8511
8513
8514
8515
8516
8584
8587
8591
8608
8610
8611
8612
8615
8616
8619
8623
8625
8631
8649
8652
8656
8659
8662
8666
8681
8728
8729
8732
8741
8743
8746
8751
8752
8753
8778
8779
8810
8811
8914
8915
10715
10747
11355
11357
11358
11359
11387
11389
11390
11391
11394
11395
11410
11414
11418
11421
11422
11423
11426
11427
11428
11431
11436
11453
11454
11455
11456
11457
11458
11459
11460
11461
11462
11463
11464
11465
11466
11467
11468
11469
11489
11490
11491
11492
11493
11494
11495
11496
11497
11498
11499
11500
11501
11504
11507
11508
11509
11511
11512
11514
11515
11516
11520
11521
11522
11523
11601
11602
11605
11606
11633
11634
11637
11638
11680
11682
11683
11684
11687
11688
11737
11739
11741
11744
11745
11769
11771
11773
11779
11780
11781
11782
11783
11789
11790
11793
11811
11812
11813
11822
11825
11846
11850
11851
11859
11877
11878
11882
11883
11891
8177
12422
12423
12424
12425
12427
12436
12972
13467
13469
13471
13477
13501
13503
13508
13653
13685
10715
10747
5010
5061
5093
7505
7529
7530
11406
11429
11432
11433
11434
11435
11438
11442
11446
11450
118
119
132
528
560
826
837
859
858
857
889
873
863
876
862
869
883
882
890
891
894
11845
11929
11930
10723
10725
10724
10722
10729
10728
10730
10731
10734
10816
10822
10827
10823
10826
10831
10835
10840
10843
10863
10897
10854
10855
10848
10858
10859
10867
10872
10875
10910
10942
11814
13379
13378
13398
13382
13385
13410
13417
13411
13422
13414
13423
13430
13455
13487
8686
8687
8692
8697
8699
8700
8701
8703
8712
8724
8860
4508
4509
4511
4513
4514
4515
4516
4517
4518
127
4519
4534
4539
4541
6057
6063
6064
6066
6072
6074
6075
6079
6078
6080
6081
6082
6083
6084
6085
6086
6087
6088
6089
10811
10815
10821
10844
10853
10876
467
478
495
499
510
13405
13437
13445
8799
8794
8913
8698
8702
8718
8719
8720
8721
8722
8723
8725
8726
8826
8831
8834
8835
8836
8838
8839
8840
8843
8866
8867
8868
8870
8871
8872
8875
4507
6073
8754
463
14715
14716
7680
7712
651
683
16022
16026
16027
17166
17169
17174
17175
17176
17177
17178
17179
17180
17198
17201
17206
6179
15636
10405
10407
10412
10410
3840
3842
3845
3846
3848
3851
3854
3855
3856
3857
3859
3861
3862
3868
3865
3873
3875
3871
3872
3874
3879
3877
3878
3880
3883
3886
3887
3888
3890
3889
3891
3893
3894
3900
3897
3903
15668
10012
14952
14953
10044
10400
10403
10404
10408
10409
10411
3841
3843
3847
3858
14914
14922
14923
14925
14926
14931
14932
14937
14946
14954
14955
8916
8917
8946
8947
8948
8949
8953
8956
8960
8961
8962
8963
8964
8965
8966
8967
8968
8969
8970
8971
8972
8973
8975
8976
8977
8979
8980
8981
8982
8984
8997
8998
9083
9085
9086
9087
9089
9090
9104
9105
9106
9109
9110
9121
9122
9136
9137
9138
9141
9142
9153
9154
9155
9156
9157
9158
9159
9160
9161
9162
9164
9166
9167
9170
9174
9180
9181
9183
9185
9186
9187
9188
9189
9190
9191
9192
9193
9194
9196
9198
9199
9202
9206
9212
9213
9215
9217
9218
9219
9220
9223
9028
9249
9251
9252
9250
9255
9296
9303
9304
9305
9307
9309
9310
9311
9312
9313
9314
9315
9316
9317
9318
9319
9325
9328
8992
8993
8994
8995
8996
8999
9000
9001
9002
9011
9012
9013
9014
9016
9024
9025
9026
9035
9036
9037
9038
9039
9051
9052
9053
9054
9055
9056
9057
9058
9059
9060
9067
9068
9069
9070
9071
9072
9209
8202
8234
8390
8422
9027
8918
8921
8924
8950
9152
9171
9172
9173
9175
9176
9177
9178
9179
9182
9184
9203
9204
9205
9207
9208
9210
9211
9214
9084
4958
4990
7364
7396
9040
7363
7395
8073
8093
8105
8125
11353
11354
11596
11598
11599
11628
11630
11631
11815
11817
11821
7568
7600
3017
3049
14272
14304
14272
14304
14796
14797
14828
14829
11471
11472
11473
11474
11475
11477
11478
11480
11481
11482
11483
11484
11485
11487
11488
11503
11510
3138
3170
11862
12421
12428
11505
11506
11513
11517
11519
4042
4054
4074
4086
5581
5587
259
291
6147
6029
6031
6032
6034
6061
3083
3115
6592
6595
6596
6698
7616
7659
8072
8077
8084
8104
8109
8116
3129
10318
10319
10321
10322
10323
10325
10326
10327
10336
10337
10345
10347
10348
10349
10350
10351
10353
10354
10355
10357
10358
10359
6352
6356
6354
6367
6384
6386
6388
6594
6834
14094
14096
14097
10340
10341
10342
10343
10344
19
51
10760
10792
14092
14845
10413
10406
3671
3703
4032
4041
4043
4064
4073
4075
5580
5612
6189
6190
6199
6200
6201
6203
6204
6202
6207
6208
6209
6210
6206
6205
6211
6212
6213
6214
6215
6216
6217
6218
6219
6220
6221
6222
6223
6224
6225
6226
6228
6227
7368
7374
7400
7406
8132
8138
8139
8140
8156
8157
8158
8159
8164
8170
8171
8172
8188
8190
9794
9798
9801
9802
9818
9819
9822
9820
9821
9826
9830
9833
9834
9851
9850
9852
9853
9854
9857
9856
9865
9862
9864
9866
9871
9867
9868
9869
9870
9888
9889
9897
9894
9896
9923
9898
9924
9900
9899
9901
9902
9925
9932
9938
9939
9935
9942
9941
9944
9951
9949
9948
9955
9957
9956
9953
9968
9970
9971
9974
9967
9973
9976
9981
9980
9983
9984
9990
10002
9996
9993
9999
10001
10004
10003
10006
10005
10008
10011
10034
10037
10038
10036
10046
10043
10040
10058
10060
10059
10061
10062
10063
10064
10065
10069
10070
10091
10090
10093
10092
10097
10094
10095
10096
10102
10101
10231
10232
6188
10255
10285
10286
10287
10503
10505
10506
10521
10514
10523
10546
10553
10613
10606
10607
6191
6187
6192
6193
6194
6195
6196
6197
6198
7388
7389
7390
7391
9954
9997
9998
10000
10263
10264
10267
10270
10271
10284
10289
10290
10295
10296
10299
10302
10303
10304
10305
10306
10308
10309
10310
10312
10313
10314
10315
10513
10515
10516
10517
10518
10519
10545
10547
10548
10549
10550
10551
10604
10605
10608
10609
10610
10611
10612
10614
10616
10617
10618
10620
11373
11374
11375
11377
11378
11379
11380
11381
11382
11383
11385
11386
11396
11399
11404
11476
11479
11594
11611
11794
11795
11796
11797
11798
11799
11801
11800
11802
11804
11805
11806
11807
11826
11828
11827
11829
11830
11831
11832
10621
11834
11837
11833
11838
11839
11842
11841
11848
11852
11853
11854
11856
11858
11857
11860
11863
11865
11864
11868
11866
11873
11871
11874
11880
11884
11886
11889
11888
11885
11890
11892
11894
11897
11895
11898
11896
11900
11906
11903
11905
11904
11907
11908
11909
11911
11919
11922
11921
11926
11924
11928
11931
11933
11932
11937
11940
11943
11936
11941
11939
11938
11951
11953
11954
11958
11956
11960
11961
11962
11965
11963
11964
11972
11974
11978
11980
11981
11987
11984
11982
11983
11985
11986
11988
11990
11989
11998
11999
12004
12006
12012
12013
12010
12014
12015
12016
12017
12018
12019
12020
12021
12022
11992
11991
12030
12031
10622
10623
10624
10625
10626
10627
10628
10629
12037
12032
12034
12033
12036
12039
12042
12044
12040
12043
12045
12041
12047
12046
12049
12048
12051
12053
12052
12050
12023
12054
10630
10631
10632
10633
12056
12055
12057
12058
12063
12060
12062
12061
12064
12065
12070
12074
12076
12068
12071
12066
12075
12069
12078
12073
12077
12024
12079
12081
12082
12083
12080
12072
12086
12084
12085
12087
12089
12090
12088
12092
12093
12094
12095
12101
12102
12103
12117
12120
12123
12134
12135
12149
12152
12155
12169
12167
12170
12173
12174
12175
10634
12182
12183
12187
12185
12186
10635
10636
10637
12199
12201
12202
12205
12206
11975
12207
12214
12215
12217
12218
12224
12219
12227
10638
10639
10640
10641
10642
10643
10644
10645
10646
10647
10661
10668
12241
12242
12005
12256
12259
12273
12274
12171
12288
12289
12290
12291
12292
12297
12298
12300
12301
12311
12318
12320
12321
12323
12322
12324
11372
11376
12329
12330
12332
12333
12343
12350
12025
11976
11993
12354
12356
12007
12363
12358
12368
12365
12367
12203
12369
12372
12374
12386
11835
12390
12395
12397
12401
12399
12404
12406
12418
12431
12419
12426
12430
12429
12469
12432
12434
12433
12475
12008
12500
12499
12531
12532
12545
12544
12550
12549
12546
12547
12552
12503
12551
12553
12548
12554
12556
12560
12555
12558
12559
12557
12562
12535
12564
12561
12567
12565
12563
12566
12568
11973
11977
11979
12570
12571
12569
12573
12574
12572
12577
12575
12576
12578
12579
12580
12582
11994
11995
11996
11997
12581
12585
12583
12584
12588
12586
12589
12590
12591
12009
12011
12592
12593
12594
12595
12587
12596
12598
12597
12601
12600
12599
12026
12027
12028
12029
12604
12603
12602
12035
12506
12606
12608
12605
12607
12609
12610
12611
12038
12613
12614
12616
12615
12619
12623
12624
12626
12538
12627
12641
12640
12642
12643
12646
12647
12648
12651
12656
12067
12685
12681
12688
12686
12690
12691
12689
12694
12695
12692
12696
12509
12697
12698
12713
12718
12717
12720
12721
12722
12723
12724
12777
12780
12779
12782
12783
12188
12189
12190
12191
12541
12826
12220
12221
12222
12223
12858
12234
12883
12881
12885
12884
12914
12913
12915
12266
12916
12917
12941
12942
12943
12944
12940
12945
12946
12947
12948
12949
12360
13102
13117
13109
12392
13129
12400
13132
13131
13133
12435
12467
12468
12470
12471
12472
12473
13154
13155
13149
13156
13159
13160
13161
13165
13163
13164
13181
12645
12676
12677
12678
12679
12680
12684
12708
12709
12710
12711
12712
12716
12760
12766
12773
12774
13249
13250
13248
13252
12792
12798
12882
13638
12928
12929
12930
12931
12932
12933
13670
13664
12960
12961
12962
12963
12964
12965
14223
14228
14232
13103
13104
13105
13106
13107
13108
13111
13112
13113
13114
13115
13116
13118
13119
13144
13145
13146
13147
13148
13150
13153
13176
13177
13178
13179
13180
13182
13212
13213
13214
13215
13244
13245
13246
13247
13251
14214
980
4572
5562
7430
1622
1654
1664
1665
1666
1667
1668
1669
1672
1677
1690
1696
1697
1698
1699
1700
1701
1704
1709
1722
1733
1765
1807
1811
1815
1816
1817
1843
1848
1849
7240
10370
7343
4957
4989
16411
16415
16407
16447
263
294
295
14224
14227
14230
14233
14234
14225
14385
14386
14387
14388
14389
14395
14396
14397
14398
14399
14458
14473
14481
14489
14493
14505
14513
14521
14525
14528
14529
14532
14533
14546
14553
14554
14560
14561
14564
14565
14606
14617
14621
14623
14629
14630
14638
14649
14653
14655
14657
14661
14689
15430
15462
15463
15468
15469
16259
16260
16261
16262
16265
16266
16267
16268
16269
16270
16272
16273
16274
16275
16276
16277
16278
16280
16281
16282
16283
16284
16285
16286
16287
16291
16292
16293
16294
16298
16305
16306
16307
16308
16309
16313
16263
14374
16616
16619
16621
16622
16623
16624
16625
16626
16627
16628
16629
16632
16633
16634
16635
16636
16637
16638
16639
16640
16641
16642
16643
16644
16645
16646
16647
16648
16649
16650
16651
16652
16653
16654
16655
16656
16657
16658
16659
16660
16661
16662
16664
16665
16666
16667
16668
16669
16670
16671
16672
16673
16674
16675
16676
16677
16678
16679
16680
16681
16682
16683
16684
16685
16686
16687
16688
16689
16690
16691
16692
16693
16694
16696
16697
16698
16699
16700
16701
16702
16703
16704
16707
16710
16711
16713
16715
16717
16724
16726
16727
16728
16729
16736
16739
16742
16743
16745
16747
16749
16756
16758
16759
16760
16761
16770
16772
16773
16774
16786
16788
16789
16790
16792
16802
16804
16805
16806
16818
16820
16821
16822
16824
16833
16834
16835
16836
16837
16838
16839
16840
16841
16844
16845
16846
16848
16850
16851
16852
16853
16855
16856
16857
16858
16859
16860
16862
16863
16865
16866
16867
16869
16868
16870
16871
16872
16873
16876
16877
16878
16880
16882
16883
16884
16885
16936
14375
17044
17046
17047
17048
17049
17052
17053
17055
17056
17065
17067
17068
17069
17070
17071
17072
17076
17077
17078
17079
17080
17081
17084
17085
17087
17088
17089
17090
17091
17092
17093
17094
17096
17095
17099
17100
17101
17102
17104
17105
17116
17117
17120
17121
17122
17123
17125
17124
17126
17127
17128
17131
17132
17133
17134
17136
17137
14363
14376
14377
14378
14379
14381
14382
14383
14495
17149
14527
16258
16264
16279
16288
16290
16295
16311
17163
16613
17184
17188
17195
16705
16706
16708
16709
16712
16714
16716
16737
16738
16740
16741
16744
16746
16748
16775
16776
16777
16778
16807
16808
16809
16810
17045
17050
17051
17054
17082
17083
17086
17103
17106
17107
17108
17109
17110
17111
17112
17113
17114
17115
17118
17119
17135
17138
17139
17140
17141
17142
17143
17144
17145
17146
17147
17148
7141
17150
17151
17152
16194
16203
16206
16207
16226
16235
16238
16239
16399
256
257
258
260
261
262
264
265
266
288
289
290
292
293
296
297
298
656
688
3788
3792
3820
3824
3837
3852
3853
3860
3863
3884
3885
3892
3895
3906
3905
3904
3908
3932
3418
3420
3450
3452
3478
3479
3480
3481
3482
3483
3484
3486
3510
3511
3512
3513
3514
3515
3516
3518
7070
7071
7073
7102
7103
7075
7105
7074
7076
7077
7078
7079
7080
7081
7082
8919
8922
8925
8926
8927
8928
8929
8930
8932
8933
8934
8937
8943
8951
8954
8957
8958
8959
9061
9062
9063
9064
9065
9066
9113
9114
9117
9118
9145
9146
9149
9150
9216
9222
9235
9237
9238
9248
9254
9267
9269
9270
9302
9306
9308
9320
9334
9338
9340
9034
9029
9030
9031
9032
9033
9041
9042
9043
9044
9073
9074
9075
9076
14106
14104
14098
14102
14103
14107
14109
7106
402
434
1107
1108
1109
1112
1113
1118
1139
1140
1141
1144
1145
1150
1158
1170
1190
1202
1482
1514
1606
1638
1684
1685
1716
1717
2539
2548
2551
2606
3143
3155
3158
3175
3187
3190
3202
3234
2305
6025
7426
7429
7437
7458
7461
7469
8389
8421
2308
1047
1049
1050
1054
1120
1121
1125
1126
1132
1133
1134
2313
2337
2340
2345
2474
2507
2516
2519
13456
13458
13459
13461
13466
13488
13490
13491
13498
13499
13493
13654
13686
14352
14361
14362
14384
14393
14394
14400
14402
14401
14404
14403
14409
14405
14406
14410
14407
14411
14408
14412
14414
14416
14415
14417
14419
14420
14423
14424
14430
14429
14431
14432
14437
14433
14434
14435
14436
14438
14439
14440
14442
14441
14443
14444
14447
14446
14448
14456
14449
14455
14461
14462
14463
14477
14476
14475
14480
14479
14486
14488
14494
14491
14492
14507
14509
14508
14511
14512
14520
14518
14526
14523
14524
14530
14531
14534
14535
14539
14540
14562
14563
14604
14608
14609
14614
14616
14615
14619
14620
14622
14624
14628
14632
14631
14635
14636
14640
14641
14646
14648
14647
14654
14652
14651
14658
14662
14663
14664
14667
14666
14668
14669
14673
14671
14672
14674
4256
14678
14685
14686
14695
14687
14690
14694
14696
14698
14699
14701
14700
14705
14706
14703
14704
14709
14710
14718
14719
14720
14721
14722
14723
14724
14725
14727
14726
14728
14729
14730
14731
14733
14734
14735
14736
14745
14747
14746
14748
14749
14750
14751
14752
14753
14757
14754
14756
14755
14759
14758
14760
14762
14761
14763
14765
14766
14767
14768
14777
14779
14778
14780
14781
14782
14785
14784
14783
14788
14792
14789
14791
14800
14799
14795
14801
14804
14805
14806
14807
14811
14810
14809
14812
14816
14817
14821
14823
14827
14851
14831
14843
14839
14856
14850
14853
14861
14857
14860
14859
14862
14871
14866
14870
14872
14873
14875
14878
14874
14877
14876
14882
14888
14883
14893
14889
14891
14897
14892
14895
14894
14896
14905
14902
14898
14903
14904
14906
14915
14907
14913
14918
14917
14935
14928
14934
14927
14936
14933
14938
14939
14943
14945
14947
14949
14950
14951
14959
14960
14965
14966
14968
14967
14971
14979
14972
14970
14980
14976
14981
14984
14982
14983
14989
14987
14988
14991
14990
14992
15001
14996
14997
15007
15004
15005
15008
15006
15014
15013
15011
15012
15015
15020
15016
15019
15021
15022
15030
15028
15029
15033
15037
15036
15040
15038
15039
15042
15043
15049
15050
15067
15068
15071
15069
15070
15072
15074
15075
15081
15082
15099
15101
15100
15102
15105
15103
15104
15121
15118
15117
15119
15129
15128
15125
15126
15131
15127
15133
15132
15130
15134
15137
15135
15136
15149
15151
15150
15157
15158
15153
15159
15160
15161
15163
15162
15166
15164
15165
15167
15172
15176
15173
15181
15177
15180
15182
15183
15184
15186
15185
15190
15187
15191
15204
15195
15196
15205
15208
15209
15213
15214
15212
15215
15218
15217
15216
15219
15222
15223
15228
15227
15253
15254
15255
15259
15256
15257
15263
15258
15260
15265
15261
15262
15264
15266
15268
15269
15267
15274
15273
15279
15280
15283
15284
15285
15287
15286
15288
15296
15289
15290
15291
15295
15297
15300
15301
15314
15318
15316
15317
15322
15321
15328
15329
15332
15333
15349
15346
15348
15350
15353
15354
15380
15379
15381
15386
15383
15384
15388
15389
15390
15411
15412
15413
15415
15416
15418
15420
15421
15446
15422
15424
15425
15447
15450
15452
15457
15454
15453
15456
15474
15477
15479
15478
15482
15484
15485
15486
15502
15503
15507
15506
15511
15509
15512
15513
15517
15516
15518
15519
15534
15535
15538
15539
15548
15543
15549
15550
15551
15555
15560
15558
15563
15559
15562
15561
15566
15565
15567
15571
15572
15574
15575
15578
15579
15587
15590
15591
15592
15593
15594
15595
15597
15598
15599
15603
15604
15610
15611
15809
15811
15817
15813
15814
15819
15818
15825
15821
15820
15829
15826
15827
15828
15830
15832
15831
15833
15835
15836
15834
15837
15841
15846
15843
15845
15850
15849
15851
15852
15853
15854
15855
15856
15857
15858
15859
15860
15861
15862
15865
15867
15863
15864
15866
15893
15868
15897
15898
15903
15902
15901
15906
15904
15907
15910
15911
16084
16116
16719
16969
16970
16974
16975
16978
16979
17004
17005
17006
17002
17001
17007
17010
17011
17024
17035
17037
17033
17041
17042
17073
17074
12133
14556
16611
16972
16973
5346
5351
5353
5354
5355
5356
5357
5358
5359
5360
5361
5362
5363
5364
5365
5366
5367
5368
5369
5370
5371
5375
5376
5377
5378
5379
5380
5381
5382
5383
5384
5386
5387
5388
5390
5391
5392
5393
5395
5396
5397
5398
5399
5402
5403
5406
5407
5408
5409
5410
5411
5412
5413
5414
5415
5416
5418
5419
5420
5422
5423
5424
5425
5427
5428
5429
5430
5431
5434
5435
5438
5439
5441
5442
5445
5446
5447
5448
7927
7929
7930
7931
7932
7935
7936
7937
7939
7941
7942
7943
7948
7949
7950
7956
7971
7974
7975
7980
7981
7982
7983
7984
7985
7987
7988
7989
7990
7991
7992
7993
7994
7995
7996
7997
7999
8002
8003
8006
8007
8008
8009
8010
8011
8013
8015
8016
8017
8019
8020
8021
8022
8024
8025
8026
8078
8110
9348
9350
9354
9356
9357
9358
9359
9360
9414
9415
9416
9417
9418
9419
9420
9421
9422
9423
9424
9425
9426
9427
9428
9431
9432
9433
9434
9435
9436
9446
9448
9449
9450
9451
9452
9453
9454
9455
9456
9457
9458
9459
9460
9463
9464
9465
9466
9467
9468
9472
9473
9474
9475
9476
9477
9479
9481
9482
9483
9484
9485
9486
9487
9488
9489
9490
9491
9492
9493
9494
9495
9496
9497
9498
9499
9500
9501
9502
9503
9504
9505
9506
9507
9508
9509
9511
9512
9513
9515
9516
9517
9518
9519
9520
9521
9522
9523
9524
9525
9526
9527
9528
9529
9530
9531
9532
9533
9534
9535
9536
9539
9540
9541
9542
9543
9545
9546
9552
9553
9554
9556
9558
9559
9560
9561
9562
9563
9564
9565
9567
9568
9571
9572
9573
9574
9575
9577
9578
9584
9585
9586
9588
9590
9591
9592
9593
9594
9595
9596
9597
9599
9600
9601
9602
9604
9605
9608
9609
9618
9619
9622
9623
9624
9625
9626
9627
9630
9632
9633
9634
9636
9637
9640
9641
9650
9651
9654
9655
9656
9657
9658
9659
9662
9669
9671
9672
9673
9674
9677
9678
9681
9684
9701
9703
9704
9705
9706
9709
9710
9713
9716
9742
10673
10674
10681
10689
10704
10736
11524
11525
11526
11527
11528
11529
11530
11531
11532
11533
11534
11535
11536
11537
11538
11539
11540
11541
11542
11543
11544
11545
11546
11547
11548
11549
11550
11551
11552
11553
11554
11555
11556
11557
11558
11559
11560
11561
11562
11563
11564
11565
11566
11567
11568
11569
11570
11571
11572
11575
11576
11577
11578
11579
11580
11581
11582
11583
12442
12443
12445
12446
12447
12448
12449
12452
12453
12454
12455
12456
12457
12458
12459
12460
12461
12462
12463
12465
12466
12474
13020
5345
5347
5348
5350
5443
7944
7946
7947
7976
7978
7979
9447
10687
12438
12439
12440
12441
12994
12995
12996
12997
13000
13001
13008
13010
13021
13022
13023
13026
13027
13028
13029
13032
13033
13040
13042
4502
4510
7658
2522
4512
6076
6077
11397
11400
11401
11402
11403
11600
11603
11607
11610
11632
11635
11840
11844
11847
11867
11869
11870
11872
11876
11879
11899
11901
11902
13510
13522
13542
13554
13706
13711
13738
13743
14961
14962
15114
15146
15327
15359
16370
16372
16373
16377
16381
16382
16455
16465
16468
16469
16470
16473
16487
16497
16500
16501
16502
16505
1056
6832
6835
14834
8464
8496
9943
9975
9987
9994
10019
10026
11356
11388
11613
11643
11645
11648
11649
11651
11652
11655
11656
11659
11661
11662
11663
11664
11665
11666
11667
11669
11670
11674
11675
11678
11679
11681
11691
11693
11694
11695
11696
11697
11698
11699
11701
11702
11706
11707
11710
11711
11712
11803
11836
11843
11849
11875
11881
12226
12228
12229
12230
12231
12232
12258
12260
12261
12262
12263
12264
12308
12340
12362
12388
12394
12477
12478
12479
12480
12498
12502
12504
12508
12512
12530
12534
12536
12540
12612
12617
12628
12630
12631
12636
12644
12649
12639
12660
12662
12663
12668
12671
12673
12675
12693
12699
12700
12701
12702
12703
12704
12705
12707
12761
12762
12763
12764
12765
12767
12768
12772
12778
12775
12776
12781
12793
12794
12795
12796
12797
12799
12801
12820
12833
12864
12870
12886
12887
12888
12889
12890
12891
12892
12894
12895
12896
12902
9936
12918
12919
12920
12921
12922
12923
12926
12927
12953
12985
13120
13138
13142
13143
13152
13234
13241
13635
13660
13692
9964
4442
4445
4473
4474
4477
5468
5475
5476
5477
5479
5480
5500
5473
9926
9929
9958
9961
9985
9986
9988
9991
9995
10017
10018
10020
10023
10027
12804
12805
12806
12807
12808
12809
12811
12836
12837
12838
12839
12840
12841
12843
12924
13235
3962
4168
4200
4441
13897
10126
10128
10129
10132
10133
10135
10136
10138
10140
10141
10160
10161
10164
10165
10167
10168
10170
10172
10173
10176
10177
10208
10209
9412
9413
10125
10179
10180
10204
10211
10212
10236
10565
10566
10567
5349
15564
15573
15576
15586
15588
15589
15608
15554
15557
15556
15596
15601
15602
15605
7703
7735
16186
14879
14911
6661
7434
7466
6734
6735
6736
6737
6766
6767
6768
6769
6606
10207
10210
10213
10214
10215
10216
10217
10220
10239
10240
10241
10246
10249
10256
10259
10260
10261
10262
10265
10266
10268
10269
10272
10273
10278
10281
10288
10291
10292
10293
10294
10297
10298
10300
10301
10317
6638
6660
144
147
143
146
175
176
178
179
1154
1186
1630
1662
4726
4727
7414
7415
7417
9849
7418
9914
9917
9920
9921
9922
9933
9952
9965
17199
17167
17168
17170
15319
15343
15344
15345
15351
15357
15360
15361
15362
15363
15364
15365
15366
15367
15368
15369
15370
15371
15372
15373
15374
15375
15377
15378
15391
15392
15393
15394
15395
15396
15397
15398
15399
15400
15401
15402
15403
15404
15405
15406
15407
15409
15410
17200
17202
14739
14740
14741
14742
14743
14790
14822
15112
15144
15192
15193
15224
15225
15229
15230
15298
15330
15334
15340
15341
15423
15426
15427
15428
15429
15822
15823
15824
15382
15385
15387
15414
15417
15419
15710
15707
15739
15742
8284
8287
8316
8319
10497
10499
10529
10531
10498
10500
10507
10504
10508
10510
10530
10532
6349
6350
6353
6360
6361
6362
6363
6365
6381
6382
6385
6409
6410
6411
6412
6413
6414
6415
6416
6417
6418
6420
6421
6422
6423
6424
6425
6426
6427
6428
6429
6430
6431
6435
6436
6437
6438
6439
6440
6441
6442
6443
6444
6445
6446
6447
6448
6449
6450
6452
6453
6454
6455
6456
6457
6458
6459
6460
6461
6462
6463
6464
6465
6466
6467
6468
6469
6470
6471
6472
6487
6488
6489
6491
6492
6493
6494
6495
6496
6497
6498
6499
6500
6501
6502
6503
6504
6519
6520
6521
6523
6524
6525
6526
6527
6528
6529
6530
6531
6559
6591
6654
6655
6657
6659
6662
6663
6664
6665
6658
6666
6667
6668
6669
6670
6671
6672
6673
6674
6733
6765
4608
4611
6406
6407
6408
6473
6474
6475
6476
6477
6478
6479
6480
6481
6482
6483
6484
6485
6486
6490
6505
6506
6507
6508
6509
6510
6511
6512
6513
6514
6515
6516
6517
6518
6522
6656
6392
6393
6394
6395
6401
6399
6402
6403
6405
14359
14832
14833
14941
14942
14957
14958
14964
14969
14973
14974
4724
12982
12983
13003
13004
13006
3192
7320
7421
6852
7572
7604
8639
8685
8689
8690
8693
2009
8709
8710
8713
8716
8717
8859
8891
2008
2007
16007
16011
16012
16039
16043
16044
2597
3948
8829
15455
15436
15437
15461
15460
15522
17155
16256
16289
17187
10118
404
436
7366
7370
7398
7402
7412
7416
7419
7424
7425
7456
7457
9930
9962
13009
13041
7040
2617
13007
716
717
718
719
720
721
722
723
724
725
726
728
729
735
743
734
742
747
748
749
750
751
752
753
754
755
756
757
758
759
760
761
762
763
764
765
766
767
769
771
772
773
774
775
776
777
778
779
780
781
782
783
784
785
786
789
787
788
791
795
798
799
801
810
811
816
727
737
741
730
731
732
733
740
744
745
15458
15459
704
706
707
714
736
738
739
746
768
770
800
802
1156
1159
1162
1169
1174
1175
1179
1181
1182
1183
1188
1191
1194
1201
1206
1207
1210
1211
1213
1214
1215
1227
1228
1388
1389
1390
1391
1392
1393
1394
1395
1396
1397
1398
1401
1405
1408
1409
1410
1411
1412
1413
1414
1415
1416
1417
1418
1736
1737
1832
1833
1834
1835
1836
1837
1838
3399
3431
5789
5790
5791
5821
5822
5823
5824
5828
5830
5831
5833
5834
5841
5846
5847
5853
5856
5857
5859
5860
5861
5862
5863
5864
5865
5866
5868
5885
7188
7220
15448
15451
797
1180
1212
1225
1810
1818
1839
1842
1850
5827
5188
5220
401
433
1982
1986
1987
1988
1989
1990
1992
1993
1994
1996
1997
1998
1999
2001
1940
14650
14679
14680
16785
16817
1946
1949
1944
1947
1976
1950
1978
1979
1981
14618
14993
14994
15023
15025
15026
10398
10399
8195
8227
8286
8318
8325
8328
8329
8336
8343
8349
8375
8498
8499
8517
8518
8528
8530
8531
8533
8534
8535
8536
8537
8538
8541
8542
8543
8544
8545
8548
8549
8550
8560
8562
8563
8565
8566
8567
8568
8569
8570
8573
8574
8575
8576
8578
8579
8580
8583
8592
8593
8594
8595
8596
8597
8598
8599
8600
8602
8603
8604
8605
8606
8684
8688
8691
8694
8695
8696
8704
8705
8706
8707
8708
8711
8714
8715
8727
8733
8734
8735
8736
8737
8738
8739
8740
8759
8760
8761
8762
8763
8764
8765
8766
8767
8768
8769
8770
8771
8772
8773
8774
8776
8800
8801
8802
8803
8804
8805
8806
8808
8601
3850
3882
8756
8755
8757
8758
3844
3876
16054
16058
16059
16842
16874
17156
17159
17191
11910
11912
11913
11914
11916
11917
11918
11920
11923
11925
11927
11942
11944
11945
11946
11948
11949
11950
3849
3881
3907
3914
3909
3912
3917
3918
3919
3916
3921
3922
3923
3924
3925
3927
3939
3941
3944
4241
4273
4444
4476
4505
4898
4897
4899
4900
4901
4902
4903
4904
4894
4892
4906
4893
4905
4907
4910
4911
4913
4914
4915
4916
4921
4919
4922
4920
4918
4917
4908
4912
4929
4923
4927
4931
4932
4933
4928
4924
4930
4925
4926
4956
4935
4970
4971
4973
4978
4980
4967
4972
4974
4976
4975
4977
4981
4979
4982
4983
4986
4987
4985
4984
4988
6273
6274
6275
6276
6277
7413
3137
9861
9872
9877
9880
9883
9884
9886
9885
9893
9928
9940
9937
9945
9966
9960
9950
9977
9969
9972
9982
9989
9992
10024
10021
10346
10401
10434
10436
10402
10433
10435
10437
10441
10442
10443
10444
10446
10440
10439
10445
10449
10448
10450
10452
10451
10453
10454
10455
10456
10457
10466
10459
10462
10460
10461
10463
10465
10468
10467
10469
10472
10473
10474
10475
10471
10476
10478
10481
10477
10484
10482
10480
10483
10488
10485
10486
10487
10489
10491
10492
10493
10494
10495
10501
10502
10509
10511
10512
10520
10533
10534
11352
11934
11935
12492
12494
12497
12501
12524
12529
12526
12533
12632
12629
12625
12637
12633
12634
12635
12638
12665
12661
12657
12664
12672
12666
12667
12682
12674
12669
12670
12714
12706
12725
12726
12729
12734
12728
12731
12730
12733
3866
12735
12744
12737
12739
12740
12743
12750
12747
12746
12751
12749
12757
12769
12771
12789
12827
3864
11934
11935
3870
3896
3898
3902
3910
3911
3913
3915
3926
3928
3929
3931
12871
12872
12873
12874
12875
12877
12876
12878
12893
12903
12904
12905
12906
12907
12908
9934
9946
9947
9978
9979
12909
12910
12925
12956
12481
12486
12487
12490
12491
12493
12495
12496
12505
12507
12510
12511
12513
12518
12519
12522
12523
12525
12527
12528
12537
12539
12542
12543
12683
12687
12715
12719
12988
12727
12732
12741
12742
12745
13126
12748
13135
13134
13136
13139
13151
13158
13166
13170
13167
13168
13169
13174
13173
13171
13175
13183
13187
13184
13186
13189
13190
13188
13191
13192
12800
12803
13194
13195
13198
13197
13199
13201
12810
12812
13204
13206
13203
13200
13202
13205
12815
13210
13209
13216
13211
13218
13220
13219
13221
13223
13222
13226
13227
13224
12823
13230
13233
13231
13229
13243
13232
12828
12829
12830
12831
14826
12832
12835
12842
12844
12865
12866
12867
12868
12869
12897
12898
12899
12900
12901
12950
12951
12952
12954
12955
12984
12986
12987
13137
13141
13185
13217
14794
13641
13644
13673
13676
8469
9906
9909
9913
5710
5742
12168
13460
13462
13463
13492
13494
13495
12172
12200
12204
12235
12267
16590
16591
16592
16593
16595
16596
16597
16600
16601
16602
16603
16604
16605
16606
16607
16608
16609
16612
16615
16576
16581
16579
16577
16580
16583
16584
16587
16589
16594
14708
14713
14714
5071
5103
7311
6793
7310
3154
3186
3393
3394
3398
3400
3401
3402
3403
3404
3405
3408
3409
3414
3416
3423
3425
3426
3430
3432
3433
3434
3435
3436
3437
3440
3441
3446
3448
3455
5889
5921
1068
1070
1083
1092
1096
1098
1099
128
14418
14422
14428
14450
14454
14460
14464
14465
14472
14474
14478
14482
14483
14484
14485
14487
14490
14496
14497
14504
14506
14510
14514
14515
14516
14517
14519
14522
14537
14538
14541
14542
14543
14544
16578
16582
16585
16586
16588
16614
16617
16618
16620
16768
16769
16779
16782
16783
16791
16795
16796
16799
16800
16801
16811
16814
16815
16823
16827
16828
16831
16847
16849
16879
16881
16953
16959
16960
16991
16992
16994
16996
16999
17000
17003
17014
17015
17025
17026
17027
17028
17029
17030
17032
17036
17038
17039
17040
17043
17057
17058
17059
17060
17061
17062
17064
17075
17153
17185
16968
11384
16962
14425
14451
14457
16718
16750
16964
16971
16967
16982
16983
16984
16985
16987
5389
5401
5405
5417
5421
5426
5432
5433
5437
6397
9349
9351
9353
9361
9366
9367
9376
9377
9378
9379
9381
9382
9383
9384
9385
9386
9387
9388
9389
9390
9391
9392
9393
9394
9444
9445
9478
9480
9510
9514
9537
9548
9555
9557
9566
9569
9580
9587
9589
9598
9603
9607
9617
9621
9635
9639
9642
9644
9645
9646
9648
9649
9653
9664
9665
9666
9670
9696
9697
9698
9702
9732
9733
9734
9735
9738
9739
9741
10130
10131
10134
10137
10139
10142
10143
10162
10163
10166
10169
10171
10174
10175
10544
10680
14426
11398
11430
14557
11593
11625
12444
12464
12476
5385
5394
5400
7928
10552
8923
8955
9221
9253
9088
9120
15618
15622
15641
15650
15654
15673
15989
16040
16532
16564
15624
15617
15649
7296
7299
7301
7300
7302
7322
7323
7324
7326
7327
7328
7329
7331
7332
7333
7334
9858
9859
9860
9873
9874
9878
9881
9882
9887
9890
9891
9892
9927
9931
9959
9963
15656
15767
15799
15980
15981
15988
16008
7063
7095
7325
11650
7072
7902
7934
7938
7970
8018
8023
8027
8028
8029
8030
8031
8032
8034
8035
8036
8037
8039
8040
8043
8044
8046
8047
8048
8049
8050
8051
8052
8053
8055
8056
8057
8058
8059
8060
8061
8062
8404
8402
8406
8405
8409
8410
8466
8465
8468
8467
8470
8473
8474
8478
8477
8479
9364
9365
9411
9437
9438
9439
9443
9469
9470
9471
9550
9551
9582
9549
9581
9583
9610
9612
9613
9614
9615
9616
9628
9631
9629
9667
9675
9676
9660
9647
9683
9685
9686
9687
9663
9661
9690
9691
9680
9682
9692
9693
9689
9694
9695
9699
9707
9708
9715
9712
9717
9718
9719
9722
9723
9724
9725
9714
9721
9726
9727
9728
9729
9731
9736
9737
9740
9743
9744
9745
9746
9747
9748
9749
9750
9751
9752
9753
9754
9755
9756
9757
9760
9761
9758
9759
9763
9764
9765
9766
9767
9768
9769
9770
9771
9772
9773
9774
9775
9776
9777
9778
9779
9780
9781
9782
9783
9784
9785
9786
9787
9788
9789
9791
9790
10112
10114
10113
10127
10116
10119
10117
10120
10122
10121
5343
10123
10145
10144
10146
10147
10148
10149
10150
10151
10152
10153
10159
10181
10182
10185
10154
10155
10156
10158
10183
10184
10202
10203
10234
10235
10243
10245
10248
10277
10275
10280
10538
10537
10577
10576
10583
10592
10593
10594
10595
10683
5344
7896
10686
8005
10690
7901
7933
7940
7945
8000
7977
7998
8004
8012
8014
8038
8041
8042
8045
8054
10693
10692
9380
9611
9643
10157
10178
10186
10187
10188
10189
10190
10191
10193
10194
10195
10197
10198
10199
10200
10218
10219
10221
10222
10225
10226
10227
10229
10230
10244
10247
10250
10251
10276
10279
10282
10283
10574
10575
10578
10580
10581
10584
13017
10675
10676
10679
13035
10682
13038
13039
13049
10684
13083
13086
10685
13667
14164
14196
10688
10691
10694
10695
10696
10697
10698
10699
10700
10701
10702
10703
10726
10727
10732
10733
10735
12450
12451
13018
13019
13050
13051
13052
13053
13054
13055
13056
13057
13058
13059
13061
13062
13063
13064
13065
13066
13067
13068
13069
13070
13071
13072
13073
13074
13075
13076
13077
13078
13088
13089
13090
13091
13098
13099
2430
5440
5474
11959
4108
4140
5478
9606
9638
12352
12384
12416
12417
5914
5946
11736
2951
2952
2983
2984
10944
10976
14863
14864
13506
13515
13516
13518
13538
13540
13547
13548
13550
14681
14682
9115
9116
9123
9124
9127
9128
9129
9130
9133
9139
9140
9143
9144
9147
9148
9151
5132
5164
15914
15915
15917
15918
15919
15920
15921
15922
15924
15926
15928
15929
15932
15943
15944
15945
15946
15947
15950
15951
15952
15953
15954
15955
15958
15959
15960
15961
15962
15963
15964
15965
15966
15967
15975
16187
16215
16247
17016
17017
17019
17023
17181
17182
17208
17209
17210
17211
17212
17213
17214
17217
17218
15810
8398
8430
11626
11955
11952
11957
12059
12091
12105
12104
12107
12106
12108
12109
12110
12111
12114
12112
12113
12115
12116
12118
12122
12124
12125
12127
12126
12146
12143
12144
12145
12147
12148
12150
12136
12137
12138
12139
12140
12141
12142
12154
12156
12157
12158
12159
12166
12176
12177
12178
12181
12179
12180
12184
12198
12208
12209
12210
12211
12212
12213
12216
12233
12236
12239
12240
12243
12244
12245
12246
12248
12249
12250
12251
12252
12253
12254
12255
12265
12268
12272
12276
12271
12275
12278
12277
12280
12281
12282
12283
12284
12285
12286
12287
12293
12296
12299
12302
12303
12304
12305
12306
12307
12309
12310
12312
12313
12314
12315
12317
12316
12319
12325
12328
12331
12334
12335
12336
12337
12338
12339
15816
12341
12342
12344
12345
12346
12347
12349
12348
12357
12353
12351
12355
12359
12364
12361
12366
12370
12371
12373
12375
12377
12376
12378
12379
12382
12383
12385
12387
12389
12391
12393
12396
12398
12402
12403
12405
12407
12408
12409
12410
12411
12414
12415
12958
12957
12959
12989
12990
12991
12992
12993
13002
15842
15894
15890
15848
15886
15896
15900
15909
11966
11967
12237
12238
12247
12269
15883
12270
12279
15957
12380
12381
12412
12413
15956
15302
15304
15306
15307
15308
15309
15312
15313
15315
15336
15338
15339
15347
15442
15445
15895
15899
15912
15913
15916
15927
15930
15931
15934
15935
15936
15937
15938
15939
15940
15941
15942
15968
15969
15970
15971
15972
15973
15974
16904
16920
16922
16952
16954
17034
17066
17219
16730
5352
1558
1590
7068
7069
7100
7101
6884
7058
7065
7090
7097
7051
7054
7055
7056
7057
7059
7060
7061
7062
7064
7066
7067
7083
7086
7087
7088
7089
7091
7092
7093
7094
7096
7098
7099
7104
7136
3930
3622
4104
4359
4391
4438
4470
5005
5022
5037
5054
5652
6763
6374
15472
16177
16735
6342
12966
12967
12970
13316
13332
13333
13336
13348
13364
13365
13368
9903
8345
8377
8391
8394
8400
8432
8423
8426
8472
8471
8507
8506
8481
8476
8475
8503
8480
8512
8510
8519
8520
8521
8522
8523
8524
8525
8527
8526
8529
8532
8539
8547
8554
8540
8572
8571
8546
8556
8558
8557
8559
8551
8561
8552
8553
8564
8555
8581
8582
8585
8586
8613
8607
8614
8617
8618
15305
15299
15303
15311
15324
15320
15325
15323
15331
15335
15337
15352
15355
15356
3162
3194
6800
9368
9371
9374
9399
9400
9403
9406
7420
7422
7423
14808
14840
14998
14999
15000
13331
13334
13363
13366
13512
13521
13524
13525
13528
13529
13531
13533
13534
13544
13553
13556
13557
13560
13561
13563
13565
13566
8160
11672
11704
11713
11714
11715
11717
11718
11719
11720
11721
11722
11725
11726
12859
11727
12861
12862
7775
7807
7817
7826
7827
7830
7832
7849
7858
7859
7864
8920
8931
8935
8938
8939
8952
8974
8978
8985
8986
8987
8989
8990
9005
9004
8988
8991
9006
9010
9018
9017
9023
9019
9020
9022
9021
9091
9092
9095
9096
9097
9098
9099
9101
9102
9108
9111
9112
9131
9134
9228
9226
9225
9224
9227
9229
9230
9233
9234
9231
9232
9236
9240
9247
9256
9257
9258
9259
9260
9261
9265
9263
9262
9264
9266
9268
9272
9283
9284
9279
9285
9286
9287
9288
9293
9297
9298
9299
9300
9301
9329
9330
9331
9332
9333
7829
9003
9008
9007
9009
9119
9107
9239
9241
9242
9243
9244
9245
9271
9273
9274
9275
9276
9277
9280
9281
9282
12121
12153
12295
12327
14413
14427
14445
14459
15948
16379
16889
16892
16888
16895
16903
16921
16927
16935
16961
16981
16993
17013
17227
17229
17230
17235
17236
17239
17243
17244
12225
12257
3573
12096
12097
12098
12099
12100
12119
12128
12129
12130
12131
12132
12151
16751
6419
6451
6724
6725
6726
6727
6728
6729
6731
6730
6756
6758
6757
6759
6760
6762
6761
15949
7463
16762
16887
16890
16891
16894
12998
17220
17221
17222
17223
17224
17225
17226
14702
14885
6432
6433
6434
1945
1977
1985
2004
2016
2017
2019
2020
2022
2398
2475
2478
2494
2503
2521
2523
2535
2527
2553
2554
2558
2555
2524
2561
2562
2557
2526
2564
2563
2560
2572
2556
2579
2565
2568
2567
2566
2569
2570
2571
2578
2577
2596
2593
2604
2598
2599
2601
2603
2602
2610
2609
2608
2611
2694
2726
2702
2703
2706
2704
2692
2691
2705
2724
2723
2734
2735
2737
2736
2738
2753
2754
2756
2755
2757
2758
2759
2760
2761
2762
2763
2764
2785
2786
2787
2788
2789
2790
2793
2791
2794
2792
2796
2795
2921
2889
2905
2937
1995
7213
7181
1941
15697
15696
15703
15708
15701
15704
15709
15728
15729
15733
15735
15736
15740
15741
16145
16147
16150
16148
16140
16136
16149
16168
16172
16179
16182
16181
16180
16986
17018
17031
17063
17161
17193
17162
17207
17194
2003
1972
1973
2025
2030
2442
2443
2446
2514
2546
2697
2729
15577
15609
15612
15613
15614
15690
15722
16188
16190
16191
16184
16185
16219
16251
16151
4067
5651
13768
14607
3412
15206
15443
15467
17246
15188
15342
15483
336
380
339
368
371
540
529
561
572
1147
1148
1114
1106
1111
1110
1115
1117
1116
1119
1129
1138
1142
1143
1146
1149
1153
1151
1160
1163
1168
1166
1172
1173
1185
1192
1176
1195
1198
1200
1204
1208
1205
1246
1256
1257
1260
1259
1263
1265
1267
1268
1269
1271
1272
1277
1278
1279
1284
1287
1288
1299
1300
1305
1311
1316
1298
1319
1320
1331
1332
1337
1343
1350
1349
1351
1352
1348
1330
1354
1355
1380
1383
1382
1381
1386
1384
1387
1673
1705
1675
1689
1686
1687
1691
1707
1718
1719
1721
1723
1224
4622
4623
4612
4626
4633
4634
4617
4642
4616
4654
4655
4657
4658
4644
4649
4666
4665
4648
4764
4796
1231
5851
7195
7227
1233
8320
8324
8326
8327
8330
8331
8333
8334
8337
8338
8346
8352
8353
8356
8357
8358
8359
8363
8362
8361
8365
8366
8369
8370
8371
8378
8382
8387
8388
8364
8360
8368
8367
8386
8419
8420
8381
8383
8385
8384
8418
8780
8786
1235
8781
8789
8785
8782
8796
8822
8792
8813
8791
8821
8812
8790
8795
8825
8814
8823
8818
8809
8793
8817
8828
8824
8827
8845
8832
8846
8842
8848
8861
8847
8852
8849
8856
8854
8857
8862
8874
8863
8864
8892
8888
8894
8877
8878
8886
8881
8884
8908
8909
8904
8902
8899
8906
8903
8879
8897
8907
8880
8889
8893
8895
8900
8912
8936
8905
8901
8910
8911
8942
1236
1237
1239
1240
1245
1247
1280
1281
1282
1283
1291
1292
1295
1296
1312
1313
1314
1315
1323
1324
1327
1328
14348
14380
14625
14772
14775
14773
14774
14771
14820
14940
15124
15156
15174
15171
15175
15179
15189
15178
15210
15203
15207
15220
15221
15232
15211
15234
15235
15236
15237
15233
15241
15240
15242
15243
15247
15252
15248
15272
15449
15480
15481
15528
15529
15532
15533
4620
4625
15905
4637
4638
4639
4652
5850
8321
8896
12802
12834
14634
14605
14610
14612
14613
14611
14626
14642
14644
14643
14637
14639
14665
14670
14675
14676
14645
14659
14677
14697
14707
14744
14732
14764
14776
14793
14842
14841
14975
14855
14854
14887
14865
14886
15024
15031
15048
15080
15098
15271
15270
15278
15277
15510
15514
15515
15531
15537
15540
15541
15542
15546
15568
15547
15581
15582
15580
15600
15881
15882
15891
15923
16271
16303
17129
17097
17098
17130
15487
15490
15844
15812
15874
15877
16154
16155
2462
539
684
923
9845
9278
9295
9327
11591
11623
11639
11642
11746
3495
8115
10324
14963
16951
815
7303
7304
7305
7335
7337
7336
3036
3068
3087
824
8777
9246
159
160
9823
10316
10307
10311
14452
16233
16201
15711
15743
1008
10677
14814
14815
14846
14847
7954
7986
5444
9620
9652
10591
10586
10579
10588
10590
10587
10582
8001
12999
13014
13079
13034
13037
13005
13025
13092
13031
13060
13046
8033
9396
9397
9668
9700
9762
4725
9730
5854
5867
13081
13085
13087
1242
1274
4636
7264
646
13771
13803
9912
9915
9918
9916
10432
10464
681
9800
10956
4615
14080
14086
5923
14358
7432
7470
11660
11692
972
16732
16721
16731
16734
16753
16764
16763
16897
16766
16896
16905
16898
16902
16901
16900
16899
16908
16926
16914
16924
16917
16949
16934
16930
16932
16940
16933
16958
16931
16937
16929
16928
16946
16956
814
7471
10953
485
954
922
4049
4609
13772
5521
790
794
793
8577
8609
8983
9015
796
8775
8807
979
975
1084
1012
1085
1011
976
1007
974
1006
1004
14717
1036
1038
3397
7465
10990
10958
11608
13335
648
647
3415
953
678
451
685
661
3125
2958
653
453
942
682
3421
836
840
680
2993
2961
2990
2991
952
2994
2962
951
956
3499
3411
3429
3427
3407
3438
3417
3410
3444
3443
4038
3463
3498
4603
3749
3570
3587
3574
3783
3542
3592
4046
4472
3539
4606
3623
4479
4082
4575
4590
4602
5215
4728
5684
5187
5557
5530
5912
5982
5687
6866
7435
7226
5944
6871
7229
6972
6970
7405
7379
7427
7411
7459
7464
7473
9841
9809
9832
10954
9816
10987
9831
9836
9835
10986
11686
11584
11685
10985
11016
11756
11595
13374
13343
13324
14143
14084
571
3424
4966
5893
11590
13774
1124
1128
1130
1131
14199
4573
6775
9799
11586
15489
17228
921
4081
13125
4558
5655
6602
6648
6651
10228
10233
9855
10242
12784
12785
12880
12879
12935
12936
12937
12938
12971
12911
12934
12968
12912
12939
12969
13225
13193
3497
3464
3588
9844
910
649
7401
7440
919
7462
924
7472
8082
2995
3395
3406
4471
4475
4478
4570
4574
4613
4614
4717
5114
16344
16966
652
1103
3093
4088
4604
4605
4721
5553
5654
5688
6870
6875
6878
6964
3453
3447
3466
4733
5186
13800
14263
13804
13564
4607
2963
3717
3442
3815
3778
2959
3467
10
4577
3571
3624
3620
3591
679
3392
4746
14167
3449
14231
4545
3621
3572
3462
4571
3569
3541
3413
3619
13375
13514
13523
13527
13535
13546
13555
13559
13705
13765
13797
13806
14081
14082
14083
14085
14360
3465
6014
4742
6966
3590
5218
5683
3589
5826
6868
4774
6867
4735
5925
5894
4838
5891
3537
6872
5653
4730
5685
5845
6783
5247
6873
5656
6969
4806
5686
6869
5892
5924
5219
4778
6874
5926
3540
7194
3538
3494
3496
650
693
3445
3439
848
483
7441
8248
8213
7431
8412
7377
10522
8244
8083
8787
10099
8439
8249
8216
9813
7467
8816
9812
8247
8214
8212
9797
8440
7438
9796
8815
9827
9807
8435
8783
9828
10067
9804
9829
10528
8245
8114
7474
8784
9795
8819
7442
8798
9839
9848
7468
8444
7373
9803
8215
10955
8820
7228
10957
10989
11705
11700
11587
11624
11709
11689
11676
11619
11887
11621
11640
11755
11629
11646
11747
7439
11627
11753
11620
11609
11636
11708
11677
11703
11855
11654
11641
13045
11754
11653
11622
11589
11647
11673
11585
11618
11657
11592
11597
11588
11604
7409
11690
10988
11617
11658
11671
11616
11614
11615
13030
11437
7436
7428
7196
7433
7460
7369
9544
9547
5201
9576
9579
5201
5201
4136
13354
4035
4070
5525
6907
11915
6899
14113
13356
6905
4056
14115
7197
14087
6900
6903
13322
13367
14470
6910
14112
7197
6932
14656
14909
14660
14549
15085
15281
15432
15471
15470
15086
15073
15815
15473
15839
15465
15466
16374
16348
16383
16378
16342
16893
16421
16376
16945
16912
16980
16725
17158
17192
17234
17171
17237
4440
4078
955
13342
920
4050
4443
4439
4446
