169
171
172
173
175
176
177
180
181
183
184
185
186
187
188
189
190
191
193
194
195
196
197
200
201
203
204
206
207
208
209
211
212
214
216
217
218
221
222
225
226
227
228
229
232
233
235
236
238
239
240
241
265
266
269
270
273
297
298
243
244
246
248
249
250
253
254
258
259
261
262
263
264
290
291
293
294
295
296
301
302
305
306
309
310
314
315
316
317
318
319
325
326
327
328
329
330
331
334
335
336
337
338
339
340
341
342
343
344
345
347
348
349
350
351
352
353
354
355
356
358
359
360
361
357
362
363
366
367
368
369
370
371
372
373
374
375
376
377
379
380
381
382
383
510
515
516
518
511
519
520
521
522
523
524
525
526
527
540
543
547
548
550
551
552
553
554
555
556
557
558
559
580
581
582
592
595
599
613
612
614
617
619
620
624
627
631
632
633
635
636
637
640
642
643
646
672
674
675
678
705
706
707
179
182
179
182
215
199
202
210
213
231
234
272
304
311
312
313
320
321
322
323
324
247
260
292
311
312
313
320
321
322
323
324
271
303
346
378
384
387
388
390
391
392
395
396
403
404
407
408
415
416
419
420
427
428
431
432
439
440
443
444
506
507
508
534
671
566
703
578
593
596
597
606
607
609
610
625
628
629
634
638
639
641
644
645
647
648
215
651
652
247
292
656
657
660
661
668
673
676
677
679
680
683
684
688
689
692
693
700
708
709
727
728
729
730
731
509
512
536
671
544
568
594
598
626
630
703
710
242
710
245
16
164
220
223
274
277
278
279
280
281
282
283
284
285
286
287
288
289
406
411
412
414
435
436
438
446
447
450
513
514
517
535
537
538
539
541
542
545
546
549
567
569
570
571
572
573
574
575
576
577
579
583
584
585
587
588
591
600
601
602
603
604
605
608
611
615
616
623
653
685
7
704
528
402
529
533
561
560
532
564
565
669
670
701
702
649
662
663
664
665
666
667
670
681
702
0
1
11
5
4
15
17
18
20
19
23
24
32
33
36
39
40
42
37
43
47
50
49
51
52
55
69
70
72
73
102
101
105
104
137
140
139
135
141
144
132
145
143
147
154
157
142
156
155
146
148
158
159
167
174
178
219
252
255
251
256
257
618
711
712
713
715
714
716
719
717
718
726
252
8
10
478
479
477
3
6
12
13
14
22
30
31
35
38
44
45
46
48
54
62
63
65
66
67
78
79
80
81
82
84
85
86
92
93
94
97
98
99
110
111
112
113
114
116
117
124
125
126
128
129
133
134
160
161
165
166
475
476
474
586
589
590
720
721
722
723
724
725
399
400
394
426
457
458
461
462
463
464
465
466
469
470
489
490
493
494
495
496
497
498
501
502
650
654
655
659
682
686
687
691
423
424
422
698
699
694
695
697
696
198
205
230
237
455
130
162
452
456
467
460
472
480
484
473
481
487
488
499
504
505
492
456
459
487
488
491
694
695
696
697
56
429
151
152
109
77
468
434
500
451
483
118
150
153
149
268
364
563
430
41
100
307
365
192
300
690
333
299
170
530
192
300
224
393
658
417
332
168
224
307
442
308
332
531
168
405
562
418
267
