6151
6152
6154
6155
6156
6158
6159
6160
6161
6169
6170
6171
6172
6175
6183
6184
6186
6187
6188
6190
6191
6192
6193
6201
6202
6203
6204
6207
6208
6151
6152
6154
6155
6156
6158
6159
6160
6161
6169
6170
6171
6172
6175
6183
6184
6186
6187
6188
6190
6191
6192
6193
6202
6203
6204
2
3
7
8
11
12
13
16
17
26
29
30
34
35
39
40
43
44
45
48
49
58
61
62
65
66
67
70
71
80
83
84
89
92
93
94
97
98
99
102
103
112
115
116
121
124
125
126
138
139
140
141
142
143
144
146
147
148
150
151
152
153
156
158
159
160
161
164
165
166
167
168
169
170
171
172
173
174
175
176
178
179
180
182
183
184
185
186
188
189
190
191
192
193
194
195
196
197
198
201
202
203
204
207
210
211
215
218
219
223
224
269
270
271
272
273
274
276
277
278
279
275
280
281
285
286
289
301
302
304
303
305
306
309
310
311
312
313
307
308
317
318
398
397
402
400
404
405
426
429
430
432
434
436
437
448
449
450
451
452
453
454
455
456
459
460
461
462
465
468
469
472
473
474
476
477
478
479
481
480
482
483
484
485
486
487
488
491
492
493
494
497
500
501
504
505
506
508
509
511
510
514
512
513
516
518
519
517
521
520
522
523
524
526
525
527
528
531
532
533
534
535
536
537
538
539
541
540
542
543
544
545
546
548
549
550
551
553
554
552
555
556
557
558
559
560
563
564
565
566
567
568
569
570
571
572
573
574
575
576
577
578
579
580
581
582
583
584
585
586
587
588
590
589
591
592
593
594
595
596
597
598
615
616
617
618
619
620
621
622
623
624
625
626
628
627
629
630
631
632
633
634
635
128
129
132
133
134
135
136
137
636
637
639
640
641
644
642
643
646
645
647
648
649
651
652
653
654
656
657
658
660
662
663
664
154
157
665
666
667
668
669
670
671
672
673
674
675
676
677
678
679
680
681
683
684
685
686
688
689
690
692
695
694
696
697
698
699
700
701
703
702
268
287
300
319
320
322
323
324
325
333
408
440
858
859
860
861
890
891
892
893
923
924
925
926
955
956
957
958
991
1059
1061
1062
1063
1060
1064
1065
1066
1069
1070
1071
1836
1837
1838
1841
1844
1845
705
1851
726
737
1858
1870
1871
1874
1877
1879
832
835
836
1882
1883
1884
1885
856
863
864
867
868
895
1890
1902
1903
1906
1909
1911
1914
1915
1916
1917
1920
1921
1922
1924
960
961
962
963
964
965
988
989
1927
1930
992
993
994
995
996
997
999
1005
1007
1008
1009
1940
1941
1942
1947
1948
1952
1953
1954
1956
1959
1962
1972
1973
1974
1979
1980
1848
1856
1859
1860
2057
1886
1887
1888
2073
2074
2077
2078
1891
1892
2500
2497
2501
2924
2926
2927
2930
2931
2934
2939
2940
2942
2944
2945
2946
2948
2949
2958
2959
2960
2961
2962
2974
2976
2977
2978
2980
2981
2989
2990
1918
1919
2991
2992
2993
2994
3006
3008
3011
3012
3097
3098
3101
3102
3183
3184
3187
3188
3190
3191
3194
3195
3196
3197
3198
3199
1943
1944
1945
1946
3204
3206
3207
3211
3213
3214
3215
1975
1976
1977
1978
1986
3217
3218
3219
3220
3221
3222
3223
3224
3225
3228
3229
3230
3231
3236
3238
3239
3243
3245
3246
3247
3249
3250
3251
3252
3253
3254
3255
2018
3256
3257
3260
3261
3262
3263
3266
3267
3268
3354
3355
3356
3357
3358
3359
3366
3367
3368
3369
3370
3371
3372
3373
3375
3376
3377
3379
3381
3382
3383
3384
3386
3387
3388
3389
3390
3391
3393
3397
3399
3400
3401
3398
3402
3403
3404
3405
3406
3407
3408
3410
3411
3414
3417
2943
3420
2957
3423
3425
3429
3430
3431
3432
3433
3434
3435
3436
3437
3438
3439
3440
3442
3443
3446
3449
3452
3455
3460
3461
3464
3465
3189
3200
3201
3203
3205
3208
3210
3212
3216
3481
3482
3483
3484
3232
3233
3235
3487
3237
3240
3242
3244
3248
3492
3493
3496
3497
3551
3552
3553
3554
3555
3556
3557
3558
3559
3560
3561
3562
3563
3564
3565
3566
3567
3568
3569
3570
3571
3574
3577
3580
3392
3583
3584
3585
3586
3394
3395
3588
3590
3592
3593
3594
3595
3596
3599
3602
3603
3604
3605
3608
3609
3618
3620
3621
3622
3624
3625
3409
3413
3415
3626
3645
3648
3651
3418
3650
3653
3654
3656
3657
3660
3661
3662
3419
3663
3666
3667
3668
3669
3671
3672
3675
3422
3424
3426
3427
3676
3677
3678
3679
3680
3683
3685
3686
3682
3688
3707
3708
3709
3710
3711
3712
3714
3715
3716
3718
3719
3720
3721
3723
3724
3725
3730
3731
3441
3734
3735
3445
3447
3762
3763
3766
3767
3781
3783
3784
3785
3788
3789
3793
3794
3450
3451
3454
3799
3807
3816
3817
3820
3821
3839
3840
3846
3847
3848
3849
3850
3852
3853
3843
3854
3855
3856
3858
3859
3878
3879
3880
3881
3882
3884
3885
3886
3887
3888
3890
3891
3892
3893
3896
3899
3900
3901
3902
3904
3906
3907
3909
3911
3912
3913
3914
3915
3916
3917
3918
3919
3921
3905
3928
3931
3932
3933
3936
3938
3939
3941
3943
3944
3945
3946
3947
3948
3949
3908
3950
3951
3953
3924
3927
3960
3934
3963
3964
3965
3975
3977
3978
3979
3980
3940
3937
3981
3982
3935
3983
3984
3985
3987
3990
4007
4009
4010
4011
4012
4013
3959
4014
4015
4016
4017
4019
4022
4025
4026
4027
4029
4031
4032
4033
4034
3956
4035
4036
4037
3966
3967
4055
4058
4059
4087
4090
4091
3589
4096
4097
4098
4101
4102
4103
4104
4105
4107
4108
4109
4113
4114
4115
4116
4117
4120
4121
4122
4123
4124
4127
4128
4129
4130
4133
4134
4135
4136
4137
4139
4140
4141
4145
4146
4147
4148
4149
4152
4153
4154
4155
4156
4159
4160
4161
4164
4167
4168
4170
4171
4190
4191
4192
4193
4196
4199
4200
4202
4203
4204
4207
4208
4209
4212
4213
4216
4219
4222
4223
4224
4225
4226
4229
4236
4239
4242
4243
4248
4249
4250
4251
4254
4255
4256
4257
4258
4261
4268
4271
4274
4275
4280
4281
4282
4283
4286
4287
4288
4289
4290
4291
4292
4297
4298
4301
4304
4309
4312
4313
4329
4330
4333
4336
4341
4344
4345
4352
3920
4355
4356
3923
3925
3926
3929
3930
4357
4358
4360
4361
4362
4363
4364
4365
4367
4366
4368
4369
4372
4370
4371
4373
4374
4375
4376
4378
4379
4383
4384
3952
3955
3957
3958
4387
4388
3961
4389
4390
4392
3962
4393
4394
4395
4396
4399
4401
4397
4398
4400
4404
4405
4406
4407
4402
4403
4408
4410
4411
4428
4429
4430
4431
4432
4434
4435
4436
4437
4438
4439
4440
4441
4443
4444
4442
4445
4446
4447
4448
4449
4450
4451
4452
4453
4454
4457
4458
4459
4460
4461
4462
4463
4464
4466
4467
4468
4469
4470
4471
4472
4473
4475
4476
4477
4478
4474
4479
4480
4482
4483
4484
4485
4486
4487
4488
4489
4491
4494
4495
4501
4500
4502
4503
4506
4507
4481
4508
4509
4512
4514
4515
4516
4517
4518
4519
4520
4521
4523
4526
4527
4532
4533
4534
4535
4538
4539
4540
4541
4513
4544
4545
4546
4547
4548
4549
4552
4555
4556
4558
4559
4560
4561
4567
4573
4574
4575
4576
4577
4578
4579
4580
4581
4584
4587
4588
4590
4591
4592
4593
4599
4605
4606
4607
4608
4610
4611
4612
4613
4614
4615
4616
4617
4618
4619
4621
4622
4623
4625
4626
4627
4628
4624
4631
4632
4633
4635
4636
4637
4638
4639
4640
4641
4642
4643
4644
4645
4646
4647
4648
4649
4650
4669
4670
4671
4672
4673
4674
4675
4677
4678
4679
4680
4683
4688
4690
4691
4693
4694
4695
4701
4702
4703
4704
4705
4706
4707
4709
4710
4711
4712
4715
4720
4722
4723
4725
4726
4727
4733
4734
4735
4737
4738
4739
4740
4741
4743
4744
4745
4747
4748
4749
4750
4751
4752
4753
4754
4755
4756
4757
4758
4769
4770
4771
4772
4773
4775
4776
4777
4779
4780
4781
4782
4783
4784
4785
4786
4787
4788
4789
4805
4806
4807
4808
4875
4876
4877
4891
4894
4895
5012
5014
5013
5015
5016
5017
5020
5021
5022
5023
5027
5028
5033
5034
5035
5036
5039
5040
5041
5042
5043
5044
5045
5046
5047
5048
5049
5052
5053
5054
5055
5059
5060
5062
5063
5068
5069
5072
5091
5092
5094
5095
5100
5101
5104
5120
5122
5123
5125
5126
5127
5128
5133
5134
5135
5136
5137
5138
5140
5142
5143
5144
5146
5147
5148
5149
5150
5151
5152
5154
5155
5157
5158
5159
5160
5161
5162
5163
5164
5165
5166
5167
5168
5169
5170
5172
5174
5175
5176
5178
5179
5180
5181
5183
5182
5184
5185
5186
5187
5188
5189
5190
5191
5192
5193
5207
5210
5213
5214
5215
5216
5217
5218
5219
5220
5221
5222
5223
4609
5239
5242
5245
5246
5247
5248
5250
5251
5253
5256
5257
5260
5261
5262
5263
5264
5275
5276
5279
5280
5282
5283
5285
5288
5289
5292
5293
5294
5295
5296
5307
4696
5308
5311
5315
5316
5317
5318
5319
5320
5321
5322
5324
5325
5326
5328
5329
5330
5331
5333
4728
5336
5337
5338
5347
5348
5349
4742
5350
5351
5352
5353
5354
5356
5357
5358
5360
5361
5362
5363
4759
4760
4761
4762
5365
5368
5369
4774
5370
5376
5377
5378
5379
5382
5383
5384
5385
5389
5390
5450
5453
5456
5460
5451
5452
5454
5457
5458
5459
5461
5462
5463
5464
5465
5466
5467
5468
5469
5470
5471
5472
5473
5474
5475
5476
5479
5482
5485
5477
5478
5480
5483
5484
5488
5486
5489
5490
5491
5492
5493
5494
5495
5496
5497
5498
5499
5500
5501
5502
5503
5506
5507
5508
282
314
332
401
407
433
439
466
498
561
661
693
998
1002
3202
3234
3374
529
5117
5121
5139
5141
5153
5171
5173
5252
5254
5284
5286
5085
659
691
2933
2936
3040
3043
3044
130
162
5098
5066
6174
6176
6177
6178
6179
6180
6181
6182
6185
6189
6194
530
562
321
1019
1023
1027
1028
1029
1030
1031
1032
1033
1034
1037
1038
1039
1046
1047
1839
1840
1842
1843
1878
1910
2053
2054
283
2950
2951
2952
2953
315
2954
2955
2956
403
406
410
411
412
414
415
2963
2964
2965
2966
435
438
442
443
444
2973
2982
2983
2984
2985
2986
2987
2988
2995
2996
2997
2998
446
447
3005
3010
3013
3014
3015
3016
3017
515
547
3018
3019
3020
3021
3022
3023
3024
3025
3026
3027
3028
3029
3035
3037
3038
3042
3045
3046
3047
3048
3049
3050
3051
3052
3053
3054
3055
3056
3057
3058
3059
3060
3061
3067
3069
3070
3073
3084
3085
3086
3090
3091
3094
3096
3099
3100
3103
3105
3113
3116
3117
3118
3122
3123
3126
3128
3131
3132
3135
3136
3137
3139
3140
3141
3142
3143
3144
3146
3147
3148
3150
3151
3152
3154
3155
3156
3158
3160
3161
3162
3163
3164
3165
3166
3167
3168
3169
855
3172
3173
3174
3175
3176
3178
3179
3180
3182
3186
3192
3193
3209
3227
3241
3259
1020
1021
1050
1053
2947
2975
2979
3007
3009
3041
3081
5071
5073
5074
5075
5076
5078
5079
5080
5082
5083
5084
5087
5103
5105
3157
3159
5106
5107
5108
5110
5111
5112
5114
5115
5116
5119
3171
5266
5267
5268
5269
5270
5271
5298
5299
5300
5301
5302
5303
155
187
0
1
4
5
6
9
10
15
31
33
37
36
32
41
38
42
47
63
64
69
85
87
88
90
91
96
101
117
119
120
122
123
145
177
427
650
655
682
687
725
757
1000
1003
1004
1006
1010
1073
1074
1075
1076
1083
1086
1088
1087
1089
1091
1090
1092
1093
1094
1095
1096
1097
1098
1099
1100
1101
1102
1103
1104
1105
1108
1109
1110
1111
1112
1115
1116
1117
1118
1120
1121
1123
1119
1122
1125
1126
1124
1127
1128
1129
1131
1132
1133
1130
1135
1136
1134
1137
1140
1141
1142
1143
1144
1147
1148
1149
1150
1151
1153
1154
1160
1159
1158
1157
1163
1165
1164
1161
1166
1167
1174
1175
1178
1176
1177
1181
1180
1182
1185
1183
1186
1192
1190
1189
1191
1194
1195
1196
1193
1197
1198
1199
1206
1208
1207
1209
1210
1213
1212
1214
1215
1216
1219
1217
1218
1220
1221
1222
1223
1226
1230
1229
1224
1228
1225
1231
1227
1236
1232
1233
1234
1235
1237
1238
1239
1240
1241
1242
1245
1246
1243
1244
1248
1251
1249
1250
1252
1247
1253
1254
1255
1261
1257
1259
1262
1256
1258
1260
1265
1263
1264
1267
1269
1266
1268
1272
1270
1271
1277
1273
1275
1274
1276
1278
1279
1285
1288
1286
1289
1280
1283
1282
1284
1287
1296
1290
1291
1293
1292
1295
1294
1298
1299
1297
1301
1302
1300
1308
1304
1305
1306
1307
1309
1310
1311
1317
1318
1312
1315
1314
1320
1316
1319
1321
1323
1328
1324
1322
1325
1326
1327
1329
1330
1331
1332
1334
1333
1336
1338
1337
1339
1340
1341
1342
1347
1343
1344
1345
1346
1349
1348
1350
1352
1354
1351
1355
1353
1357
1356
1359
1360
1361
1364
1366
1362
1363
1365
1367
1368
1369
1370
1371
1372
1373
1374
1375
1376
1377
1379
1378
1380
1386
1381
1387
1382
1383
1384
1385
1390
1388
1389
1391
1392
1393
1396
1394
1395
1397
1399
1398
1400
1401
1402
1403
1404
1405
1406
1407
1413
1416
1445
1448
1472
1473
1474
1476
1484
1477
1480
1481
1487
1493
1494
1495
1496
1498
1497
1500
1501
1502
1503
1504
1505
1506
1508
1509
1512
1516
1519
1513
921
1525
1526
1527
1528
1529
1530
1532
1533
1534
1535
1536
1537
1538
1540
1539
1542
1541
953
1001
1548
1549
1543
1544
1553
1547
1554
1545
1546
1555
1552
1550
1551
1556
1557
1560
1561
1558
1563
1564
1077
1078
1079
1082
1565
1566
1567
1568
1569
1570
1571
1572
1573
1574
1575
1576
1580
1581
1577
1585
1579
1578
1586
1582
1584
1587
1583
1588
1590
1592
1589
1593
1595
1596
1597
1598
1599
1600
1601
1603
1602
1605
1606
1609
1604
1607
1610
1608
1612
1614
1615
1616
1613
1617
1619
1622
1618
1620
1621
1623
1626
1625
1627
1629
1624
1628
1631
1634
1152
1155
1156
1632
1633
1630
1637
1638
1636
1635
1641
1162
1640
1639
1644
1646
1647
1648
1642
1645
1649
1650
1651
1652
1653
1656
1657
1179
1654
1655
1658
1662
1666
1184
1187
1188
1659
1661
1665
1660
1663
1664
1667
1668
1669
1670
1671
1672
1674
1676
1677
1678
1679
1680
1681
1682
1683
1211
1685
1687
1686
1689
1688
1691
1690
1692
1694
1695
1693
1696
1698
1699
1700
1701
1702
1697
1703
1704
1706
1708
1709
1710
1711
1712
1713
1714
1715
1719
1717
1718
1720
1721
1722
1723
1724
1725
1728
1727
1726
1729
1730
1731
1732
1743
1744
1745
1746
1747
1748
1749
1750
1751
1752
1753
1754
1755
1756
1757
1758
1759
1761
1762
1760
1764
1763
1775
1777
1778
1776
1779
1781
1782
1784
1785
1786
1787
1780
1783
1788
1789
1790
1793
1791
1792
1794
1795
1796
1797
1798
1799
1800
1801
1802
1803
1804
1805
1806
1809
1808
1807
1810
1811
1812
1813
1816
1814
1815
1818
1817
1819
1820
1823
1825
1824
1847
1846
1850
1849
1852
1855
1862
1861
1867
1864
1358
1869
1868
1872
1873
1875
1876
1881
1893
1894
1896
1899
1901
1904
1900
1925
1905
1913
1907
1908
1923
1926
1929
1933
1932
1931
1934
1936
1935
1939
1949
1950
1951
1957
1958
1964
1961
1955
1963
1965
1966
1967
1968
1971
1981
1989
1987
1988
1982
1984
1983
1990
1992
1991
1998
1999
2003
2005
2008
2006
2004
2007
2009
2015
2016
2019
2021
2020
2023
2022
2024
2035
2030
2031
2037
2036
2038
2039
2040
2041
2047
2049
2051
2048
2050
2055
2052
2056
2061
2059
2060
2058
2062
2063
2065
2068
2070
2064
2069
2071
2066
2067
2072
2075
2076
2079
2080
2081
2083
2089
2082
2084
2085
2086
2087
2088
2091
2090
2092
2094
2095
2096
2093
2097
2098
2099
2100
2101
2102
2103
2104
2105
2106
2107
2108
2109
2110
2111
2112
2113
2115
2125
2126
2119
2124
2123
2120
1562
2129
2130
2132
2131
2133
2134
2135
2136
2137
2138
2139
2141
2142
2143
2144
2145
2147
2151
2152
1594
2163
2155
2162
2161
2158
2156
2157
2164
2165
2167
2166
2168
2169
2170
2171
2173
2174
2175
2176
2177
2178
2179
2180
2181
2182
2184
2186
2185
2187
2188
2190
2189
2191
2192
2194
2195
2199
2196
2197
2193
2198
2200
2201
2202
2203
2206
2205
2204
2208
2207
2209
2210
2211
2212
2213
2214
2215
2216
2217
2218
2220
2219
2221
2222
2223
2225
2226
2224
2234
2238
2235
2232
2228
2227
2237
2236
2233
2229
2231
2230
2239
2240
2241
2246
2245
2247
2249
2250
2259
2262
2267
2263
2264
2268
2272
2273
1733
1734
1735
1736
2294
2295
2296
2300
2299
2321
2322
2348
1765
1766
1767
1768
2350
2373
2376
2377
2379
2380
2378
2375
2372
2351
2374
2354
2353
2381
2382
2383
2384
2385
2386
2387
2388
2389
2390
2391
2392
2399
2400
2401
2402
2403
2404
2405
2408
2407
2409
2411
2406
2412
2410
2413
2414
2415
2417
2418
2419
2420
2423
2427
2424
2421
2416
2422
2426
2428
2430
2431
2434
2438
2439
2437
2435
2440
2442
2443
2444
2447
2448
2449
2451
2450
2452
2453
2455
2456
2457
2460
2461
2463
2466
2469
2467
2470
2471
2472
2474
2475
2476
2479
2480
2481
2484
2483
2482
2485
2487
2488
2489
2492
2493
2495
2496
2498
2499
2502
2503
2505
2506
2507
2509
2510
2512
2513
2514
2515
2516
2517
2518
2519
2520
2521
2526
2527
2528
2530
2531
2532
2533
2534
2535
2537
2538
2539
2542
2541
2544
2545
2546
2547
2548
2549
2550
2551
2552
2524
2553
2558
2560
2529
2559
2561
2562
2563
2564
2565
2566
2567
2571
2575
2581
2582
2583
2585
2586
2183
2592
2591
2594
2596
2593
2597
2595
2599
2598
2607
2603
2614
2613
2523
2615
2617
2618
2623
2432
2627
2433
2436
2445
2446
2454
2458
2459
2462
2464
2465
2468
2477
2478
2486
2490
2491
2494
2629
2630
2504
2511
2640
2642
2643
2644
2645
2522
2525
2647
2646
2649
2650
2651
2556
2653
2536
2654
2655
2659
2543
2661
2662
2554
2555
2672
2675
2674
2676
2557
2678
2679
2677
2682
2681
2683
2568
2569
2570
2572
2573
2574
2576
2577
2578
2579
2580
2584
2587
2588
2589
2590
2600
2601
2687
2689
2688
2685
2686
2602
2604
2605
2606
2608
2609
2610
2611
2612
2691
2690
2698
2692
2696
2697
2695
2616
2619
2620
2621
2622
2624
2625
2626
2938
2628
3072
3074
2632
2633
2634
3077
3078
3079
3083
3087
3088
3082
3089
2636
2637
2638
2639
3104
3106
3109
3110
3111
3114
3115
3119
3120
3121
2641
3129
3130
3133
3134
3149
3181
3286
2656
2657
2658
3298
3299
3300
3337
3338
3339
3340
3341
3344
3343
3345
2660
3342
3346
3347
3348
3349
3350
3351
3352
3361
3364
3365
3378
3380
2668
2669
2670
2671
2673
3573
3575
3576
3578
3581
3582
3587
3591
3610
3612
3613
3614
3615
3616
3617
3619
3623
3644
3646
3647
3670
3727
3728
3738
3739
3741
3744
3746
3747
3748
3742
3743
3750
3751
3752
3753
3755
3756
3757
3759
3760
3770
3771
3773
3774
3775
3776
3777
3778
3779
3780
3782
3786
3787
3791
3792
3804
3806
3808
3809
3810
3811
3812
3813
3814
3815
3818
3823
3836
3819
3824
3838
3845
3851
3857
3877
3883
3889
3894
3897
3898
3910
3942
4205
3287
4892
5057
3360
5089
5273
5305
5323
5355
4889
6205
6206
6209
6146
6147
6148
6149
6150
6153
6157
6162
6163
6164
6165
6166
6167
6168
6173
6195
6196
6197
6198
2925
2928
2929
2932
2935
3185
3922
5058
5061
5065
5067
5070
5090
5093
5097
5099
5102
5274
5277
5278
5306
5309
5310
2941
3649
3652
3655
3658
3659
3665
3674
3681
3684
3687
3726
20
21
22
23
24
25
28
52
53
54
55
56
57
60
326
327
328
330
331
342
347
349
350
351
358
359
360
362
363
374
379
381
382
383
384
386
387
391
392
393
394
395
396
416
418
419
423
424
425
428
1985
1993
1994
2017
2025
2026
2441
2473
2718
2719
2721
2722
2868
2869
2871
2872
3271
3274
3277
3278
3279
3280
3281
3282
3283
3284
3285
3330
3353
3362
3363
3385
3758
131
163
341
354
355
356
357
365
4126
4158
373
4252
4284
4293
4294
4295
4296
4299
4300
4303
4305
4306
4328
4331
4332
4335
4337
4338
4346
4347
4348
4349
4350
4351
4353
4354
4377
4380
4381
4382
4385
4386
4409
758
4496
4497
4498
4499
4510
4511
4528
774
4529
4530
4531
4542
4543
4557
4562
4563
4564
4565
4566
4589
4594
4595
4596
4597
4598
4620
4630
4634
4682
4687
4700
4714
4719
4732
4746
4763
4764
4765
4766
4767
4778
4790
4795
4796
4797
4798
4799
4801
4800
4802
5032
5505
704
706
707
708
709
710
713
711
718
714
715
716
720
722
723
727
728
729
730
732
733
734
735
736
738
739
743
741
740
742
745
746
747
748
752
750
754
759
755
760
761
762
764
766
767
765
4359
768
769
770
773
780
4391
801
800
802
4550
4554
805
812
4572
4582
4586
4604
4629
4791
4792
4793
4794
5504
806
5204
5205
5206
5208
5209
5211
5212
5238
5240
5241
5243
5244
5249
5255
5258
5259
5265
5272
5281
5287
5290
731
763
364
784
785
352
816
817
2002
2010
2013
2014
2034
2042
2045
2046
2699
2700
2937
4038
4039
343
375
721
724
753
756
2701
2704
2707
2708
2709
2710
2711
2712
2713
2714
2715
2716
2717
2720
2725
2726
2727
2728
2729
2730
2753
2754
2761
2764
2766
2767
2769
2770
2774
2776
2777
2778
2779
2780
2781
2782
2783
2785
2786
2793
2796
2798
2799
2801
2802
2806
2808
2809
2810
2811
2812
2813
2814
2815
2816
2817
2818
2819
2822
2823
2824
2826
2827
2829
2830
2835
2836
2839
2840
2841
2807
2763
2768
2846
2848
2849
2850
2772
2762
2775
2851
2854
2855
2856
2858
2859
2861
2862
2804
2867
2773
2795
2873
2878
2880
2800
2881
2883
2884
2886
2887
2888
2889
2890
2891
2892
2893
2894
2895
2896
2897
2794
2898
2899
2900
2902
2904
2805
2905
2906
2907
2908
2909
2910
2912
2913
2915
2916
2918
2919
2920
2921
2922
2923
3270
2844
2843
2874
2834
2825
2838
3745
2875
3754
2842
2866
2857
3831
2863
3954
2831
2876
2870
4057
4089
4093
4094
4106
4110
4118
4119
2755
4138
4150
4151
2845
2784
2787
2828
2860
2820
2821
2832
2877
2847
2852
2853
2864
2879
2885
2911
2917
3825
3826
4092
4095
4111
4112
792
782
789
794
793
797
796
795
798
799
803
804
807
814
821
824
829
826
830
825
828
827
838
831
841
846
842
834
844
843
849
845
840
839
837
833
847
851
854
848
850
857
870
852
869
865
853
866
873
876
880
875
874
877
879
871
872
882
886
878
884
885
881
883
889
990
2000
2032
3412
3444
3448
3416
3467
3456
3462
3466
3468
3458
3463
3471
3475
3472
3469
3470
3476
3478
3490
3488
3495
3494
3486
3501
3503
3502
3531
3530
3508
3533
3498
3500
3504
3527
3499
3535
3507
3529
3536
3532
3537
3528
3534
3538
3542
3539
3545
3548
3549
3976
4008
4040
4044
4045
4047
4050
4041
4048
4051
4054
4053
4065
4061
4060
4082
4083
4085
4086
4906
4923
4926
4927
4928
4924
4931
4932
4938
4934
4948
4941
4937
4951
4958
4960
4963
4966
4959
4964
4970
4973
4969
4983
4980
887
888
4998
4995
4999
4992
4997
4990
4996
4991
5011
5010
5004
5001
5007
5003
5002
5008
5024
5009
5025
5031
1303
1335
6200
6199
6200
6199
6200
6199
6200
6199
6200
6199
6200
6199
6200
6199
3540
3541
3543
3544
3572
4064
4993
3030
3031
3032
3036
3039
3062
3063
3064
3068
3071
3075
3076
3092
3095
3107
3108
3124
3127
3138
3145
3153
3170
3177
3226
3258
3306
3318
3319
3332
3333
3335
3336
5056
5088
5304
3334
808
1821
1822
1853
1854
3547
3579
3969
3970
4042
4043
4070
4068
4069
4071
4072
4073
4074
4075
4076
4077
4079
4100
4132
4143
4907
4908
4909
5145
5177
5291
5314
5345
5346
5381
5387
5388
5393
5394
5399
5400
5401
5402
5403
5404
5406
5407
5408
5409
5410
5431
5432
5433
5434
5435
5436
5438
5439
5440
5441
5442
5443
5444
5447
5448
5449
5455
5481
5487
5445
5446
3546
3550
4063
4066
4067
1673
1675
1684
1705
1707
1716
5313
3080
3093
3112
3125
3265
3269
3272
3275
3276
3288
3289
3290
3291
3292
3297
3301
3308
3309
3307
3310
3311
3312
3313
3314
3315
3316
3317
3320
3321
3322
3323
3324
3329
3331
4052
4084
5000
5297
3328
862
894
896
898
899
900
901
903
904
906
909
902
905
907
908
910
911
912
913
914
915
916
917
918
920
919
928
922
932
930
933
931
934
935
936
937
938
939
940
941
942
943
944
945
946
947
948
949
950
951
952
954
968
972
970
974
971
978
981
1422
1423
1424
1425
1426
1427
1429
1430
1434
1437
1438
1439
1443
1444
1446
1447
1449
1450
1451
1452
1457
1458
1459
1453
1455
1461
1454
1456
1462
1460
1463
1464
1465
897
927
929
959
966
967
969
973
975
976
977
982
983
984
985
986
987
1466
1469
1470
1471
1475
1478
1479
1482
1483
1485
1486
1488
1489
1490
1491
1492
1499
1507
1510
1511
1514
1515
1517
1518
1520
1521
1522
1523
1524
1531
5077
5081
5086
5109
5113
5118
335
340
367
353
372
2279
2278
2281
2277
2282
2291
2316
2319
2318
2758
2759
2760
2771
2790
2791
2792
2803
2837
2833
2865
3713
3722
3729
3761
4056
4088
4099
4131
2368
2369
2370
2371
2901
5129
5130
5131
1559
1591
5132
4888
4890
4893
5018
5019
5026
5037
5038
5050
5051
5064
5096
5124
2723
2724
3968
3972
3973
3974
3989
3991
3992
3993
3994
3995
3998
3999
4000
4001
4002
4004
4005
4006
4021
4023
4024
4030
5509
5510
5511
5514
5515
5516
5517
5518
5519
5520
5521
5523
5526
5527
5528
5529
5530
5531
5532
5533
5534
5535
5537
5538
5539
5540
5541
5542
5543
5546
5547
5548
5549
5550
5551
5552
5553
5554
5555
5556
5557
5558
5559
5560
5561
5562
5563
5564
5565
5566
5567
5568
5569
5570
5571
5573
5574
5575
5577
5580
5587
5589
5590
5593
5594
5595
5596
5597
5598
5600
5601
5602
5603
5605
5606
5607
5609
5612
5619
5576
5621
5622
5625
5626
5627
5628
5629
5640
5642
5643
5644
5645
5646
5647
5648
5650
5651
5652
5653
5654
5655
5656
5657
5658
5659
5660
5608
5661
5662
5663
5665
5666
5674
5675
5676
5677
5678
5679
5680
5682
5683
5684
5685
5686
5687
5688
5689
5690
5691
5692
5693
5694
5695
5696
5697
5698
5701
5702
5703
5704
5707
5708
5709
5739
5740
5741
5742
5743
5745
5746
5744
5749
5750
5753
5752
5754
5758
5759
5761
5755
5756
5757
5760
5762
5763
5764
5765
5766
5767
5768
5769
5770
5771
5772
5773
5774
5775
5776
5777
5778
5779
5780
5781
5782
5783
5784
5785
5786
5787
5788
5789
5790
5791
5793
5794
5792
5795
5796
5797
5798
5799
5800
5801
5802
5803
5804
5805
5806
5807
5808
5809
5810
5811
5812
5813
5814
5815
5816
5817
5818
5819
5820
5821
5822
5823
5824
5827
5828
5829
5830
5832
5831
5833
5834
5835
5836
5837
5838
5839
5846
5847
5848
5849
5850
5851
5852
5853
5854
5855
5856
5857
5858
5859
5860
5861
5862
5864
5863
5865
5866
5867
5868
5869
5870
5871
5878
5879
5880
5881
5882
5883
5884
5885
5886
5887
5888
5889
5890
5891
5892
5893
5894
5895
5896
5897
5898
5899
5900
5901
5902
5903
5904
5905
5906
5907
5908
5909
5910
5911
5912
5914
5915
5920
5967
5968
5970
5971
5972
5973
5974
5975
5976
5977
5978
5979
5980
5981
5982
5983
5987
5989
5992
5988
5993
5995
5996
5998
6002
6003
6004
6005
5999
6000
6006
6007
6008
6009
6010
6011
6012
6013
6014
6015
6020
6016
6017
6018
6019
6021
6024
6025
6022
6026
6028
6027
6029
6039
6040
6041
6043
6044
6047
6046
6048
6049
6050
6051
6052
6056
6057
6053
6054
6058
6060
6059
6061
6071
6072
6073
6075
6076
6079
6080
6081
6078
6084
6085
6086
6089
6090
6093
6094
6096
6097
6098
6099
6100
6101
6102
6103
6104
2693
2694
2765
2797
6112
6113
6116
6117
6118
6121
6122
6125
6126
6127
6128
6129
6130
6131
6132
6133
3997
4142
4144
5522
5524
5525
5572
5578
5588
5604
5610
5620
3033
3065
775
772
771
3326
3302
3327
4062
4921
334
338
339
366
370
371
399
431
1054
1085
1041
1043
1042
1044
1055
3264
3273
3293
3294
3295
3296
3305
3264
3273
3293
3294
3295
3296
3305
3325
1045
1051
208
209
329
336
458
467
463
471
344
348
369
361
368
337
345
376
346
377
380
388
389
390
378
385
420
490
495
499
503
599
600
601
602
610
417
422
421
464
475
470
608
612
613
638
502
603
507
605
604
607
609
611
614
744
712
776
606
1012
1013
1022
1024
1114
1016
1025
1026
1035
1048
1146
1068
1067
1052
1040
1036
1056
1049
1057
1058
1072
1080
1084
1106
1081
1281
1313
1138
1417
1409
1408
1412
1415
1414
1410
1411
1418
1420
1419
1431
1421
1428
1433
1432
1435
1440
1442
1441
1467
1830
1833
1827
1826
1829
1831
1828
1832
1835
1834
2253
2256
2242
2243
2244
2285
2288
2251
2248
2255
2252
2254
2258
2265
2257
2261
2266
2260
2270
2269
2276
2275
2280
2284
2271
2287
2286
2290
2274
2289
2292
2297
2293
2298
2304
2283
2301
2302
2305
2303
2306
2308
2309
2307
2310
2311
2315
2313
2326
2320
2328
2314
2333
2334
2327
2331
2336
2317
2329
2325
2323
2330
2332
2340
2338
2324
2339
2337
2341
2335
2347
2349
2342
2355
2343
2352
2356
2358
2359
2345
2357
2346
2363
2364
2362
2361
2360
2367
2366
2365
2508
2540
2631
2648
2635
2652
2663
2667
2680
2684
2757
2756
2788
2789
2903
3506
3303
3480
3479
3485
3597
3600
3607
3601
3611
3629
3628
3522
3510
3513
3509
3511
3632
3516
3633
3514
3520
3477
3512
3635
3639
3517
3526
3525
3524
3523
3521
3643
3689
3692
3693
3636
3515
3642
3694
3519
3695
3698
3699
3700
3701
3518
3631
3703
3704
3627
3598
3606
3640
3634
3630
3638
3637
3690
3790
3795
3796
3797
3798
3800
3801
3641
3673
3664
3802
3803
3805
3822
3827
3828
3697
3691
3696
3830
3832
3833
3829
3706
3834
3835
3837
3702
3842
3844
3736
3732
3717
3740
3705
3737
3764
3733
3862
3865
3765
3749
3769
3772
3768
3866
3871
3874
3876
3903
3986
4018
3872
3861
3860
3869
3870
3864
3868
3867
3863
3895
4080
4049
4081
4433
4465
149
181
200
205
4902
4905
4898
4903
4904
4936
4935
4955
496
4954
4967
4986
4968
4987
5224
5225
5195
5194
5196
5199
5201
5200
5197
5198
5203
5227
5229
5202
5231
5228
5232
5226
5234
5233
5236
5237
5392
5235
5230
5391
5512
5513
5544
5581
5583
5579
5585
5584
5591
5586
5592
5649
5681
5613
5582
5545
5614
5611
5623
5705
5700
5634
5633
5630
5624
5711
5713
5706
5712
5618
5617
5599
5616
5637
5641
5636
5632
5635
5664
5615
5639
5668
5710
5671
5631
5670
5672
5667
5669
5729
5699
5716
5732
5718
5638
5728
5737
5738
5730
5673
5715
5825
5733
5717
5719
5736
5826
5714
5731
5735
5721
5734
5751
5748
5722
5747
5725
5724
5913
5916
5985
5919
5986
5984
6031
6092
6065
6038
6088
6035
6062
6095
6070
6077
6074
6083
6030
6042
6034
6036
6087
6045
6037
6067
5997
6063
6064
6069
6032
6068
6115
6066
6091
6033
6119
6120
6123
6124
2664
2665
2666
5720
3474
3875
3971
4003
4899
5536
1139
5723
5726
5727
2114
2116
2117
2118
2122
2146
2148
2149
2150
2121
2154
2153
1107
4803
2140
2172
779
777
778
4729
2429
2398
2425
2394
2393
2396
2397
4418
4415
4416
4413
4417
4419
4414
4423
4420
4421
4424
4422
4456
4425
4426
4455
4427
5030
5029
5327
5334
5332
5359
5364
5366
5437
5405
14
18
19
27
46
50
51
59
68
72
73
74
75
76
77
78
79
81
82
86
95
100
104
105
106
107
108
109
110
111
113
114
118
127
199
206
212
213
214
216
217
220
221
222
284
288
290
291
292
293
294
295
296
297
298
299
316
409
413
441
445
457
489
717
719
749
751
781
783
786
787
788
790
791
815
818
819
820
822
823
1011
1014
1015
1017
1018
1857
1863
1865
1866
1880
1889
1895
1897
1898
1912
1928
1937
1938
1960
1969
1970
1995
1996
1997
2001
4184
4187
2011
2012
2027
2028
2029
2033
2043
2044
2395
2702
2703
2705
2706
2882
2914
2967
2968
2969
2970
2971
2972
2999
3000
3001
3002
3003
3004
3034
3066
3396
3421
3428
3453
3473
3489
3491
3841
3988
4020
4028
4046
4125
4157
4162
4163
4165
4166
4169
4172
4173
4174
4175
4176
4177
4178
4179
4180
4181
4182
4183
4185
4186
4188
4189
4194
4324
4195
4197
4198
4201
4206
4323
4210
4211
4214
4215
4217
4218
4220
4221
4227
4228
4230
4231
4232
4233
4234
4235
4237
4238
4240
4241
4244
4245
4246
4247
4253
4259
4651
4260
4262
4654
4656
4657
4658
4659
4660
4661
4662
4663
4664
4665
4263
4666
4264
4265
4266
4267
4269
4270
4272
4273
4276
4277
4278
4279
4285
4302
4307
4308
4310
4311
4314
4315
4316
4317
4318
4319
4320
4321
4322
4325
4326
4327
4334
4339
4340
4342
4343
4412
4490
4553
4570
4492
4493
4504
4505
4522
4524
4525
4536
4537
4551
4571
4568
4569
4835
4603
4583
4585
4602
4600
4601
4652
4653
4655
4667
4668
4676
4681
4684
4685
4686
4689
4692
4697
4698
4699
4708
4713
4716
4717
4718
4721
4724
4730
4731
4812
4736
4768
4804
4809
4810
4811
4815
4813
4814
4816
4817
4818
4819
4820
4821
4828
4822
4823
4824
4825
4826
4834
4827
4829
4830
4831
4832
4833
4836
4837
4838
4839
4840
4841
4842
4843
4844
4845
4846
4847
4848
4849
4850
4851
4852
4853
4854
4855
4856
4857
4858
4859
4860
4861
4862
4863
4864
4865
4866
4867
4868
4869
4870
4871
4872
4873
4874
4878
4879
4880
4881
4882
4883
4884
4885
4886
4887
4896
4897
4900
4901
4910
4911
4912
4913
4914
4915
4916
4917
4918
4919
4920
4922
4925
4929
4930
4933
5413
5419
5420
5424
4939
4940
4942
4943
4944
4945
4946
4947
4949
4950
4952
4953
4956
4957
4961
4962
4965
4971
5917
4972
4974
4975
5921
4976
4977
4978
5925
4979
5926
5927
4981
4982
4984
5930
4985
4988
4989
4994
5312
5934
5335
5339
5938
5340
5341
5939
5342
5343
5942
5344
5944
5943
5949
5367
5953
5371
5372
5954
5373
5374
5957
5375
5960
5380
5386
5965
5395
5396
5397
6105
5398
5411
6107
6108
5412
5414
6109
5415
6110
6111
5416
5417
6137
5418
6139
5421
6140
5422
6142
6141
6143
6144
6145
5423
5425
5426
5427
5428
5429
5430
5840
5841
5842
5843
5844
5845
5872
5873
5874
5875
5876
5877
5918
5922
5923
5924
5928
5929
5931
5932
5933
5935
5936
5937
5940
5941
5945
5946
5947
5948
5950
5951
5952
5955
5956
5958
5959
5961
5962
5963
5964
5966
6023
6055
6082
6106
6114
6134
6135
6136
6138
